600285.4
606788.6
550102.75
559541.1
537181.8
527009.5
543780.3
503594.56
519447.8
519872.6
525016.9
520661.88
543516.75
574653.2
537566.7
525390.5
522495.12
521811.25
542814.3
528309.56
528077.25
526927.6
530493.3
517094.62
559054.4
578418.94
581745.1
547053.06
542043.25
537475.5
550803.3
537950.5
543052.5
529271.06
537827.06
521548.03
566740.56
600315.44
552655.44
533115.06
544002.1
531864.4
534120.0
529101.5
533141.9
539930.94
541087.4
528569.94
581516.94
537975.6
545305.25
547035.5
538303.75
527996.7
546083.56
533923.5
559785.7
549005.1
541495.44
542830.8
646390.0
556764.94
576074.6
602012.5
555993.25
532273.75
553493.06
537653.4
550701.1
571765.2
572223.2
551129.8
604965.3
655283.3
598475.7
609524.75
596043.5
562674.8
576096.6
583948.25
578937.5
589540.1
583323.06
584179.75
637820.56
622768.0
640567.4
653995.44
631996.5
596240.3
621157.56
601422.25
626628.3
609049.8
610626.94
614372.06
652485.75
642266.94
666120.56
605025.7
603781.75
569822.94
600254.56
579083.5
591578.44
595716.9
606902.75
592104.4
638294.7
656528.44
634305.5
623991.56
608770.44
567928.3
595973.06
595425.94
590850.7
600181.0
605512.06
601618.06
655820.06
622672.44
638267.9
643292.75
613195.44
605882.9
635757.56
616528.94
629652.56
632676.3
625947.8
603762.7
656386.7
676541.56
659448.4
640160.3
647380.8
621591.9
640176.0
630629.7
631916.0
637675.3
633224.2
642052.94
681448.6
661495.75
670495.75
671865.9
695081.3
638460.56
664470.8
652222.94
661920.4
659413.8
657258.06
639418.4
690237.56
691635.8
722353.6
690249.0
670869.06
653018.94
675432.3
643071.0
681835.06
694460.75
680857.44
667428.25
710280.0
703332.7
729547.3
690581.1
700746.06
692980.3
698261.25
682170.9
681233.06
694779.3
676045.56
679479.94
709958.75
705365.06
753983.6
721786.75
703307.9
692252.44
703343.06
684611.6
708925.3
704003.06
668350.25
659281.4
696781.2
723872.06
717264.6
673547.1
663423.8
657685.1
672425.2
662796.5
654230.44
643682.94
642188.5
645934.2
688287.0
711168.75
715341.44
666754.9
673258.6
644754.56
678941.1
657212.06
661993.9
672765.2
653807.7
641948.56
679303.94
696108.06
714485.2
669964.6
662125.06
641010.2
678053.44
652447.56
664596.94
660374.06
654971.2
646257.6
674997.56
653402.0
697435.0
674287.0
641138.6
623293.25
659967.75
626412.94
632172.1
621175.7
612726.44
622222.7
668120.25
668526.5
690983.2
651632.94
633080.25
623771.56
640981.5
618690.44
628801.06
630138.56
625061.4
609275.8
652344.06
657151.06
680834.1
634085.56
631346.06
635388.5
653541.56
621561.06
618882.0
621490.44
617032.4
609017.9
651672.06
692888.75
644168.9
622958.75
615569.7
607047.0
625809.9
608532.5
625807.6
601830.25
608855.3
597427.4
633679.8
664093.1
622046.6
602682.9
578477.5
583299.7
605653.7
599471.06
614524.9
580590.8
578096.9
566186.5
641480.25
647318.44
634686.1
595128.5
598333.25
572260.8
593097.5
559679.06
556658.56
567603.06
562391.3
557649.2
593138.1
573068.3
588853.6
597713.44
599549.8
583525.25
592069.25
567490.56
571235.9
563581.44
560051.2
558320.75
598619.75
604335.44
600213.44
585668.6
579356.2
544535.9
575640.1
547168.56
551891.44
554613.56
547851.06
545311.44
579715.44
595047.5
599020.9
550973.75
548250.4
529609.25
553953.1
543714.3
546057.8
555259.75
559744.3
544916.0
590516.2
560662.75
559867.75
562860.06
552684.1
540627.1
574258.06
565002.56
578009.94
647639.44
561493.56
553134.4
599493.6
649809.3
638210.8
596705.56
597796.3
565090.2
578604.4
576428.6
568645.9
569972.2
565743.1
560251.2
614104.56
634354.2
625991.94
591583.25
583386.1
565057.06
566001.5
567852.25
577047.5
586461.94
577713.94
567918.75
643997.2
664231.8
619815.6
605423.94
616006.8
572944.44
608501.1
595348.75
614968.2
599961.0
590802.75
574356.06
650433.0
586338.9
586196.7
589123.2
573651.1
550799.75
583734.5
572021.7
567547.94
579121.7
582100.4
572257.8
613781.0
641735.0
619984.25
589659.3
590474.25
563528.75
577013.7
567997.56
588429.06
580123.5
576897.8
572891.2
651962.94
663701.5
675847.6
613487.3
630889.44
596522.9
626432.4
607567.5
602394.5
608905.3
610680.56
600063.0
624571.56
651110.6
635004.94
597144.75
589830.25
566446.44
592933.4
579429.1
589604.9
595741.1
593774.7
581323.9
633704.25
644333.44
634956.44
610049.06
610210.06
595080.5
622053.06
609817.6
625859.75
649001.8
663365.0
659644.75
694511.0
699754.0
698964.25
685323.56
654211.7
637436.25
639647.9
619025.3
630590.94
655551.8
652433.5
653195.3
686132.56
711885.0
674614.3
668412.25
657480.06
646548.3
670725.25
644003.94
647241.56
663922.06
656428.3
651732.9
690213.56
672300.56
692542.0
698978.5
652234.5
626261.1
653611.8
632382.3
642085.1
662495.4
640516.7
631281.0
684607.06
688520.3
692985.6
656242.1
648487.3
633072.1
671752.3
650800.7
647698.94
657280.2
652883.44
650226.06
681619.0
723873.7
694616.2
658304.94
655640.3
649702.5
652171.4
642810.9
752405.2
1025801.25
994638.7
1007181.06
954985.4
734458.56
752372.8
713065.94
705613.3
692043.5
704055.2
667837.75
679872.9
683069.1
680069.44
678754.7
711320.56
742458.7
677813.6
668107.7
654772.25
641350.3
659873.56
633003.5
645924.3
651180.3
635976.4
628350.8
679114.56
739240.9
676432.2
659683.4
665321.75
661292.5
654046.0
634542.25
636885.8
661663.5
644737.5
640690.75
674756.06
659678.6
715676.4
662099.56
654485.9
638190.5
666712.9
634146.5
634901.06
639462.94
622630.8
625063.8
652468.4
680547.9
671288.8
641335.6
636243.6
628486.44
652749.56
636694.94
644418.8
626888.06
618893.6
615882.3
659418.44
663206.3
666402.6
627952.94
615419.25
612273.06
634669.44
617810.44
612819.3
624771.9
608169.4
599758.4
678595.9
699877.1
654471.1
641081.44
587027.9
604893.9
632881.94
589970.1
606573.2
604857.06
603386.56
593362.6
634633.56
631052.06
681207.94
619515.94
615213.2
604716.44
625634.4
606384.4
604067.25
616842.6
594005.75
587902.75
645872.1
691123.1
645845.6
597422.94
594376.1
573575.3
603110.56
572875.4
587219.56
594601.56
590368.25
575069.7
613413.7
629255.4
641308.7
618945.7
597257.5
575626.44
599519.8
584687.2
573215.9
586650.9
586964.56
581477.75
624847.56
582094.4
581242.06
589476.7
587735.1
571263.44
600407.06
586438.6
584725.75
621392.4
610349.4
589358.7
619228.6
620694.56
629494.7
578609.25
582507.1
562796.94
578823.0
572264.3
578717.5
586337.9
584652.1
575481.9
634056.2
644801.1
651724.9
615929.2
601214.44
583486.94
598599.56
589989.3
598410.06
600224.1
615349.8
594348.94
636409.3
663070.56
661382.9
630536.25
647896.06
603815.0
616839.6
589471.25
642119.9
628607.44
620028.25
601078.8
655517.06
648033.75
660885.0
611718.6
598450.75
572158.2
597848.94
582461.56
598836.56
609787.94
604929.8
603351.8
638650.2
666164.7
650668.75
607151.06
606517.7
587680.5
616174.0
615657.75
626023.75
629125.0
634019.7
619552.2
670746.25
644001.94
643615.75
615532.0
622080.1
601852.9
636615.2
611909.7
614323.0
609088.44
597368.8
600098.2
649796.94
684151.8
647234.9
630163.44
622689.2
606332.9
627455.2
601227.75
582830.06
574878.4
606629.06
605283.2
661351.9
659704.8
657908.7
636417.94
639460.6
622454.3
641430.25
630089.3
636905.2
650925.4
639558.7
629151.25
682073.6
713470.06
652295.44
663658.4
680985.25
656884.75
673197.7
658750.75
665554.5
667941.8
666302.5
664728.8
696885.06
735996.56
665761.7
672433.1
663008.0
635227.44
667233.9
646689.75
646129.5
640596.9
646769.7
642261.3
680570.1
711096.8
663152.56
665583.44
656739.3
635576.06
673802.7
668637.8
666620.6
667428.3
653975.3
638359.56
680168.4
703931.94
655298.56
661906.0
645864.7
652135.8
675476.7
666197.1
691334.0
701687.0
684511.9
666065.6
710645.6
719898.25
664260.3
670490.44
683076.75
678072.06
702153.3
689687.0
694211.94
683727.7
657594.2
666076.2
702289.56
706870.94
697252.75
677253.06
647188.75
631659.06
658703.6
635006.2
631806.94
637060.1
653108.6
639787.5
675647.75
702984.06
640002.75
638722.5
646225.56
633221.0
649055.4
619505.0
613912.75
620796.06
604064.1
618040.5
655760.75
697329.75
640512.94
658714.94
650371.4
632873.75
665364.9
644522.06
638295.3
631803.7
630494.1
627632.2
667362.1
713203.3
668302.0
653491.5
648285.44
636364.8
650273.1
630447.8
640998.3
651001.8
635320.75
621942.75
668213.9
695056.0
668491.7
633636.75
641057.0
626712.06
658024.56
628207.7
634253.75
668828.06
658382.94
625671.94
648705.2
675476.94
616441.3
641094.25
614027.0
621891.56
631036.1
602783.06
594366.3
601899.06
610889.6
593734.5
690688.5
697879.3
620471.5
639770.44
637087.75
629655.56
644265.25
609188.7
609013.25
618838.56
606991.5
592860.6
637032.3
649703.7
611017.1
586504.7
584351.2
582671.94
602037.1
590524.6
576343.4
597885.6
587362.0
594775.75
633767.94
650676.5
628970.75
604982.0
593877.56
584466.3
602038.3
586498.0
585321.56
572478.0
585051.4
573296.25
612841.44
642399.94
617254.94
611561.75
579894.9
574758.06
580625.94
577236.9
570062.7
578505.06
568591.7
565646.8
608436.56
580688.06
590377.4
584420.94
589074.44
574939.25
591604.25
590961.6
618142.4
649711.94
591116.8
578967.94
634277.5
609347.56
600699.1
616482.56
618995.4
610990.0
624682.8
586967.56
601293.56
600149.4
622374.7
589935.6
649211.6
673404.9
631069.3
624511.4
613046.94
600516.06
610987.1
626645.6
621239.8
648979.9
640381.25
618180.0
674261.25
703513.3
666991.9
647536.4
679609.0
624971.2
649502.4
625341.94
678075.8
662670.4
653982.56
634035.6
695892.44
711077.4
652594.2
629077.9
619101.6
621209.75
640760.44
607577.25
616656.0
632091.7
638191.06
623274.0
682277.06
723990.44
698590.94
681922.75
661310.8
648729.75
656107.3
666213.9
660293.1
658054.06
646443.9
641151.94
698070.1
730807.5
693993.06
664700.9
659105.6
630445.7
645410.75
631481.9
636861.75
643181.2
643036.0
634958.5
689264.75
727467.94
668125.56
647552.9
642939.25
625221.75
647894.8
634480.2
657280.6
663173.8
669503.4
674943.1
725822.56
756767.8
701783.3
708452.3
694306.8
671966.1
697881.56
678355.7
689655.25
701931.1
686037.75
695456.94
731180.56
768641.8
742544.06
708464.3
718661.44
728289.7
723521.6
716370.3
707565.75
716714.75
723822.4
701630.6
741914.44
776060.3
717621.8
689904.3
677816.56
644691.44
672272.7
664845.0
658398.8
660626.4
649279.7
658436.75
740700.25
764605.25
679742.7
704488.7
690117.8
670300.56
685573.1
662729.1
671383.6
668845.1
658702.94
660063.3
710833.06
712749.5
685296.2
655280.3
648818.7
647186.6
667951.5
643799.9
649911.75
656128.4
643738.06
631272.94
681147.3
694319.9
695867.75
654346.94
642679.0
638289.7
662542.56
648110.2
658243.0
665727.0
673068.2
682515.9
713225.8
719440.56
700524.7
672923.94
655088.06
639510.0
682563.56
666618.94
660804.6
672011.06
664785.56
648397.44
700898.25
711609.2
705321.56
675148.75
651233.0
629192.3
660540.8
649685.56
644121.1
653762.44
641256.2
626502.3
665518.56
730043.2
676144.0
658733.1
631979.25
620430.56
634957.1
607198.25
621840.3
641550.9
656362.75
592864.44
624242.2
641991.5
660313.7
627239.9
610382.75
598006.25
621729.1
595204.8
594055.1
593137.06
590593.06
591635.44
628233.56
663245.06
622585.44
607943.56
599565.94
586184.0
598887.8
582415.6
597631.56
585379.56
589136.25
580110.0
611622.94
661366.75
574721.2
571923.5
565612.8
571651.06
581514.06
548749.06
550348.9
556006.7
556325.8
551584.9
648251.7
644932.56
624503.6
591461.94
576183.94
569260.2
591849.4
552269.44
556687.6
576980.8
550376.9
547078.75
593013.0
632398.8
577204.06
563367.0
559235.3
558051.8
572955.3
558947.5
547097.6
558367.1
553838.56
543795.56
578057.6
617391.25
590202.94
555742.5
544216.2
542304.1
560030.06
564410.0
562674.75
567335.44
549606.06
540405.1
594639.7
576522.94
573350.9
547267.75
537471.9
522563.75
553851.5
552214.0
541463.9
546190.5
547952.9
528781.1
569612.0
543853.1
542214.7
553523.44
543055.2
527533.8
555043.1
553722.2
565800.75
597997.25
590654.3
571732.25
621970.9
614259.1
614131.6
583871.06
593623.4
566418.56
577618.06
566094.1
577001.1
579867.2
570504.9
573454.8
616100.1
619890.94
626683.25
590298.9
578360.5
565578.2
573691.94
567616.0
579052.25
585226.7
595085.44
572604.9
639378.06
683665.1
663088.6
596467.4
606288.2
577711.5
602461.44
582441.0
591487.3
589604.8
581235.94
585924.0
631724.7
693573.44
607591.6
607129.6
601020.4
586076.3
587879.7
576354.7
579586.8
609175.8
607315.6
609748.25
647616.75
702382.4
619526.44
622120.06
599336.75
591564.56
614968.3
591682.06
604189.25
633956.06
616645.75
597322.4
646198.6
639631.25
630297.56
636498.06
642616.56
617157.0
607590.8
600230.9
630724.2
661750.3
646200.2
620232.1
652447.06
676643.94
659950.75
644468.1
635910.8
619425.0
651493.94
634475.1
628480.75
639826.75
636898.7
628238.44
669458.1
717414.75
652594.44
669213.7
647570.7
625487.2
662007.94
645583.06
650590.0
666053.9
684762.6
661980.7
706522.25
715392.4
707466.6
668516.3
655651.6
648413.25
677585.75
676905.75
654716.94
665486.8
655510.75
649211.3
687882.3
756451.2
651474.6
651970.25
642078.3
605998.1
642142.56
628226.0
631224.8
626481.75
619741.1
607483.3
662667.06
700452.6
651179.6
672721.5
661146.25
641574.4
666740.06
663150.6
658541.75
667567.44
662484.1
653522.3
700114.44
703086.2
705551.75
685578.44
662223.0
639560.06
671302.6
657327.6
675787.56
675576.4
658106.94
650529.06
684306.1
700027.06
691876.5
654579.5
643508.9
636220.94
692583.44
681611.44
708708.6
735704.94
715926.9
716094.4
745918.4
762879.75
778936.5
753254.9
724341.2
711401.25
737630.06
712758.7
714968.6
725420.2
717695.25
716179.2
742199.8
769265.7
742340.4
723705.2
715806.3
702811.7
719793.06
697680.4
701978.25
717873.4
693512.3
679564.5
724682.56
735104.7
722220.4
694850.56
689512.25
678992.8
695424.5
670489.94
677728.25
694597.0
675274.94
667720.6
725461.1
695689.9
720744.25
682372.56
693685.5
682774.75
705943.3
683865.25
676755.8
675144.6
666940.3
655794.75
700079.6
704911.56
721204.1
684985.0
677131.5
704262.5
709411.06
674607.4
683665.0
700246.6
651381.75
649613.8
688851.1
709819.25
681378.0
647390.75
637216.2
630262.25
658036.25
627331.25
631580.7
640230.75
633169.6
630112.9
715238.6
744818.0
668411.6
668344.1
659139.75
639246.06
671886.06
641500.7
628246.44
634278.5
623986.44
619387.4
650618.3
645978.2
655706.7
663944.06
638578.7
612053.1
633370.8
619305.06
599876.2
606744.56
602514.5
604329.44
643046.6
673982.8
653318.8
612115.44
603542.4
603734.2
625467.94
596049.44
595270.2
603499.7
599329.44
594748.7
623539.2
636354.06
639783.94
605383.5
588093.94
586329.75
594906.6
579944.0
590010.44
595603.3
596985.1
583957.2
619071.2
607477.3
603237.4
607717.25
603818.1
598688.5
634603.44
610926.7
625568.5
624126.8
614049.94
622771.6
726368.94
636097.1
630258.3
706130.2
657464.94
626438.9
632975.75
611403.6
608451.06
634400.9
633251.5
622596.3
685019.5
717644.0
651924.9
663132.5
644974.2
618899.8
648811.25
637887.4
659219.8
648287.44
656622.9
661271.5
706762.6
734167.4
683427.1
682200.2
703467.7
665045.0
705044.9
674439.1
707914.2
694988.7
688389.9
686885.94
739783.0
721963.9
714246.2
686018.44
681655.75
659575.8
692790.75
668721.9
658208.9
668177.0
660047.4
663817.8
683602.44
724441.0
673629.5
669734.1
660652.3
653353.3
652832.4
635772.8
649668.8
656349.0
652517.4
644094.9
707583.1
709522.44
659074.5
653953.44
646352.4
639721.44
644779.94
636617.25
659180.6
647723.9
642541.7
633810.56
672465.7
696364.06
652886.3
639720.4
638734.9
622679.0
646284.5
621505.4
641368.1
650862.8
641123.7
634766.3
685111.75
707046.7
650495.25
675626.6
649446.75
644821.75
660739.6
631541.9
637879.4
656163.1
652404.2
647896.44
689211.94
715528.5
671768.8
676276.3
664920.6
660807.5
673831.0
663440.7
667084.2
667911.06
661781.6
660529.44
702534.0
726272.3
700154.5
680088.7
670010.2
660568.6
665771.94
667122.1
668551.0
667186.4
666404.44
673948.0
706619.3
714417.94
668246.7
685918.75
672557.25
661062.25
691821.75
670844.94
677696.6
670382.8
674093.0
662547.0
712500.5
717618.2
696829.3
687651.2
673155.2
664523.4
686956.94
661711.2
669835.7
671319.25
665499.94
662983.75
690860.4
720179.25
666568.06
670601.75
664178.06
658862.3
676868.3
661496.3
682090.9
691505.9
666460.25
688876.4
706024.06
742297.3
682706.56
669593.4
658332.8
666647.75
679082.56
646648.94
662190.44
665975.94
664423.6
660421.5
678631.06
706236.5
675146.9
669953.6
660291.9
638219.0
656734.7
636151.7
641131.44
653932.3
650194.8
645985.3
674117.4
670393.9
660099.6
628005.7
616354.6
624229.06
653897.8
618037.0
628177.25
633029.2
625580.56
619325.44
658902.2
685828.0
640035.94
629888.5
624881.44
619068.1
640789.25
617758.1
612390.8
622002.94
608437.2
602540.75
653260.56
669797.2
634278.1
618111.3
616001.3
611446.25
629849.8
612465.8
610105.2
622179.5
613397.44
606426.4
645442.25
646115.06
638779.94
618058.5
626207.1
615458.7
634283.5
609463.94
612874.44
622339.9
602583.25
604571.4
695325.4
692110.9
646463.6
631216.4
617581.25
624947.0
631756.3
601827.25
606672.25
611937.1
610047.0
607547.8
638884.25
651326.9
634934.9
603885.56
592136.5
597493.5
615799.0
607388.75
603220.0
599152.8
602185.56
595703.06
630918.56
668810.0
618928.56
610086.75
605249.8
610158.06
619414.75
601830.25
608118.94
612944.7
602072.06
602256.7
628466.7
644454.2
628556.6
624420.1
612625.1
609329.44
618767.4
604848.2
599912.7
604507.6
607531.3
602087.5
643494.3
604422.5
607280.4
613468.4
606359.44
598789.5
616501.75
606313.44
645005.2
639676.5
606905.1
606488.7
642279.1
632579.4
646008.3
618491.4
633672.3
618540.06
660681.6
642109.06
634788.3
647954.4
639953.75
621296.56
671371.2
670084.6
670318.0
644423.75
632274.44
631857.1
650942.06
628024.5
649391.25
649871.25
638250.6
631867.06
678266.06
693413.2
649256.56
653452.2
666018.1
644163.94
665816.25
644986.94
670897.56
659477.6
656571.2
647337.5
699648.8
694152.5
683702.06
654228.6
652556.9
637894.75
656035.94
659812.75
658820.75
662074.56
651762.06
659141.2
689522.44
715312.75
685198.5
665320.2
667454.06
655259.44
666657.5
656404.5
658769.06
667778.0
634358.1
644384.5
672974.75
713233.2
658233.3
667760.56
659046.6
627576.6
642053.6
630934.75
639343.4
631273.8
615643.3
632343.56
663194.3
684486.1
656316.3
643545.2
624058.56
619519.2
645507.25
624602.94
623434.06
635346.5
628949.06
629368.9
675344.56
689822.94
654171.2
672847.9
644481.8
630798.5
662067.3
647223.06
656450.94
667523.06
666208.0
647191.75
678256.4
705197.9
668501.5
659480.4
652199.94
648268.2
676638.94
652923.4
672432.25
675788.06
670859.1
661618.7
698501.2
721020.1
703534.1
688711.0
684753.7
658441.1
676896.44
658402.3
666748.44
655284.06
644416.75
652067.6
657399.44
678102.75
664676.1
646194.0
639607.94
620614.6
655725.06
640728.5
647102.5
648915.94
636108.4
636718.44
673117.3
696452.0
656614.8
655416.5
647216.9
635611.5
661290.44
642379.0
629957.56
643259.56
646072.3
652417.8
666604.56
695592.0
648734.0
659466.5
649131.25
655796.6
661398.25
662501.06
659709.3
660047.0
641758.25
662422.8
695039.7
718471.75
672287.06
674811.25
656060.1
652550.25
672117.8
648074.25
643546.2
653179.6
646599.4
637943.44
650652.6
683247.44
648353.94
652315.0
651787.94
629518.1
645921.9
618036.56
624296.94
634451.2
629073.8
628761.8
651803.94
678504.0
644372.6
644868.8
633385.44
622084.06
618860.3
619753.0
616301.75
628168.56
629654.3
621130.06
653308.44
670617.9
644677.94
634396.4
633412.94
621573.8
651499.94
625056.1
623108.9
618930.0
622163.75
617931.3
643899.5
674733.0
628028.6
624903.06
614541.8
617163.56
625724.25
605617.06
612450.94
617534.1
607278.4
608163.6
640430.25
647589.5
626027.94
586320.8
611236.3
609824.7
620413.7
593743.25
608232.6
607118.6
