239 196 -43 49.825923405 106.75760616877618 0
223 194 -29 50.13058528 107.26397301140993 0
215 195 -20 50.36605281999999 107.65466163549176 0
212 212 0 50.909303605 108.55459371748763 0
210 199 -11 50.605613205 108.05169114470854 0
213 195 -18 50.40421378 107.71793337316409 0
224 201 -23 50.303872 107.55153938944001 0
215 197 -18 50.423264499999995 107.74951575959001 0
212 196 -16 50.449426845 107.79288352286632 0
216 217 1 50.920879379999995 108.5737578333185 0
213 215 2 50.946318805 108.61587310222508 0
214 203 -11 50.60325682 108.04778757519976 0
230 205 -25 50.267903125 107.49187267796876 0
227 201 -26 50.236673679999996 107.44005853381569 0
219 198 -21 50.34694258 107.62297211645273 0
220 223 3 50.994780819999995 108.69610083929224 0
217 204 -13 50.563150844999996 107.9813436950332 0
217 202 -15 50.49926898 107.87549071347289 0
232 199 -33 50.06276199999999 107.15133951464 0
219 201 -18 50.43040340499999 107.76134998654368 0
217 201 -16 50.45893112499999 107.80863700038876 0
215 212 -3 50.825729245 108.41622601002312 0
217 206 -11 50.600900124999995 108.04388346278375 0
218 200 -18 50.411360124999995 107.72978093860375 0
226 203 -23 50.301476244999996 107.5475655596679 0
220 210 -10 50.62680672 108.08679886649857 0
216 204 -12 50.574956019999995 108.00090234746585 0
219 232 13 51.239583444999994 109.10138311499051 0
224 226 2 50.94862962 108.61969864683864 0
223 205 -18 50.420884244999996 107.74556990676939 0
243 205 -38 49.98495208 107.02205856657473 0
234 213 -21 50.368440205 107.65862030683154 0
220 213 -7 50.713671805 108.23067129350808 0
222 245 23 51.49873192 109.53061744616897 0
227 233 6 51.047701405 108.78370858684583 0
232 221 -11 50.629160004999996 108.09069701594724 0
252 221 -31 50.186115445 107.35615577991702 0
242 223 -19 50.451803379999994 107.79682272217448 0
235 223 -12 50.605613205 108.05169114470854 0
236 245 9 51.125631444999996 108.91272052404902 0
237 253 16 51.296268819999995 109.19524639992378 0
241 237 -4 50.81641840499999 108.40080977288883 0
259 236 -23 50.382758005 107.68236059888828 0
257 239 -18 50.496898644999995 107.87156255091692 0
249 236 -13 50.610325044999996 108.0594966556598 0
249 253 4 51.001692805 108.70754335555844 0
250 247 -3 50.8466605 108.45088171013 0
253 224 -29 50.236673679999996 107.44005853381569 0
262 226 -36 50.08216487999999 107.18356675157953 0
249 227 -22 50.397064645 107.7060807976811 0
238 230 -8 50.713671805 108.23067129350808 0
240 253 13 51.2145805 109.05998484757 0
241 244 3 50.980948479999995 108.67320188710913 0
249 225 -24 50.33498860499999 107.60314795274488 0
260 228 -32 50.186115445 107.35615577991702 0
248 228 -20 50.43516112499999 107.76923669656125 0
239 232 -7 50.732397645 108.26168222312992 0
242 249 7 51.070659205 108.82171437906254 0
242 250 8 51.08671122 108.84828808056744 0
249 235 -14 50.570234879999994 107.99308052226048 0
260 243 -17 50.513484479999995 107.89904814208512 0
255 245 -10 50.67616060499999 108.16854659085064 0
250 237 -13 50.605613205 108.05169114470854 0
255 262 7 51.061479805 108.80651819100858 0
254 254 0 50.900037405 108.53925303985767 0
256 246 -10 50.687891379999996 108.18797531914649 0
268 247 -21 50.44229538 107.78106260293752 0
261 246 -15 50.582035405 108.01263099913183 0
258 248 -10 50.67616060499999 108.16854659085064 0
258 264 6 51.043106124999994 108.77610129432625 0
258 264 6 51.038509604999994 108.76849195405588 0
265 262 -3 50.837360819999994 108.43548444250777 0
274 258 -16 50.558426604999994 107.97351641535714 0
273 259 -14 50.60325682 108.04778757519976 0
270 253 -17 50.534786804999996 107.93434722952443 0
269 273 4 51.001692805 108.70754335555844 0
266 281 15 51.230495805 109.08633618087543 0
271 259 -12 50.655025679999994 108.13354098301633 0
286 258 -28 50.330204845 107.59521435844482 0
275 272 -3 50.842011279999994 108.44318412870592 0
269 265 -4 50.823401999999994 108.41237274216 0
274 281 7 51.056888244999996 108.79891703387612 0
277 283 6 51.027012879999994 108.74945963586752 0
282 276 -6 50.786123919999994 108.35064860432705 0
290 273 -17 50.56078888 107.97743032812353 0
287 272 -15 50.596185805 108.03607360857458 0
283 267 -16 50.570234879999994 107.99308052226048 0
281 281 0 50.913934845 108.5622609269977 0
278 296 18 51.28721218 109.1802490783297 0
283 276 -7 50.77212418 108.32746710036233 0
297 275 -22 50.463681404999996 107.81651042107833 0
288 281 -7 50.758113279999996 108.30426647646209 0
284 260 -24 50.406596205 107.72188311809698 0
287 283 -4 50.81641840499999 108.40080977288883 0
275 275 0 50.91161938 108.55842758288154 0
279 258 -21 50.468430444999996 107.824381631468 0
286 262 -24 50.40421378 107.71793337316409 0
274 253 -21 50.44705 107.78894377 0
270 250 -20 50.477924804999994 107.84011742659108 0
267 277 10 51.125631444999996 108.91272052404902 0
263 273 10 51.123344499999995 108.90893443649 0
270 257 -13 50.63151298 108.09459462429113 0
283 262 -21 50.463681404999996 107.81651042107833 0
273 261 -12 50.657375245 108.13743265002239 0
270 252 -18 50.513484479999995 107.89904814208512 0
272 271 -1 50.886128805 108.51622635722494 0
267 273 6 51.043106124999994 108.77610129432625 0
270 254 -16 50.551337919999995 107.96177140027905 0
282 260 -22 50.451803379999994 107.79682272217448 0
270 259 -11 50.664422079999994 108.14910441686528 0
267 253 -14 50.600900124999995 108.04388346278375 0
270 260 -10 50.680853844999994 108.1763196945047 0
267 270 3 50.97172071999999 108.65792559393344 0
267 244 -23 50.406596205 107.72188311809698 0
274 249 -25 50.38037248 107.6784052798669 0
264 242 -22 50.406596205 107.72188311809698 0
258 237 -21 50.432782419999995 107.76529361890505 0
258 261 3 50.983254644999995 108.6770196690886 0
252 263 11 51.153050605 108.95811415059939 0
256 242 -14 50.593828179999996 108.03216786645369 0
272 243 -29 50.277501644999994 107.5077962304496 0
262 243 -19 50.475551679999995 107.83618430560769 0
255 237 -18 50.492157045 107.86370457479829 0
255 255 0 50.900037405 108.53925303985767 0
253 256 3 50.976335219999996 108.66556477390057 0
255 245 -10 50.666770404999994 108.15299392830067 0
266 247 -19 50.477924804999994 107.84011742659108 0
261 238 -23 50.39468098 107.70212882507913 0
257 235 -22 50.401831044999994 107.71398307155971 0
255 263 8 51.089003125 108.85208228703125 0
250 245 -5 50.779125445 108.33906024012452 0
255 234 -21 50.423264499999995 107.74951575959001 0
263 237 -26 50.31824002 107.57537053918216 0
252 235 -17 50.515852644999995 107.90297245726259 0
248 230 -18 50.48504232 107.85191348064576 0
249 252 3 50.96941300499999 108.65410522850578 0
246 234 -12 50.63151298 108.09459462429113 0
249 220 -29 50.212615379999995 107.40013618240249 0
255 230 -25 50.325419845 107.58727851714019 0
243 227 -16 50.532421119999995 107.93042730151937 0
236 216 -20 50.39944799999999 107.71003221312 0
243 249 6 51.059184179999995 108.80271786783769 0
238 236 -2 50.8466605 108.45088171013 0
236 222 -14 50.551337919999995 107.96177140027905 0
255 218 -37 50.036050644999996 107.1069664430366 0
244 211 -33 50.103969404999994 107.21977813221784 0
235 210 -25 50.277501644999994 107.5077962304496 0
231 221 -10 50.643273205 108.11407455517397 0
226 225 -1 50.886128805 108.51622635722494 0
228 224 -4 50.81641840499999 108.40080977288883 0
236 219 -17 50.482670125 107.84798201394625 0
239 213 -26 50.270303219999995 107.49585441469657 0
237 209 -28 50.21983612499999 107.41211886306375 0
232 229 -3 50.830382805 108.42393096389158 0
228 225 -3 50.830382805 108.42393096389158 0
228 211 -17 50.46130642 107.81257398710297 0
241 210 -31 50.157163645 107.3080982730681 0
235 207 -28 50.19334642 107.36815728495705 0
226 204 -22 50.320633605 107.57934042752014 0
226 222 -4 50.811761125 108.39309848700125 0
223 217 -6 50.73941472 108.27330250796544 0
223 200 -23 50.29908018 107.54359116617833 0
235 205 -30 50.140254479999996 107.28002660455489 0
228 205 -23 50.320633605 107.57934042752014 0
218 206 -12 50.586753445 108.0204473780595 0
221 217 -4 50.79545088 108.36609233559552 0
222 210 -12 50.596185805 108.03607360857458 0
224 204 -20 50.36605281999999 107.65466163549176 0
231 214 -17 50.475551679999995 107.83618430560769 0
225 234 9 51.139346605 108.93542642832463 0
222 208 -14 50.544246445 107.95002146659152 0
233 240 7 51.06836482 108.81791609741578 0
238 236 -2 50.862923005 108.47780668894424 0
229 219 -10 50.662073445 108.14521436678302 0
251 218 -33 50.118491805 107.24389307334057 0
243 214 -29 50.195756124999996 107.37215664423626 0
234 211 -23 50.32302688 107.58330975345153 0
232 239 7 51.08671122 108.84828808056744 0
229 232 3 50.983254644999995 108.6770196690886 0
231 216 -15 50.525322204999995 107.91866422991048 0
249 213 -36 50.040910045 107.11503950352522 0
240 219 -21 50.401831044999994 107.71398307155971 0
231 215 -16 50.50874722 107.89119786416457 0
230 253 23 51.48083688 109.50096555481153 0
233 234 1 50.923193604999994 108.57758909396237 0
237 225 -12 50.61739048 108.07120085437889 0
255 229 -26 50.29908018 107.54359116617833 0
244 231 -13 50.600900124999995 108.04388346278375 0
240 220 -20 50.408978319999996 107.72583230652225 0
243 236 -7 50.74876647999999 108.28878875419713 0
241 222 -19 50.444672845 107.7850034634117 0
238 210 -28 50.21983612499999 107.41211886306375 0
244 218 -26 50.26550272 107.48789037522945 0
234 215 -19 50.439917605 107.77712118841364 0
228 217 -11 50.62680672 108.08679886649857 0
232 241 9 51.121057244999996 108.9051478427284 0
231 230 -1 50.87917032 108.50470595653825 0
237 217 -20 50.411360124999995 107.72978093860375 0
249 215 -34 50.09670402 107.20771287228985 0
240 220 -20 50.425644444999996 107.75346105705002 0
232 216 -16 50.501639004999994 107.87941832591179 0
231 255 24 51.48978688 109.51579533774849 0
234 249 15 51.26228084499999 109.13896562401682 0
238 234 -4 50.807102605 108.38538508781888 0
263 236 -27 50.28949282 107.52768795176824 0
254 230 -24 50.354111245 107.63485988611711 0
247 230 -17 50.504008719999995 107.88334538839744 0
247 245 -2 50.86524497999999 108.48165101430313 0
244 235 -9 50.69258152 108.19574305025985 0
247 217 -30 50.198165519999996 107.37615543258816 0
253 221 -32 50.161992045 107.31611358538672 0
242 224 -18 50.473178245 107.83225063286862 0
233 222 -11 50.622099219999996 108.07900094363146 0
236 246 10 51.14163138 108.93920897705353 0
238 238 0 50.90467112499999 108.54692442221126 0
241 229 -12 50.60796928 108.05559417147393 0
254 235 -19 50.463681404999996 107.81651042107833 0
247 245 -2 50.85595522 108.46627056389944 0
244 256 12 51.194095645 109.02606857935592 0
251 273 22 51.413553779999994 109.38949649903593 0
261 271 10 51.123344499999995 108.90893443649 0
274 249 -25 50.36605281999999 107.65466163549176 0
281 241 -40 50.06276199999999 107.15133951464 0
267 247 -20 50.477924804999994 107.84011742659108 0
257 252 -5 50.793119604999994 108.36223219739414 0
255 274 19 51.334704204999994 109.25889700920499 0
261 261 0 50.90467112499999 108.54692442221126 0
271 252 -19 50.48741420499999 107.85584439624503 0
275 254 -21 50.463681404999996 107.81651042107833 0
267 253 -14 50.605613205 108.05169114470854 0
264 253 -11 50.652675804999994 108.12964877670794 0
265 265 0 50.91625 108.56609375000001 0
264 272 8 51.09129471999999 108.85587598483457 0
269 246 -23 50.39468098 107.70212882507913 0
279 247 -32 50.236673679999996 107.44005853381569 0
264 252 -12 50.63386564499999 108.0984916916941 0
258 244 -14 50.586753445 108.0204473780595 0
260 268 8 51.08212648 108.84069814100289 0
259 262 3 50.978642005 108.66938358876774 0
263 246 -17 50.532421119999995 107.93042730151937 0
275 256 -19 50.49926898 107.87549071347289 0
264 252 -12 50.63386564499999 108.0984916916941 0
261 251 -10 50.687891379999996 108.18797531914649 0
265 276 11 51.139346605 108.93542642832463 0
263 263 0 50.906987519999994 108.55075933065217 0
271 252 -19 50.48978578 107.85977476090792 0
277 249 -28 50.31824002 107.57537053918216 0
267 378 111 53.154209245 112.2975694605569 0
262 440 178 54.39664551999999 114.45011443834817 0
284 351 67 52.21961362 110.72802489472937 0
372 290 -82 49.59114088 106.36655802623552 0
290 274 -16 50.577316124999996 108.00481244267625 0
276 267 -9 50.727718044999996 108.2539326973713 0
287 265 -22 50.463681404999996 107.81651042107833 0
279 264 -15 50.598543119999995 108.03997880729665 0
276 287 11 51.14163138 108.93920897705353 0
275 261 -14 50.612680499999996 108.06339859743001 0
284 249 -35 50.186115445 107.35615577991702 0
276 249 -27 50.32302688 107.58330975345153 0
265 250 -15 50.5655125 107.98525651625 0
260 242 -18 50.49926898 107.87549071347289 0
260 279 19 51.316628124999994 109.22896150515626 0
257 259 2 50.946318805 108.61587310222508 0
264 257 -7 50.741753124999995 108.27717486921875 0
274 248 -26 50.339771125 107.61107930135125 0
268 250 -18 50.511116005 107.89512327777373 0
263 247 -16 50.544246445 107.95002146659152 0
260 258 -2 50.869887999999996 108.48933809152001 0
260 269 9 51.100457999999996 108.87104569272 0
262 248 -14 50.60325682 108.04778757519976 0
273 250 -23 50.420884244999996 107.74556990676939 0
266 244 -22 50.423264499999995 107.74951575959001 0
260 238 -22 50.406596205 107.72188311809698 0
259 258 -1 50.883809619999994 108.51238674696137 0
253 253 0 50.909303605 108.55459371748763 0
256 242 -14 50.582035405 108.01263099913183 0
266 248 -18 50.501639004999994 107.87941832591179 0
259 243 -16 50.553701124999996 107.96568695159876 0
256 235 -21 50.420884244999996 107.74556990676939 0
257 255 -2 50.869887999999996 108.48933809152001 0
252 249 -3 50.830382805 108.42393096389158 0
253 233 -20 50.444672845 107.7850034634117 0
263 239 -24 50.368440205 107.65862030683154 0
253 235 -18 50.49926898 107.87549071347289 0
248 229 -19 50.444672845 107.7850034634117 0
250 269 19 51.33244577999999 109.25515679129208 0
246 249 3 50.974028125 108.66174544234376 0
251 225 -26 50.291890124999995 107.53166460176625 0
266 232 -34 50.149918719999995 107.29607100256257 0
249 229 -20 50.44229538 107.78106260293752 0
241 226 -15 50.539517245 107.9421854427209 0
244 242 -2 50.85595522 108.46627056389944 0
242 250 8 51.100457999999996 108.87104569272 0
244 231 -13 50.600900124999995 108.04388346278375 0
257 234 -23 50.38037248 107.6784052798669 0
252 231 -21 50.42802408 107.75740579931329 0
245 222 -23 50.363665125 107.65070240485876 0
246 259 13 51.20092672 109.03737850630145 0
242 237 -5 50.776792 108.33519639104 0
244 219 -25 50.30866258 107.5594853584873 0
257 221 -36 50.07731602 107.17551341739417 0
243 222 -21 50.406596205 107.72188311809698 0
235 219 -16 50.496898644999995 107.87156255091692 0
236 236 0 50.91625 108.56609375000001 0
236 241 5 51.015508405 108.73041449056117 0
237 220 -17 50.492157045 107.86370457479829 0
250 223 -27 50.267903125 107.49187267796876 0
244 217 -27 50.260700979999996 107.47992407106089 0
236 219 -17 50.48978578 107.85977476090792 0
236 228 -8 50.71132968 108.22679252059969 0
233 220 -13 50.572595605 107.99699170738188 0
236 217 -19 50.43516112499999 107.76923669656125 0
239 223 -16 50.525322204999995 107.91866422991048 0
234 228 -6 50.753440499999996 108.29652868017001 0
234 226 -8 50.71601362 108.23454953121065 0
239 236 -3 50.825729245 108.41622601002312 0
241 228 -13 50.600900124999995 108.04388346278375 0
243 214 -29 50.198165519999996 107.37615543258816 0
246 215 -31 50.166819204999996 107.32412660481998 0
238 218 -20 50.423264499999995 107.74951575959001 0
230 217 -13 50.582035405 108.01263099913183 0
232 245 13 51.221403204999994 109.07128127074148 0
233 242 9 51.132490419999996 108.92407575114905 0
238 223 -15 50.534786804999996 107.93434722952443 0
255 224 -31 50.1837045 107.35215413529001 0
246 226 -20 50.43040340499999 107.76134998654368 0
237 229 -8 50.699614405 108.20739062223534 0
239 250 11 51.15989842 108.96945120454697 0
241 248 7 51.06836482 108.81791609741578 0
247 238 -9 50.704301445 108.215152989001 0
260 228 -32 50.176469804999996 107.34014577027393 0
255 243 -12 50.62680672 108.08679886649857 0
247 231 -16 50.532421119999995 107.93042730151937 0
245 250 5 51.033911845 108.76088056472382 0
250 243 -7 50.74876647999999 108.28878875419713 0
249 220 -29 50.210207845 107.39614081617331 0
258 222 -36 50.07489112499999 107.17148588194875 0
245 228 -17 50.50874722 107.89119786416457 0
235 228 -7 50.73941472 108.27330250796544 0
238 251 13 51.212305644999994 109.0562183741016 0
242 240 -2 50.853632004999994 108.46242413868228 0
247 225 -22 50.382758005 107.68236059888828 0
256 234 -22 50.39468098 107.70212882507913 0
246 239 -7 50.744091219999994 108.28104669723257 0
241 239 -2 50.85130847999999 108.45857718809089 0
248 253 5 51.024712605 108.74565163363114 0
251 240 -11 50.652675804999994 108.12964877670794 0
255 232 -23 50.373214045 107.6665359722868 0
257 238 -19 50.463681404999996 107.81651042107833 0
249 232 -17 50.49926898 107.87549071347289 0
246 226 -20 50.420884244999996 107.74556990676939 0
248 258 10 51.12791808 108.91650610556928 0
243 244 1 50.937072445 108.60056573393399 0
247 233 -14 50.574956019999995 108.00090234746585 0
261 233 -28 50.272703005 107.49983558557673 0
251 217 -34 50.094281605 107.20368996390788 0
246 229 -17 50.501639004999994 107.87941832591179 0
240 255 15 51.25093602 109.12018058233417 0
235 248 13 51.228223119999996 109.08257320150337 0
248 241 -7 50.732397645 108.26168222312992 0
262 243 -19 50.477924804999994 107.84011742659108 0
256 247 -9 50.694926124999995 108.19962611071375 0
253 242 -11 50.657375245 108.13743265002239 0
256 272 16 51.269084019999994 109.15023069322984 0
256 253 -3 50.844336045 108.44703318243279 0
263 258 -5 50.807102605 108.38538508781888 0
269 257 -12 50.647975124999995 108.12186274552876 0
266 257 -9 50.718355124999995 108.23842723387126 0
268 257 -11 50.664422079999994 108.14910441686528 0
267 281 14 51.2145805 109.05998484757 0
267 259 -8 50.720696319999995 108.24230440165377 0
276 249 -27 50.33259688 107.59918143638849 0
274 253 -21 50.451803379999994 107.79682272217448 0
263 246 -17 50.53715217999999 107.93826660987033 0
261 247 -14 50.591470245 108.02826158077012 0
260 271 11 51.15533352 108.96189367243585 0
257 256 -1 50.890766244999995 108.5239040086754 0
266 248 -18 50.504008719999995 107.88334538839744 0
271 260 -11 50.659724499999996 108.14132377789001 0
262 258 -4 50.807102605 108.38538508781888 0
263 248 -15 50.5655125 107.98525651625 0
268 269 1 50.937072445 108.60056573393399 0
262 254 -8 50.718355124999995 108.23842723387126 0
266 249 -17 50.532421119999995 107.93042730151937 0
269 259 -10 50.697270419999995 108.20350863465097 0
261 272 11 51.139346605 108.93542642832463 0
263 261 -2 50.872209045 108.49318084370572 0
274 281 7 51.047701405 108.78370858684583 0
274 258 -16 50.558426604999994 107.97351641535714 0
279 264 -15 50.591470245 108.02826158077012 0
273 271 -2 50.869887999999996 108.48933809152001 0
270 268 -2 50.862923005 108.47780668894424 0
277 255 -22 50.44229538 107.78106260293752 0
278 275 -3 50.853632004999994 108.46242413868228 0
269 267 -2 50.867566645 108.4854948151071 0
273 245 -28 50.291890124999995 107.53166460176625 0
279 248 -31 50.25109378 107.46398466337592 0
262 242 -20 50.463681404999996 107.81651042107833 0
257 248 -9 50.697270419999995 108.20350863465097 0
256 268 12 51.178145619999995 108.99966120286665 0
255 244 -11 50.666770404999994 108.15299392830067 0
265 245 -20 50.456555519999995 107.80469946077184 0
262 242 -20 50.46130642 107.81257398710297 0
255 234 -21 50.42802408 107.75740579931329 0
254 231 -23 50.38037248 107.6784052798669 0
250 262 12 51.18270432 109.00720867646977 0
245 249 4 51.006299244999994 108.7151691250269 0
252 246 -6 50.758113279999996 108.30426647646209 0
264 252 -12 50.636218 108.10238821832 0
258 242 -16 50.553701124999996 107.96568695159876 0
259 240 -19 50.468430444999996 107.824381631468 0
257 269 12 51.166743444999994 108.98078372626699 0
252 255 3 50.967104979999995 108.65028434589689 0
260 246 -14 50.589112 108.02435475136001 0
269 245 -24 50.382758005 107.68236059888828 0
260 248 -12 50.629160004999996 108.09069701594724 0
256 240 -16 50.530055125 107.92650682569126 0
257 265 8 51.075247045 108.8293094126058 0
254 250 -4 50.81641840499999 108.40080977288883 0
258 242 -16 50.541881999999994 107.94610372824 0
265 246 -19 50.492157045 107.86370457479829 0
256 250 -6 50.776792 108.33519639104 0
254 246 -8 50.718355124999995 108.23842723387126 0
258 255 -3 50.844336045 108.44703318243279 0
258 240 -18 50.48741420499999 107.85584439624503 0
260 235 -25 50.330204845 107.59521435844482 0
257 234 -23 50.382758005 107.68236059888828 0
249 225 -24 50.34694258 107.62297211645273 0
246 227 -19 50.45893112499999 107.80863700038876 0
243 271 28 51.550069644999994 109.6156961617461 0
239 240 1 50.93476008 108.59673759358273 0
250 242 -8 50.713671805 108.23067129350808 0
258 239 -19 50.466056079999994 107.82044630247873 0
252 233 -19 50.456555519999995 107.80469946077184 0
251 226 -25 50.325419845 107.58727851714019 0
248 246 -2 50.869887999999996 108.48933809152001 0
243 226 -17 50.48741420499999 107.85584439624503 0
244 219 -25 50.29428711999999 107.53564068739136 0
247 225 -22 50.37082728 107.66257841904192 0
237 220 -17 50.492157045 107.86370457479829 0
235 222 -13 50.584394579999994 108.01653946070473 0
237 246 9 51.121057244999996 108.9051478427284 0
235 234 -1 50.883809619999994 108.51238674696137 0
241 221 -20 50.425644444999996 107.75346105705002 0
251 224 -27 50.26310200499999 107.48390750631478 0
241 217 -24 50.30866258 107.5594853584873 0
236 217 -19 50.425644444999996 107.75346105705002 0
236 239 3 50.980948479999995 108.67320188710913 0
232 233 1 50.927821124999994 108.58525005403875 0
236 216 -20 50.40421378 107.71793337316409 0
248 217 -31 50.157163645 107.3080982730681 0
239 214 -25 50.29908018 107.54359116617833 0
231 211 -20 50.39944799999999 107.71003221312 0
231 224 -7 50.723037205 108.24618103472204 0
230 220 -10 50.664422079999994 108.14910441686528 0
230 218 -12 50.600900124999995 108.04388346278375 0
237 222 -15 50.541881999999994 107.94610372824 0
234 242 8 51.105037779999996 108.87862749896009 0
234 219 -15 50.539517245 107.9421854427209 0
241 236 -5 50.79545088 108.36609233559552 0
243 230 -13 50.600900124999995 108.04388346278375 0
238 233 -5 50.790788019999994 108.35837152955817 0
246 229 -17 50.501639004999994 107.87941832591179 0
244 227 -17 50.48978578 107.85977476090792 0
244 229 -15 50.551337919999995 107.96177140027905 0
241 255 14 51.239583444999994 109.10138311499051 0
240 239 -1 50.88844768 108.52006544440833 0
248 230 -18 50.468430444999996 107.824381631468 0
256 235 -21 50.42802408 107.75740579931329 0
246 243 -3 50.82805618 108.42007875054568 0
244 240 -4 50.809432019999996 108.38924205165385 0
249 268 19 51.34824824499999 109.2813280121814 0
252 253 1 50.932447405 108.59290893359234 0
259 251 -8 50.723037205 108.24618103472204 0
267 244 -23 50.397064645 107.7060807976811 0
261 259 -2 50.869887999999996 108.48933809152001 0
257 247 -10 50.67850738 108.17243341150953 0
259 275 16 51.266816604999995 109.14647616609288 0
261 245 -16 50.558426604999994 107.97351641535714 0
266 236 -30 50.236673679999996 107.44005853381569 0
261 238 -23 50.38037248 107.6784052798669 0
251 238 -13 50.598543119999995 108.03997880729665 0
248 241 -7 50.734736979999994 108.26555618508489 0
249 275 26 51.505437445 109.5417289973915 0
250 269 19 51.339220125 109.26637597230376 0
261 252 -9 50.708987244999996 108.22291321232161 0
279 255 -24 50.40421378 107.71793337316409 0
266 254 -12 50.647975124999995 108.12186274552876 0
262 247 -15 50.570234879999994 107.99308052226048 0
263 281 18 51.294005125 109.19149781055876 0
259 264 5 51.013206579999995 108.7266039204433 0
267 247 -20 50.477924804999994 107.84011742659108 0
276 244 -32 50.2318645 107.43207861391001 0
262 245 -17 50.530055125 107.92650682569126 0
255 245 -10 50.671466124999995 108.16077133588625 0
254 278 24 51.442744045 109.43785311476321 0
255 254 -1 50.874529779999996 108.4970230718281 0
265 242 -23 50.406596205 107.72188311809698 0
268 246 -22 50.420884244999996 107.74556990676939 0
257 255 -2 50.85595522 108.46627056389944 0
254 261 7 51.054592 108.79511568896001 0
259 294 35 51.674380125 109.82179711031625 0
266 276 10 51.13020440499999 108.92029118121468 0
281 266 -15 50.591470245 108.02826158077012 0
287 268 -19 50.52295528 107.91474210963008 0
277 272 -5 50.8001125 108.37381102375001 0
274 269 -5 50.809432019999996 108.38924205165385 0
277 299 22 51.3505045 109.28506479679001 0
278 286 8 51.08212648 108.84069814100289 0
289 285 -4 50.835035125 108.43163380970876 0
296 284 -12 50.664422079999994 108.14910441686528 0
292 280 -12 50.664422079999994 108.14910441686528 0
291 280 -11 50.690236604999996 108.19185945312537 0
288 303 15 51.21003047999999 109.05245140082113 0
287 276 -11 50.680853844999994 108.1763196945047 0
298 255 -43 50.060335245 107.1473085020149 0
287 259 -28 50.33259688 107.59918143638849 0
269 255 -14 50.593828179999996 108.03216786645369 0
265 252 -13 50.619745005 108.07510116988527 0
265 300 35 51.654467219999994 109.78877306550457 0
261 270 9 51.11190512499999 108.88999640237876 0
275 265 -10 50.68554584499999 108.18409064815931 0
281 262 -19 50.504008719999995 107.88334538839744 0
274 260 -14 50.60325682 108.04778757519976 0
270 255 -15 50.574956019999995 108.00090234746585 0
268 280 12 51.162180404999994 108.97322921514933 0
265 260 -5 50.79545088 108.36609233559552 0
272 249 -23 50.41612280499999 107.73767653439094 0
272 253 -19 50.49926898 107.87549071347289 0
262 252 -10 50.67616060499999 108.16854659085064 0
259 244 -15 50.574956019999995 108.00090234746585 0
261 268 7 51.06836482 108.81791609741578 0
257 262 5 51.024712605 108.74565163363114 0
262 246 -16 50.544246445 107.95002146659152 0
272 253 -19 50.494527999999995 107.86763383808001 0
260 256 -4 50.818746579999996 108.40466462375673 0
257 264 7 51.054592 108.79511568896001 0
262 282 20 51.3505045 109.28506479679001 0
267 268 1 50.927821124999994 108.58525005403875 0
279 249 -30 50.275102479999994 107.50381619077312 0
279 262 -17 50.553701124999996 107.96568695159876 0
263 258 -5 50.8001125 108.37381102375001 0
262 254 -8 50.718355124999995 108.23842723387126 0
267 277 10 51.132490419999996 108.92407575114905 0
263 270 7 51.054592 108.79511568896001 0
270 246 -24 50.38037248 107.6784052798669 0
279 253 -26 50.35650018 107.63882135556169 0
261 250 -11 50.659724499999996 108.14132377789001 0
257 243 -14 50.584394579999994 108.01653946070473 0
259 274 15 51.230495805 109.08633618087543 0
255 259 4 50.992476204999996 108.69228563666448 0
262 239 -23 50.397064645 107.7060807976811 0
270 237 -33 50.1837045 107.35215413529001 0
255 242 -13 50.605613205 108.05169114470854 0
248 239 -9 50.68554584499999 108.18409064815931 0
249 243 -6 50.755777044999995 108.30039784444422 0
250 248 -2 50.85130847999999 108.45857718809089 0
250 229 -21 50.413741619999996 107.73372901450537 0
253 231 -22 50.397064645 107.7060807976811 0
247 224 -23 50.36127712 107.64674261476864 0
241 223 -18 50.466056079999994 107.82044630247873 0
240 249 9 51.114193619999995 108.89378502258937 0
237 234 -3 50.839686205 108.43933454878554 0
242 224 -18 50.466056079999994 107.82044630247873 0
250 223 -27 50.26550272 107.48789037522945 0
241 223 -18 50.473178245 107.83225063286862 0
236 220 -16 50.50874722 107.89119786416457 0
236 244 8 51.11190512499999 108.88999640237876 0
235 215 -20 50.39944799999999 107.71003221312 0
239 213 -26 50.253496045 107.46797036562529 0
238 211 -27 50.236673679999996 107.44005853381569 0
230 205 -25 50.277501644999994 107.5077962304496 0
228 206 -22 50.33259688 107.59918143638849 0
226 249 23 51.48978688 109.51579533774849 0
224 231 7 51.08671122 108.84828808056744 0
230 215 -15 50.513484479999995 107.89904814208512 0
248 214 -34 50.101547919999994 107.21575695628097 0
236 212 -24 50.303872 107.55153938944001 0
230 204 -26 50.224648404999996 107.42010447012134 0
229 233 4 51.015508405 108.73041449056117 0
226 214 -12 50.582035405 108.01263099913183 0
227 208 -19 50.41612280499999 107.73767653439094 0
236 212 -24 50.29428711999999 107.53564068739136 0
228 205 -23 50.320633605 107.57934042752014 0
226 204 -22 50.320633605 107.57934042752014 0
226 226 0 50.91625 108.56609375000001 0
223 215 -8 50.69258152 108.19574305025985 0
226 201 -25 50.253496045 107.46797036562529 0
235 210 -25 50.275102479999994 107.50381619077312 0
227 211 -16 50.496898644999995 107.87156255091692 0
222 202 -20 50.373214045 107.6665359722868 0
227 221 -6 50.746429004999996 108.28491799217073 0
226 209 -17 50.463681404999996 107.81651042107833 0
224 195 -29 50.137837645 107.27601406872242 0
231 206 -25 50.258299644999994 107.47594006930392 0
223 201 -22 50.33498860499999 107.60314795274488 0
219 199 -20 50.363665125 107.65070240485876 0
223 207 -16 50.494527999999995 107.86763383808001 0
221 203 -18 50.43516112499999 107.76923669656125 0
221 197 -24 50.277501644999994 107.5077962304496 0
224 206 -18 50.44229538 107.78106260293752 0
221 219 -2 50.858278125 108.47011646390627 0
220 219 -1 50.874529779999996 108.4970230718281 0
226 236 10 51.166743444999994 108.98078372626699 0
233 227 -6 50.76278481999999 108.31200214438425 0
236 218 -18 50.468430444999996 107.824381631468 0
242 215 -27 50.236673679999996 107.44005853381569 0
236 218 -18 50.449426845 107.79288352286632 0
231 215 -16 50.48978578 107.85977476090792 0
230 236 6 51.063775119999995 108.81031800355265 0
231 232 1 50.927821124999994 108.58525005403875 0
234 215 -19 50.420884244999996 107.74556990676939 0
244 214 -30 50.181293245 107.3481519189164 0
236 220 -16 50.496898644999995 107.87156255091692 0
230 220 -10 50.659724499999996 108.14132377789001 0
230 257 27 51.576789444999996 109.65998513171502 0
233 242 9 51.13020440499999 108.92029118121468 0
241 224 -17 50.496898644999995 107.87156255091692 0
255 224 -31 50.198165519999996 107.37615543258816 0
242 224 -18 50.45893112499999 107.80863700038876 0
236 220 -16 50.515852644999995 107.90297245726259 0
236 258 22 51.436012479999995 109.42670115533312 0
235 232 -3 50.818746579999996 108.40466462375673 0
241 225 -16 50.5182205 107.90689622347 0
248 220 -28 50.2318645 107.43207861391001 0
239 225 -14 50.574956019999995 108.00090234746585 0
235 232 -3 50.835035125 108.43163380970876 0
234 264 30 51.63452920499999 109.75571115063003 0
239 238 -1 50.881490125 108.50854661345376 0
250 226 -24 50.342161919999995 107.61504413392896 0
252 230 -22 50.387528124999996 107.69026956265625 0
242 237 -5 50.790788019999994 108.35837152955817 0
238 232 -6 50.746429004999996 108.28491799217073 0
242 249 7 51.063775119999995 108.81031800355265 0
244 244 0 50.909303605 108.55459371748763 0
246 242 -4 50.823401999999994 108.41237274216 0
253 230 -23 50.3756005 107.67049296673001 0
251 250 -1 50.890766244999995 108.5239040086754 0
245 244 -1 50.886128805 108.51622635722494 0
246 259 13 51.2145805 109.05998484757 0
254 253 -1 50.890766244999995 108.5239040086754 0
257 242 -15 50.553701124999996 107.96568695159876 0
261 249 -12 50.636218 108.10238821832 0
253 245 -8 50.713671805 108.23067129350808 0
252 244 -8 50.720696319999995 108.24230440165377 0
253 274 21 51.370796844999994 109.3186738361837 0
251 258 7 51.059184179999995 108.80271786783769 0
260 246 -14 50.589112 108.02435475136001 0
267 254 -13 50.62680672 108.08679886649857 0
256 256 0 50.91625 108.56609375000001 0
256 264 8 51.08212648 108.84069814100289 0
261 282 21 51.37305 109.32240573000001 0
265 271 6 51.038509604999994 108.76849195405588 0
276 254 -22 50.42802408 107.75740579931329 0
278 266 -12 50.65032562 108.12575603093336 0
264 257 -7 50.76278481999999 108.31200214438425 0
264 254 -10 50.680853844999994 108.1763196945047 0
265 288 23 51.406810125 109.37832564764625 0
260 253 -7 50.760449205 108.30813457638747 0
271 240 -31 50.236673679999996 107.44005853381569 0
263 246 -17 50.5182205 107.90689622347 0
252 243 -9 50.687891379999996 108.18797531914649 0
249 235 -14 50.584394579999994 108.01653946070473 0
251 268 17 51.298532205 109.19899449553954 0
246 259 13 51.20092672 109.03737850630145 0
253 254 1 50.918564845 108.56992605205232 0
266 260 -6 50.779125445 108.33906024012452 0
260 259 -1 50.88844768 108.52006544440833 0
261 257 -4 50.811761125 108.39309848700125 0
264 278 14 51.2145805 109.05998484757 0
262 275 13 51.19637297999999 109.0298390559089 0
270 253 -17 50.548974404999996 107.95785530244717 0
280 260 -20 50.48741420499999 107.85584439624503 0
264 266 2 50.941696244999996 108.60822045637462 0
261 255 -6 50.776792 108.33519639104 0
267 274 7 51.052295445 108.7913138329255 0
263 264 1 50.939384499999996 108.60439335481001 0
267 248 -19 50.494527999999995 107.86763383808001 0
271 271 0 50.913934845 108.5622609269977 0
258 289 31 51.585686124999995 109.67473296318626 0
262 286 24 51.424787005 109.40810488229978 0
283 305 22 51.357271405 109.29627221237168 0
289 311 22 51.3505045 109.28506479679001 0
298 287 -11 50.687891379999996 108.18797531914649 0
310 291 -19 50.541881999999994 107.94610372824 0
293 288 -5 50.809432019999996 108.38924205165385 0
291 286 -5 50.81641840499999 108.40080977288883 0
291 306 15 51.207755004999996 109.04868392756474 0
289 295 6 51.020111125 108.73803408924876 0
298 283 -15 50.60796928 108.05559417147393 0
300 282 -18 50.5655125 107.98525651625 0
288 283 -5 50.809432019999996 108.38924205165385 0
285 272 -13 50.63151298 108.09459462429113 0
285 293 8 51.07295327999999 108.82551215073792 0
278 283 5 51.001692805 108.70754335555844 0
284 270 -14 50.629160004999996 108.09069701594724 0
288 270 -18 50.539517245 107.9421854427209 0
277 271 -6 50.790788019999994 108.35837152955817 0
273 264 -9 50.720696319999995 108.24230440165377 0
273 284 11 51.132490419999996 108.92407575114905 0
270 279 9 51.105037779999996 108.87862749896009 0
276 273 -3 50.837360819999994 108.43548444250777 0
283 276 -7 50.76278481999999 108.31200214438425 0
277 267 -10 50.687891379999996 108.18797531914649 0
277 260 -17 50.53715217999999 107.93826660987033 0
272 280 8 51.07295327999999 108.82551215073792 0
265 280 15 51.237311999999996 109.09762212864001 0
271 274 3 50.974028125 108.66174544234376 0
282 275 -7 50.758113279999996 108.30426647646209 0
278 275 -3 50.839686205 108.43933454878554 0
277 254 -23 50.42802408 107.75740579931329 0
277 279 2 50.939384499999996 108.60439335481001 0
263 261 -2 50.867566645 108.4854948151071 0
267 246 -21 50.451803379999994 107.79682272217448 0
269 251 -18 50.50874722 107.89119786416457 0
256 247 -9 50.71132968 108.22679252059969 0
253 245 -8 50.730058 108.25780772728001 0
253 294 41 51.826211519999994 110.07373611369985 0
251 263 12 51.189540044999994 109.0185261227173 0
264 254 -10 50.68554584499999 108.18409064815931 0
270 258 -12 50.643273205 108.11407455517397 0
261 245 -16 50.556064019999994 107.96960195657016 0
259 241 -18 50.492157045 107.86370457479829 0
254 254 0 50.900037405 108.53925303985767 0
248 259 11 51.171305245 108.98833622502762 0
251 243 -8 50.71132968 108.22679252059969 0
260 243 -17 50.525322204999995 107.91866422991048 0
253 232 -21 50.41850367999999 107.74162349842433 0
248 232 -16 50.530055125 107.92650682569126 0
243 259 16 51.282681999999994 109.17274745176 0
240 246 6 51.059184179999995 108.80271786783769 0
247 232 -15 50.556064019999994 107.96960195657016 0
255 236 -19 50.463681404999996 107.81651042107833 0
244 230 -14 50.577316124999996 108.00481244267625 0
241 229 -12 50.619745005 108.07510116988527 0
240 245 5 51.02931284499999 108.75326712501919 0
238 242 4 50.992476204999996 108.69228563666448 0
242 225 -17 50.482670125 107.84798201394625 0
248 225 -23 50.351721999999995 107.63089785656001 0
239 227 -12 50.619745005 108.07510116988527 0
234 226 -8 50.71132968 108.22679252059969 0
235 237 2 50.960179045 108.6388185933443 0
236 233 -3 50.844336045 108.44703318243279 0
238 231 -7 50.746429004999996 108.28491799217073 0
242 242 0 50.90467112499999 108.54692442221126 0
240 243 3 50.976335219999996 108.66556477390057 0
242 240 -2 50.853632004999994 108.46242413868228 0
247 271 24 51.462922 109.47128292344001 0
246 265 19 51.33696232 109.26263673615425 0
255 252 -3 50.825729245 108.41622601002312 0
268 242 -26 50.33259688 107.59918143638849 0
258 242 -16 50.532421119999995 107.93042730151937 0
250 245 -5 50.783791404999995 108.34678634660418 0
246 281 35 51.71633601999999 109.89139071240585 0
247 259 12 51.194095645 109.02606857935592 0
260 247 -13 50.610325044999996 108.0594966556598 0
266 252 -14 50.60796928 108.05559417147393 0
254 258 4 50.987866045 108.68465368461722 0
253 260 7 51.070659205 108.82171437906254 0
257 291 34 51.661107644999994 109.7997852823276 0
261 272 11 51.153050605 108.95811415059939 0
274 273 -1 50.886128805 108.51622635722494 0
277 276 -1 50.881490125 108.50854661345376 0
273 282 9 51.09129471999999 108.85587598483457 0
275 275 0 50.902354419999995 108.54308899200105 0
279 297 18 51.275884405 109.16149130100284 0
277 281 4 50.994780819999995 108.69610083929224 0
285 266 -19 50.525322204999995 107.91866422991048 0
285 272 -13 50.63151298 108.09459462429113 0
271 263 -8 50.730058 108.25780772728001 0
269 262 -7 50.758113279999996 108.30426647646209 0
266 283 17 51.282681999999994 109.17274745176 0
263 267 4 50.997085125 108.69991552654126 0
272 260 -12 50.645624319999996 108.11796892033024 0
272 254 -18 50.511116005 107.89512327777373 0
263 258 -5 50.79545088 108.36609233559552 0
257 256 -1 50.874529779999996 108.4970230718281 0
257 286 29 51.54784098 109.61200232913913 0
258 260 2 50.946318805 108.61587310222508 0
268 253 -15 50.582035405 108.01263099913183 0
265 252 -13 50.619745005 108.07510116988527 0
257 258 1 50.937072445 108.60056573393399 0
254 251 -3 50.835035125 108.43163380970876 0
256 274 18 51.309844479999995 109.21772757311489 0
255 255 0 50.90467112499999 108.54692442221126 0
261 247 -14 50.598543119999995 108.03997880729665 0
261 249 -12 50.636218 108.10238821832 0
252 255 3 50.974028125 108.66174544234376 0
250 251 1 50.927821124999994 108.58525005403875 0
253 280 27 51.518840125 109.56393918448376 0
254 264 10 51.123344499999995 108.90893443649 0
263 256 -7 50.744091219999994 108.28104669723257 0
268 255 -13 50.629160004999996 108.09069701594724 0
259 256 -3 50.83270912 108.42778265022464 0
256 257 1 50.93476008 108.59673759358273 0
256 284 28 51.523305205 109.57133875821654 0
257 269 12 51.18270432 109.00720867646977 0
268 264 -4 50.81641840499999 108.40080977288883 0
273 267 -6 50.774458245 108.3313320111739 0
265 266 1 50.932447405 108.59290893359234 0
265 263 -2 50.862923005 108.47780668894424 0
266 290 24 51.42703272 109.41182510506945 0
264 278 14 51.207755004999996 109.04868392756474 0
274 265 -9 50.720696319999995 108.24230440165377 0
280 266 -14 50.612680499999996 108.06339859743001 0
268 267 -1 50.876850205 108.50086477605097 0
265 268 3 50.96941300499999 108.65410522850578 0
265 289 24 51.413553779999994 109.38949649903593 0
266 271 5 51.024712605 108.74565163363114 0
276 266 -10 50.70195808 108.21127207363072 0
274 274 0 50.902354419999995 108.54308899200105 0
267 270 3 50.974028125 108.66174544234376 0
269 267 -2 50.867566645 108.4854948151071 0
270 291 21 51.35501608 109.29253689672129 0
267 280 13 51.175865805 108.99588671274208 0
276 268 -8 50.730058 108.25780772728001 0
281 270 -11 50.687891379999996 108.18797531914649 0
270 269 -1 50.876850205 108.50086477605097 0
268 265 -3 50.85130847999999 108.45857718809089 0
268 287 19 51.30532049999999 109.21023582153 0
265 268 3 50.967104979999995 108.65028434589689 0
273 264 -9 50.718355124999995 108.23842723387126 0
271 268 -3 50.8466605 108.45088171013 0
264 277 13 51.194095645 109.02606857935592 0
265 273 8 51.070659205 108.82171437906254 0
271 297 26 51.447230205 109.44528533861848 0
272 272 0 50.90467112499999 108.54692442221126 0
281 265 -16 50.574956019999995 108.00090234746585 0
275 265 -10 50.699614405 108.20739062223534 0
266 266 0 50.90467112499999 108.54692442221126 0
263 265 2 50.953250319999995 108.62734818026176 0
264 281 17 51.26454888 109.14272114307649 0
264 270 6 51.04540392 108.77990519647297 0
270 259 -11 50.659724499999996 108.14132377789001 0
271 257 -14 50.610325044999996 108.0594966556598 0
261 258 -3 50.835035125 108.43163380970876 0
257 258 1 50.932447405 108.59290893359234 0
256 270 14 51.230495805 109.08633618087543 0
257 256 -1 50.88844768 108.52006544440833 0
262 244 -18 50.511116005 107.89512327777373 0
259 252 -7 50.753440499999996 108.29652868017001 0
249 250 1 50.918564845 108.56992605205232 0
249 245 -4 50.823401999999994 108.41237274216 0
251 271 20 51.357271405 109.29627221237168 0
248 252 4 50.997085125 108.69991552654126 0
255 245 -10 50.68554584499999 108.18409064815931 0
256 249 -7 50.74876647999999 108.28878875419713 0
248 243 -5 50.790788019999994 108.35837152955817 0
248 237 -11 50.652675804999994 108.12964877670794 0
246 266 20 51.36178112499999 109.30374137586125 0
242 248 6 51.043106124999994 108.77610129432625 0
248 242 -6 50.753440499999996 108.29652868017001 0
252 245 -7 50.75110364499999 108.2926589834756 0
245 243 -2 50.853632004999994 108.46242413868228 0
244 240 -4 50.804772879999994 108.38152759533249 0
245 258 13 51.207755004999996 109.04868392756474 0
243 249 6 51.052295445 108.7913138329255 0
248 245 -3 50.844336045 108.44703318243279 0
251 246 -5 50.788456124999996 108.35451033192376 0
247 244 -3 50.830382805 108.42393096389158 0
246 237 -9 50.687891379999996 108.18797531914649 0
245 283 38 51.77796178 109.99364541155609 0
241 255 14 51.230495805 109.08633618087543 0
251 246 -5 50.786123919999994 108.35064860432705 0
258 244 -14 50.582035405 108.01263099913183 0
248 240 -8 50.71601362 108.23454953121065 0
245 240 -5 50.779125445 108.33906024012452 0
243 258 15 51.26228084499999 109.13896562401682 0
241 245 4 51.003996179999994 108.71135649765432 0
247 233 -14 50.570234879999994 107.99308052226048 0
249 241 -8 50.725377779999995 108.25005713323992 0
240 236 -4 50.809432019999996 108.38924205165385 0
239 235 -4 50.807102605 108.38538508781888 0
240 261 21 51.402312804999994 109.37087598505907 0
238 243 5 51.024712605 108.74565163363114 0
245 240 -5 50.776792 108.33519639104 0
247 241 -6 50.765120124999996 108.31586918061626 0
242 241 -1 50.883809619999994 108.51238674696137 0
241 237 -4 50.807102605 108.38538508781888 0
242 254 12 51.198650005 109.03360903150278 0
240 249 9 51.12791808 108.91650610556928 0
244 241 -3 50.8466605 108.45088171013 0
249 242 -7 50.741753124999995 108.27717486921875 0
244 237 -7 50.741753124999995 108.27717486921875 0
242 238 -4 50.821074444999994 108.4085189467925 0
240 248 8 51.105037779999996 108.87862749896009 0
239 241 2 50.96248799999999 108.64264102848 0
243 237 -6 50.774458245 108.3313320111739 0
244 242 -2 50.858278125 108.47011646390627 0
240 258 18 51.33244577999999 109.25515679129208 0
241 240 -1 50.874529779999996 108.4970230718281 0
248 255 7 51.079833644999994 108.83690240757441 0
244 253 9 51.114193619999995 108.89378502258937 0
246 250 4 50.994780819999995 108.69610083929224 0
251 263 12 51.175865805 108.99588671274208 0
249 258 9 51.107327205 108.88241764072798 0
253 252 -1 50.88844768 108.52006544440833 0
256 273 17 51.28721218 109.1802490783297 0
251 266 15 51.253205605 109.12393858406814 0
257 253 -4 50.818746579999996 108.40466462375673 0
263 257 -6 50.774458245 108.3313320111739 0
254 262 8 51.093586005 108.85966917414123 0
252 255 3 50.97172071999999 108.65792559393344 0
256 281 25 51.469642404999995 109.48241751787518 0
254 263 9 51.11876968 108.90136074260033 0
261 265 4 51.003996179999994 108.71135649765432 0
263 266 3 50.96248799999999 108.64264102848 0
259 271 12 51.166743444999994 108.98078372626699 0
260 264 4 50.992476204999996 108.69228563666448 0
263 288 25 51.4405005 109.43413627827 0
261 273 12 51.1690245 108.98456022711001 0
268 261 -7 50.746429004999996 108.28491799217073 0
271 267 -4 50.825729245 108.41622601002312 0
259 269 10 51.121057244999996 108.9051478427284 0
259 266 7 51.063775119999995 108.81031800355265 0
262 291 29 51.534462479999995 109.58982934442689 0
261 277 16 51.248666125 109.11642208357375 0
271 269 -2 50.872209045 108.49318084370572 0
274 270 -4 50.811761125 108.39309848700125 0
265 270 5 51.027012879999994 108.74945963586752 0
263 258 -5 50.797781844999996 108.3699519443262 0
264 286 22 51.39106408 109.35224331988672 0
257 271 14 51.207755004999996 109.04868392756474 0
264 260 -4 50.825729245 108.41622601002312 0
268 257 -11 50.662073445 108.14521436678302 0
258 256 -2 50.867566645 108.4854948151071 0
253 250 -3 50.8466605 108.45088171013 0
252 277 25 51.460681244999996 109.4675704289329 0
249 264 15 51.253205605 109.12393858406814 0
256 249 -7 50.758113279999996 108.30426647646209 0
261 256 -5 50.804772879999994 108.38152759533249 0
250 254 4 50.987866045 108.68465368461722 0
249 253 4 51.008601999999996 108.71898123784001 0
250 282 32 51.62344168 109.73732701256769 0
249 272 23 51.422540979999994 109.40438417512088 0
259 258 -1 50.886128805 108.51622635722494 0
267 267 0 50.906987519999994 108.55075933065217 0
256 271 15 51.241854579999995 109.10514360349529 0
256 268 12 51.180425125 109.00343519072126 0
262 287 25 51.44947282 109.44900072630824 0
262 272 10 51.13020440499999 108.92029118121468 0
269 265 -4 50.821074444999994 108.4085189467925 0
268 273 5 51.010904444999994 108.72279283625751 0
260 278 18 51.298532205 109.19899449553954 0
262 274 12 51.162180404999994 108.97322921514933 0
267 297 30 51.54784098 109.61200232913913 0
267 290 23 51.39556449999999 109.35969784541001 0
275 277 2 50.94400768 108.61204703879169 0
282 275 -7 50.755777044999995 108.30039784444422 0
272 271 -1 50.890766244999995 108.5239040086754 0
267 265 -2 50.853632004999994 108.46242413868228 0
264 275 11 51.14619999999999 108.94677256 0
259 268 9 51.116481805 108.89757313594194 0
262 255 -7 50.755777044999995 108.30039784444422 0
263 265 2 50.946318805 108.61587310222508 0
253 265 12 51.173585679999995 108.99211172018369 0
253 259 6 51.03621088 108.7646865156045 0
257 285 28 51.516607119999996 109.56023868140865 0
254 269 15 51.248666125 109.11642208357375 0
262 262 0 50.895402444999995 108.53157956911602 0
265 267 2 50.953250319999995 108.62734818026176 0
256 259 3 50.976335219999996 108.66556477390057 0
257 266 9 51.105037779999996 108.87862749896009 0
254 283 29 51.554526044999996 109.62308240142471 0
255 269 14 51.212305644999994 109.0562183741016 0
265 268 3 50.967104979999995 108.65028434589689 0
264 273 9 51.100457999999996 108.87104569272 0
259 272 13 51.191818 109.02229760168001 0
262 268 6 51.033911845 108.76088056472382 0
263 297 34 51.647824005 109.77775664089677 0
260 279 19 51.334704204999994 109.25889700920499 0
271 269 -2 50.867566645 108.4854948151071 0
274 272 -2 50.872209045 108.49318084370572 0
263 266 3 50.976335219999996 108.66556477390057 0
262 263 1 50.927821124999994 108.58525005403875 0
259 276 17 51.28721218 109.1802490783297 0
256 267 11 51.162180404999994 108.97322921514933 0
260 262 2 50.957869779999996 108.63499564037193 0
261 258 -3 50.835035125 108.43163380970876 0
255 256 1 50.939384499999996 108.60439335481001 0
252 256 4 51.003996179999994 108.71135649765432 0
249 276 27 51.516607119999996 109.56023868140865 0
249 265 16 51.269084019999994 109.15023069322984 0
256 256 0 50.902354419999995 108.54308899200105 0
259 251 -8 50.734736979999994 108.26555618508489 0
251 253 2 50.953250319999995 108.62734818026176 0
246 255 9 51.11190512499999 108.88999640237876 0
246 274 28 51.563435125 109.63784918322875 0
247 262 15 51.26454888 109.14272114307649 0
255 256 1 50.930134419999995 108.58907975379897 0
257 262 5 51.01780992 108.73422454677505 0
250 253 3 50.96941300499999 108.65410522850578 0
251 252 1 50.937072445 108.60056573393399 0
248 273 25 51.48978688 109.51579533774849 0
245 256 11 51.15989842 108.96945120454697 0
253 250 -3 50.844336045 108.44703318243279 0
252 250 -2 50.86524497999999 108.48165101430313 0
245 250 5 51.02241202 108.74184311814616 0
243 246 3 50.980948479999995 108.67320188710913 0
243 266 23 51.436012479999995 109.42670115533312 0
241 245 4 51.013206579999995 108.7266039204433 0
247 248 1 50.92550752 108.58141983414785 0
243 246 3 50.978642005 108.66938358876774 0
241 246 5 51.03621088 108.7646865156045 0
241 237 -4 50.818746579999996 108.40466462375673 0
