171 140 -31 51.718541124999994 109.89504889430125 0
160 139 -21 52.080291644999996 110.49601741900791 0
154 140 -14 52.382961804999994 111.00054502151058 0
151 152 1 53.08827442 112.18584608327896 0
150 142 -8 52.695894804999995 111.52447667676108 0
153 139 -14 52.412464005 111.04982930152323 0
160 144 -16 52.323775125 110.90173357309126 0
153 141 -12 52.496421205 111.19020024573804 0
152 140 -12 52.4817645 111.16568222691001 0
155 155 0 53.04814962 112.11794658524137 0
153 153 0 53.07223938 112.15870345060152 0
153 145 -8 52.687640445 111.510620839798 0
165 147 -18 52.251578845 110.78130848601032 0
162 144 -18 52.247320845 110.77420951135569 0
156 142 -14 52.395613045 111.0216767250438 0
157 160 3 53.176112499999995 112.33472542625 0
155 146 -9 52.644223679999996 111.43777550034433 0
155 144 -11 52.567394844999995 111.30900758037481 0
166 142 -24 52.015547444999996 110.38831906978102 0
157 144 -13 52.45660338 111.12360518088553 0
155 143 -12 52.517333005 111.22519170654674 0
154 152 -2 52.94729511999999 111.94756605052737 0
155 147 -8 52.691768245 111.51754953439863 0
156 143 -13 52.444006079999994 111.10254472048129 0
161 145 -16 52.33859457999999 110.92646693675529 0
157 150 -7 52.72886264499999 111.5798380923926 0
155 146 -9 52.62764799999999 111.40997952512001 0
157 166 9 53.439922319999994 112.78402837823424 0
160 161 1 53.116288 112.23329090048 0
159 146 -13 52.483859245 111.16918601354561 0
174 147 -27 51.911376405 110.21517526438917 0
167 152 -15 52.41035872 111.04631166624256 0
158 152 -6 52.790463445 111.68337554838949 0
159 175 16 53.755218879999994 113.32597248420353 0
163 166 3 53.197978244999995 112.37183917540612 0
166 158 -8 52.71444898 111.55562964359288 0
180 158 -22 52.179024205 110.66039502344753 0
173 160 -13 52.500606045 111.1972017603553 0
168 159 -9 52.691768245 111.51754953439863 0
168 175 7 53.353911999999994 112.63716265664002 0
169 181 12 53.544660179999994 112.96340903555833 0
172 170 -2 52.95943858 111.96805983111129 0
185 169 -16 52.42298578 111.06741133095208 0
184 171 -13 52.546557445 111.27411228198852 0
178 169 -9 52.69795762 111.52793966626265 0
178 181 3 53.17213287999999 112.32797294258754 0
179 177 -2 52.9756125 111.99536434875 0
181 160 -21 52.230276445 110.74579668771402 0
187 161 -26 52.054427444999995 110.45298536959899 0
178 163 -15 52.433499805 111.08498313044393 0
170 165 -5 52.82933298 111.74877201041113 0
171 181 10 53.453550445 112.80733465991202 0
173 175 2 53.120284979999994 112.2400630600169 0
178 161 -17 52.359738879999995 110.96176498843649 0
186 163 -23 52.16832418 110.64257205229768 0
178 163 -15 52.45660338 111.12360518088553 0
171 166 -5 52.841584319999996 111.76939519041025 0
173 178 5 53.255444499999996 112.46948376949001 0
173 178 5 53.2752 112.50308736000001 0
178 168 -10 52.6483645 111.44472057259 0
186 173 -13 52.57364002 111.31946840355785 0
182 175 -7 52.788414579999994 111.67992983722473 0
178 170 -8 52.71856871999999 111.56254827207745 0
182 187 5 53.255444499999996 112.46948376949001 0
181 181 0 53.074244844999996 112.1620975289277 0
183 176 -7 52.792511999999995 111.68682087936 0
192 176 -16 52.47757408 111.15867343964673 0
187 176 -11 52.64629424499999 111.4412482322994 0
184 177 -7 52.794560245 111.69026583030012 0
185 189 4 53.201949805 112.37858261117857 0
185 189 4 53.195992 112.36846693696 0
189 187 -2 52.99176658 112.02264548827672 0
196 184 -12 52.629721045 111.41345539628972 0
195 185 -10 52.693831679999995 111.5210132995277 0
193 181 -12 52.604824045 111.37171895901679 0
192 195 3 53.18406802 112.34822620812184 0
190 201 11 53.453550445 112.80733465991202 0
194 185 -9 52.74120512499999 111.60057316994126 0
205 184 -21 52.336478445 110.92293484765551 0
196 194 -2 53.001852805 112.03968436606158 0
192 190 -2 52.967528019999996 111.98171501743818 0
196 201 5 53.23367764499999 112.4324802730501 0
198 202 4 53.20393512 112.38195380883265 0
201 197 -4 52.93311364499999 111.9236399126056 0
207 195 -12 52.6483645 111.44472057259 0
205 194 -11 52.68557608 111.50715590999873 0
202 191 -11 52.658711124999996 111.46207640481126 0
201 201 0 53.06421442 112.14512356148104 0
199 212 13 53.50597378 112.89708128035593 0
202 198 -4 52.90470512499999 111.87573337812125 0
212 196 -16 52.527777279999995 111.24267235831809 0
206 201 -5 52.874199999999995 111.82432424000001 0
203 186 -17 52.44820642 111.10956650243705 0
205 202 -3 52.955391999999996 111.96123003904 0
197 197 0 53.04814962 112.11794658524137 0
199 185 -14 52.540300179999996 111.26363590909833 0
205 187 -18 52.427192319999996 111.07444127719424 0
196 181 -15 52.494328319999994 111.18669888331777 0
193 179 -14 52.534040125 111.25315593601626 0
191 198 7 53.316585644999996 112.57354419648593 0
188 195 7 53.32052000499999 112.58024659047278 0
193 184 -9 52.724746005 111.57292332074374 0
203 187 -16 52.496421205 111.19020024573804 0
195 187 -8 52.759697919999994 111.63164986875904 0
193 180 -13 52.57988240499999 111.32992565014484 0
194 194 0 53.050158804999995 112.12134496339493 0
191 195 4 53.217823644999996 112.40554249670441 0
193 181 -12 52.62557464499999 111.40650326081109 0
201 186 -15 52.52360049999999 111.23568130177001 0
193 185 -8 52.763804019999995 111.63855158845017 0
191 181 -10 52.68144641999999 111.50022488458296 0
193 186 -7 52.78431592 111.67303727365697 0
191 193 2 53.13226847999999 112.26037106022913 0
191 175 -16 52.441905444999996 111.09903321824702 0
196 178 -18 52.41035872 111.04631166624256 0
188 173 -15 52.47338241999999 111.15166303263497 0
184 170 -14 52.496421205 111.19020024573804 0
184 187 3 53.166161124999995 112.31784159749876 0
180 188 8 53.36175591999999 112.65054060810304 0
183 173 -10 52.67731551999999 111.49329230365186 0
195 174 -21 52.268598444999995 110.80968749893199 0
187 174 -13 52.544472 111.27062055744001 0
182 169 -13 52.563229844999995 111.3020317090702 0
182 182 0 53.062207404999995 112.14172769442767 0
181 183 2 53.13825604499999 112.27052029934723 0
182 175 -7 52.778165605 111.66269557275189 0
190 176 -14 52.540300179999996 111.26363590909833 0
187 170 -17 52.416673644999996 111.0568633421981 0
184 168 -16 52.429295124999996 111.07795563692876 0
182 188 6 53.29098207999999 112.52994569385473 0
178 175 -3 52.93108648 111.92022041931713 0
182 167 -15 52.47757408 111.15867343964673 0
188 169 -19 52.33859457999999 110.92646693675529 0
180 168 -12 52.586121999999996 111.34037932456 0
177 165 -12 52.552811919999996 111.28458505911105 0
178 180 2 53.134264644999995 112.2637544922186 0
176 168 -8 52.71856871999999 111.56254827207745 0
178 157 -21 52.206807999999995 110.70668471872001 0
182 164 -18 52.355512499999996 110.95470869625001 0
173 163 -10 52.629721045 111.41345539628972 0
169 154 -15 52.42508920499999 111.07092650858998 0
173 178 5 53.271251379999995 112.49636937277353 0
170 168 -2 52.98974840499999 112.01923662145884 0
169 159 -10 52.61312800499999 111.38563740985828 0
182 156 -26 51.99606978 110.35593245948809 0
174 151 -23 52.08675072 110.50676561977345 0
168 150 -18 52.285598205 110.83803955766103 0
165 158 -7 52.74326112 111.60402767079937 0
162 161 -1 53.01596049999999 112.06352354713 0
163 160 -3 52.94729511999999 111.94756605052737 0
169 157 -12 52.52986520499999 111.24616728500348 0
171 152 -19 52.272850245 110.81677803729262 0
170 150 -20 52.193991219999994 110.68532920990745 0
166 164 -2 52.961461404999994 111.97147417717417 0
163 161 -2 52.965506125 111.97830177017376 0
163 151 -12 52.513153124999995 111.21819663421876 0
173 150 -23 52.110410124999994 110.54614222116626 0
168 148 -20 52.183302045 110.6675212144708 0
162 146 -16 52.323775125 110.90173357309126 0
161 159 -2 52.967528019999996 111.98171501743818 0
159 155 -4 52.874199999999995 111.82432424000001 0
159 143 -16 52.330128179999996 110.91233608420633 0
168 146 -22 52.11685618 110.55687218611433 0
163 147 -16 52.340710404999996 110.92999861010318 0
156 147 -9 52.66077952 111.46554639855617 0
158 155 -3 52.92297472 111.90653875564544 0
159 150 -9 52.66698284499999 111.4759540373417 0
160 146 -14 52.404041004999996 111.03575629866128 0
165 153 -12 52.536127119999996 111.25664966067137 0
161 167 6 53.332315644999994 112.6003456912316 0
159 149 -10 52.604824045 111.37171895901679 0
167 171 4 53.237638045 112.43921127240873 0
170 169 -1 53.009916204999996 112.05330893055554 0
164 157 -7 52.74737218 111.61093552079033 0
179 156 -23 52.106111205 110.53898674504947 0
174 153 -21 52.174745125 110.65326712025876 0
167 151 -16 52.355512499999996 110.95470869625001 0
166 171 5 53.269276604999995 112.49300986769464 0
164 166 2 53.13825604499999 112.27052029934723 0
165 154 -11 52.59859281999999 111.36127597457177 0
178 152 -26 51.991738 110.34873057752 0
172 157 -15 52.42508920499999 111.07092650858998 0
165 154 -11 52.57780192 111.32644029840897 0
164 181 17 53.766596019999994 113.34564227228586 0
167 167 0 53.060200079999994 112.13833146913728 0
169 161 -8 52.72268722 111.56946535684457 0
182 164 -18 52.325893119999996 110.90526816014336 0
175 165 -10 52.66491538 111.47248521465752 0
172 157 -15 52.433499805 111.08498313044393 0
174 169 -5 52.855863445 111.79343845711301 0
172 159 -13 52.504789644999995 111.20420166243392 0
170 150 -20 52.221746804999995 110.73158010252693 0
175 156 -19 52.251578845 110.78130848601032 0
167 154 -13 52.498513779999996 111.19370120469593 0
163 155 -8 52.71856871999999 111.56254827207745 0
166 172 6 53.310681779999996 112.56348807562392 0
165 164 -1 53.030053005 112.08734498991424 0
169 155 -14 52.46918951999999 111.14465100456385 0
178 154 -24 52.063053804999996 110.46733637281008 0
171 158 -13 52.49223512499999 111.18319711727125 0
166 154 -12 52.559063605 111.29505424489014 0
165 182 17 53.764700604999994 113.34236472293688 0
167 178 11 53.500160124999994 112.88712106189627 0
170 167 -3 52.94324482 111.94073185146425 0
188 168 -20 52.304699219999996 110.86990350950857 0
181 165 -16 52.404041004999996 111.03575629866128 0
177 164 -13 52.550727404999996 111.28109453266018 0
176 175 -1 53.030053005 112.08734498991424 0
174 168 -6 52.812980499999995 111.72125331443002 0
177 155 -22 52.174745125 110.65326712025876 0
181 158 -23 52.13832288 110.59261062922752 0
173 160 -13 52.527777279999995 111.24267235831809 0
167 159 -8 52.693831679999995 111.5210132995277 0
169 176 7 53.33035047999999 112.59699668194114 0
170 170 0 53.060200079999994 112.13833146913728 0
172 163 -9 52.704144205 111.53832631001504 0
182 168 -14 52.502697999999995 111.20070191288 0
177 175 -2 52.981672605 112.00559751118888 0
174 183 9 53.422378124999994 112.75403961140626 0
179 195 16 53.684813245 113.20443540766362 0
186 194 8 53.344100125 112.62043269771625 0
196 178 -18 52.391397205 111.01463447092453 0
201 172 -29 52.01771007999999 110.39191537737729 0
191 177 -14 52.52986520499999 111.24616728500348 0
184 180 -4 52.910797779999996 111.88600517055993 0
183 196 13 53.546591244999995 112.9667220724629 0
186 186 0 53.076249999999995 112.16549125 0
194 180 -14 52.538213805 111.26014298497743 0
197 182 -15 52.502697999999995 111.20070191288 0
191 181 -10 52.687640445 111.510620839798 0
189 181 -8 52.74120512499999 111.60057316994126 0
189 190 1 53.08827442 112.18584608327896 0
189 195 6 53.271251379999995 112.49636937277353 0
192 176 -16 52.441905444999996 111.09903321824702 0
199 177 -22 52.251578845 110.78130848601032 0
189 180 -9 52.716509005 111.55908915088177 0
184 174 -10 52.68557608 111.50715590999873 0
186 192 6 53.265326124999994 112.48628983378626 0
185 187 2 53.152216179999996 112.29418954457432 0
188 176 -12 52.602747279999996 111.36823835936192 0
196 183 -13 52.57988240499999 111.32992565014484 0
189 180 -9 52.716509005 111.55908915088177 0
187 180 -7 52.776114879999994 111.65924757698049 0
189 197 8 53.35587344499999 112.64050764532053 0
188 188 0 53.060200079999994 112.13833146913728 0
194 180 -14 52.540300179999996 111.26363590909833 0
198 178 -20 52.336478445 110.92293484765551 0
191 270 79 55.652944604999995 116.78485036331914 0
187 315 128 56.968900645 119.5959379041491 0
203 251 48 54.612625779999995 114.83688821954793 0
266 207 -59 51.42703272 109.41182510506945 0
207 196 -11 52.66905 111.47942247 0
198 191 -7 52.81707048 111.72813525549888 0
205 190 -15 52.52360049999999 111.23568130177001 0
200 189 -11 52.66491538 111.47248521465752 0
197 205 8 53.353911999999994 112.63716265664002 0
196 187 -9 52.72268722 111.56946535684457 0
203 178 -25 52.17688482 110.65683128595576 0
197 178 -19 52.353398844999994 110.95117992857719 0
190 178 -12 52.623500979999996 111.40302660319912 0
186 173 -13 52.554896125 111.28807518652376 0
186 199 13 53.546591244999995 112.9667220724629 0
184 185 1 53.096284499999996 112.19940884781 0
189 183 -6 52.847705805 111.77970170087794 0
196 177 -19 52.359738879999995 110.96176498843649 0
192 179 -13 52.561146879999995 111.29854317617153 0
188 176 -12 52.617278125 111.39259426890627 0
186 185 -1 53.007900819999996 112.04990333358776 0
186 192 6 53.287038419999995 112.52323315002697 0
188 178 -10 52.66491538 111.47248521465752 0
195 179 -16 52.46918951999999 111.14465100456385 0
190 175 -15 52.47338241999999 111.15166303263497 0
186 170 -16 52.441905444999996 111.09903321824702 0
185 184 -1 53.03608799999999 112.09754876352001 0
181 181 0 53.05618449999999 112.13153794319001 0
183 173 -10 52.662847604999996 111.46901600178364 0
190 177 -13 52.569476879999996 111.31249491910849 0
185 174 -11 52.631793779999995 111.41693087448408 0
183 168 -15 52.46499538 111.13763735412249 0
184 183 -1 53.00386912 112.04309105150465 0
180 178 -2 52.973591844999994 111.9919525642562 0
181 167 -14 52.490141619999996 111.17969494743465 0
188 171 -17 52.399827644999995 111.02871733385241 0
181 168 -13 52.55698002 111.29156491506217 0
177 163 -14 52.50688098 111.20770100918088 0
179 192 13 53.56010001999999 112.98990443800217 0
176 178 2 53.1362605 112.26713757187001 0
179 161 -18 52.321656819999994 110.89819856914025 0
190 166 -24 52.13617760499999 110.58903872781613 0
178 164 -14 52.490141619999996 111.17969494743465 0
172 162 -10 52.621427005 111.39954955212023 0
175 173 -2 52.973591844999994 111.9919525642562 0
173 179 6 53.292953444999995 112.533301456597 0
174 165 -9 52.702082319999995 111.53486448272577 0
183 167 -16 52.441905444999996 111.09903321824702 0
180 165 -15 52.47757408 111.15867343964673 0
175 159 -16 52.399827644999995 111.02871733385241 0
176 185 9 53.408715279999996 112.73069662988993 0
173 169 -4 52.902673619999995 111.87230870549065 0
174 157 -17 52.340710404999996 110.92999861010318 0
184 158 -26 52.030679379999995 110.41348398174152 0
174 159 -15 52.437703244999994 111.0920089904464 0
168 156 -12 52.559063605 111.29505424489014 0
169 169 0 53.058192444999996 112.13493488544601 0
169 172 3 53.180090879999995 112.34147651432448 0
170 158 -12 52.52986520499999 111.24616728500348 0
179 159 -20 52.26434540499999 110.80259527593434 0
175 155 -20 52.245191379999994 110.77065938991353 0
169 157 -12 52.538213805 111.26014298497743 0
169 163 -6 52.808889279999995 111.71436985979393 0
167 157 -10 52.633866205 111.42040595986697 0
169 155 -14 52.47128612499999 111.14815722131377 0
171 160 -11 52.58820124499999 111.34386308964712 0
167 163 -4 52.884376124999996 111.84146992896376 0
167 162 -5 52.839543205 111.76595893494398 0
171 169 -2 52.955391999999996 111.96123003904 0
172 163 -9 52.695894804999995 111.52447667676108 0
173 153 -20 52.217480124999994 110.72446926200377 0
176 154 -22 52.144756844999996 110.60332374718882 0
170 156 -14 52.47128612499999 111.14815722131377 0
165 155 -10 52.638010124999994 111.42735495285376 0
166 175 9 53.430178645 112.76737122926309 0
167 173 6 53.310681779999996 112.56348807562392 0
170 159 -11 52.61105248 111.3821583889869 0
182 160 -22 52.18116327999999 110.66395833289792 0
176 162 -14 52.47128612499999 111.14815722131377 0
170 163 -7 52.78431592 111.67303727365697 0
171 178 7 53.357834579999995 112.64385230001528 0
172 177 5 53.265326124999994 112.48628983378626 0
177 170 -7 52.794560245 111.69026583030012 0
186 163 -23 52.157616405 110.62473835963084 0
182 174 -8 52.72886264499999 111.5798380923926 0
176 165 -11 52.62557464499999 111.40650326081109 0
175 179 4 53.219806479999995 112.40891092612289 0
179 174 -5 52.855863445 111.79343845711301 0
178 157 -21 52.20253698 110.69956792117513 0
184 159 -25 52.05227008 110.44939652534273 0
175 163 -12 52.57780192 111.32644029840897 0
168 163 -5 52.853824499999995 111.79000483089001 0
170 179 9 53.434077044999995 112.77403507098171 0
173 171 -2 52.993784444999996 112.0260539911225 0
177 161 -16 52.401934479999994 111.03223702167489 0
183 167 -16 52.43139762 111.08146958795737 0
176 171 -5 52.853824499999995 111.79000483089001 0
172 171 -1 53.00386912 112.04309105150465 0
177 181 4 53.21187327999999 112.39543513505794 0
179 172 -7 52.763804019999995 111.63855158845017 0
182 166 -16 52.416673644999996 111.0568633421981 0
184 170 -14 52.50688098 111.20770100918088 0
178 166 -12 52.561146879999995 111.29854317617153 0
176 161 -15 52.4608 111.13062208000001 0
177 184 7 53.33820928 112.61039070404608 0
174 175 1 53.082263604999994 112.17567027133238 0
176 167 -9 52.675249605 111.48982542945838 0
186 167 -19 52.302578125 110.86636474609375 0
179 155 -24 52.07382978 110.48526529803193 0
176 164 -12 52.559063605 111.29505424489014 0
172 182 10 53.457441405 112.81399066294168 0
168 177 9 53.445764804999996 112.79401874302894 0
178 172 -6 52.819115005 111.73157565885528 0
187 174 -13 52.546557445 111.27411228198852 0
183 176 -7 52.800703119999994 111.70059840457665 0
181 173 -8 52.74942724499999 111.6143888702509 0
183 195 12 53.49628280499999 112.88047930722908 0
183 181 -2 52.98369201999999 112.00900783553385 0
188 185 -3 52.937167044999995 111.93047779317422 0
192 184 -8 52.753536444999995 111.62129441892152 0
190 184 -6 52.835460045 111.75908529506272 0
191 184 -7 52.78431592 111.67303727365697 0
191 201 10 53.42432871999999 112.75737300808257 0
191 185 -6 52.82933298 111.74877201041113 0
197 178 -19 52.36818792 110.97587260476097 0
196 181 -15 52.500606045 111.1972017603553 0
188 176 -12 52.606900499999995 111.37519916373 0
187 177 -10 52.658711124999996 111.46207640481126 0
186 194 8 53.353911999999994 112.63716265664002 0
184 183 -1 53.02804071999999 112.08394301054656 0
190 177 -13 52.57155860499999 111.31598186011487 0
194 186 -8 52.74737218 111.61093552079033 0
187 184 -3 52.949319804999995 111.95098259861143 0
188 177 -11 52.644223679999996 111.43777550034433 0
192 193 1 53.082263604999994 112.17567027133238 0
188 181 -7 52.802750124999996 111.70404183703376 0
190 178 -12 52.608976645 111.37867897366542 0
192 185 -7 52.815025645 111.72469447407842 0
187 194 7 53.324453125 112.58694763671876 0
188 187 -1 53.017974644999995 112.06692769509142 0
196 201 5 53.223771219999996 112.41564674924744 0
196 184 -12 52.629721045 111.41345539628972 0
199 189 -10 52.6897045 111.51408538121001 0
195 194 -1 53.019988479999995 112.07033148121089 0
193 192 -1 53.00588512499999 112.04649737395876 0
198 182 -16 52.49223512499999 111.18319711727125 0
199 197 -2 52.985711124999995 112.01241779525125 0
193 191 -2 52.985711124999995 112.01241779525125 0
195 175 -20 52.311060645 110.8805172901666 0
199 177 -22 52.2707245 110.81323297861002 0
187 173 -14 52.527777279999995 111.24267235831809 0
183 177 -6 52.831375644999994 111.7522101488241 0
183 192 9 53.387214404999995 112.69398215357283 0
182 175 -7 52.776114879999994 111.65924757698049 0
190 175 -15 52.488047804999994 111.17619237364408 0
187 173 -14 52.52568904499999 111.23917703062821 0
183 167 -16 52.44820642 111.10956650243705 0
182 165 -17 52.399827644999995 111.02871733385241 0
179 187 8 53.38134402 112.68396216510985 0
175 178 3 53.18605612499999 112.35160053257626 0
180 176 -4 52.88234152 111.83804153713984 0
189 180 -9 52.720628125 111.56600700734376 0
184 173 -11 52.644223679999996 111.43777550034433 0
185 171 -14 52.52986520499999 111.24616728500348 0
184 192 8 53.36175591999999 112.65054060810304 0
180 182 2 53.1362605 112.26713757187001 0
186 176 -10 52.66698284499999 111.4759540373417 0
192 175 -17 52.427192319999996 111.07444127719424 0
186 177 -9 52.71444898 111.55562964359288 0
183 171 -12 52.59859281999999 111.36127597457177 0
183 189 6 53.289010405 112.52658959171934 0
182 179 -3 52.93108648 111.92022041931713 0
185 173 -12 52.592358804999996 111.35082943122758 0
189 176 -13 52.569476879999996 111.31249491910849 0
183 179 -4 52.90064180499999 111.86888366167808 0
182 176 -6 52.812980499999995 111.72125331443002 0
185 182 -3 52.961461404999994 111.97147417717417 0
185 171 -14 52.52568904499999 111.23917703062821 0
186 168 -18 52.34705602 110.94059113727417 0
183 167 -16 52.441905444999996 111.09903321824702 0
178 161 -17 52.374521445 110.9864489751235 0
176 163 -13 52.50688098 111.20770100918088 0
174 193 19 53.817655044999995 113.43402358792773 0
171 172 1 53.086271124999996 112.18245450228876 0
179 173 -6 52.812980499999995 111.72125331443002 0
184 171 -13 52.536127119999996 111.25664966067137 0
180 166 -14 52.513153124999995 111.21819663421876 0
180 162 -18 52.323775125 110.90173357309126 0
177 176 -1 53.024015219999995 112.07713796857945 0
174 161 -13 52.536127119999996 111.25664966067137 0
175 156 -19 52.285598205 110.83803955766103 0
177 161 -16 52.387180125 111.00759057018377 0
170 158 -12 52.52986520499999 111.24616728500348 0
168 159 -9 52.66698284499999 111.4759540373417 0
169 176 7 53.336245045 112.60704270212022 0
168 167 -1 53.030053005 112.08734498991424 0
173 158 -15 52.441905444999996 111.09903321824702 0
179 160 -19 52.285598205 110.83803955766103 0
173 155 -18 52.298335005 110.85928596348778 0
169 155 -14 52.45660338 111.12360518088553 0
168 171 3 53.178101845 112.33810114465382 0
166 167 1 53.078254845 112.16888461398231 0
169 154 -15 52.43139762 111.08146958795737 0
177 155 -22 52.14690088 110.60689392496448 0
171 153 -18 52.30894048 110.87697978138112 0
165 151 -14 52.444006079999994 111.10254472048129 0
165 160 -5 52.841584319999996 111.76939519041025 0
164 158 -6 52.78021602 111.66614318734585 0
164 156 -8 52.702082319999995 111.53486448272577 0
169 159 -10 52.629721045 111.41345539628972 0
167 173 6 53.310681779999996 112.56348807562392 0
167 157 -10 52.623500979999996 111.40302660319912 0
172 169 -3 52.935140499999996 111.92705903717001 0
173 165 -8 52.712388645 111.55216975004691 0
170 167 -3 52.92297472 111.90653875564544 0
176 164 -12 52.559063605 111.29505424489014 0
174 162 -12 52.5653125 111.30551984375 0
174 164 -10 52.642152804999995 111.43430237656094 0
172 182 10 53.47105 112.83727643 0
172 171 -1 53.017974644999995 112.06692769509142 0
177 164 -13 52.534040125 111.25315593601626 0
183 168 -15 52.47128612499999 111.14815722131377 0
176 174 -2 52.957415444999995 111.96464511845451 0
174 172 -2 52.95943858 111.96805983111129 0
178 192 14 53.588996245 113.03952873891211 0
180 181 1 53.096284499999996 112.19940884781 0
185 179 -6 52.841584319999996 111.76939519041025 0
191 174 -17 52.43139762 111.08146958795737 0
187 185 -2 52.999836179999996 112.03627731746569 0
184 177 -7 52.769960845 111.64890130096319 0
185 197 12 53.498221619999995 112.88380034557466 0
187 175 -12 52.619352719999995 111.39607210741056 0
190 169 -21 52.24093152 110.76355787798016 0
187 170 -17 52.399827644999995 111.02871733385241 0
180 170 -10 52.66077952 111.46554639855617 0
177 172 -5 52.86197842 111.80373708673305 0
178 197 19 53.77606844499999 113.36202553605449 0
178 192 14 53.60822164499999 113.07257228173042 0
187 180 -7 52.802750124999996 111.70404183703376 0
199 182 -17 52.45870184499999 111.12711383364869 0
190 182 -8 52.74737218 111.61093552079033 0
188 177 -11 52.621427005 111.39954955212023 0
188 201 13 53.525332479999996 112.93026114445313 0
185 189 4 53.194005444999995 112.3650943512555 0
191 177 -14 52.52986520499999 111.24616728500348 0
198 175 -23 52.208943045 110.71024247854372 0
187 175 -12 52.61105248 111.3821583889869 0
183 175 -8 52.745316804999995 111.60748178769444 0
182 199 17 53.684813245 113.20443540766362 0
182 181 -1 53.032064979999994 112.09074660842313 0
189 173 -16 52.462897845 111.13412992010332 0
191 176 -15 52.483859245 111.16918601354561 0
184 182 -2 52.985711124999995 112.01241779525125 0
181 186 5 53.25939808 112.47620722108928 0
185 210 25 53.98064128 113.71736286318593 0
190 198 8 53.3342805 112.60369436457 0
201 190 -11 52.66905 111.47942247 0
205 192 -13 52.596515124999996 111.35779418910876 0
198 194 -4 52.929059005 111.91680055714073 0
196 193 -3 52.937167044999995 111.93047779317422 0
198 213 15 53.592843805 113.04613995681258 0
198 205 7 53.296895244999995 112.54001196455762 0
207 204 -3 52.957415444999995 111.96464511845451 0
212 203 -9 52.751481999999996 111.61784183624 0
209 200 -9 52.755590579999996 111.62474661845928 0
208 200 -8 52.79660817999999 111.69371040137369 0
206 217 11 53.418476004999995 112.74737183264628 0
205 197 -8 52.790463445 111.68337554838949 0
213 183 -30 52.019872404999994 110.39551124464268 0
205 185 -20 52.359738879999995 110.96176498843649 0
192 182 -10 52.6897045 111.51408538121001 0
189 180 -9 52.724746005 111.57292332074374 0
189 214 25 53.971337805 113.70113750964657 0
187 193 6 53.289010405 112.52658959171934 0
197 189 -8 52.776114879999994 111.65924757698049 0
201 187 -14 52.563229844999995 111.3020317090702 0
196 186 -10 52.683511405 111.50369059164834 0
193 182 -11 52.654573404999994 111.45513524511368 0
192 200 8 53.351950245 112.6338173338099 0
189 186 -3 52.93919328 111.93389618078209 0
195 178 -17 52.439804499999994 111.09552130829002 0
195 181 -14 52.540300179999996 111.26363590909833 0
187 180 -7 52.790463445 111.68337554838949 0
185 175 -10 52.66077952 111.46554639855617 0
186 192 6 53.2752 112.50308736000001 0
183 188 5 53.229716005 112.42574789711124 0
187 176 -11 52.62764799999999 111.40997952512001 0
194 181 -13 52.57155860499999 111.31598186011487 0
186 183 -3 52.94527012499999 111.94414913486625 0
184 188 4 53.225753125 112.41901414328126 0
187 202 15 53.602457279999996 113.06266250952193 0
191 192 1 53.078254845 112.16888461398231 0
199 178 -21 52.30045672 110.86282556414145 0
199 187 -12 52.642152804999995 111.43430237656094 0
188 185 -3 52.93108648 111.92022041931713 0
188 181 -7 52.80479681999999 111.70748489027977 0
191 198 7 53.32641922 112.59029765484857 0
188 193 5 53.237638045 112.43921127240873 0
193 176 -17 52.416673644999996 111.0568633421981 0
199 181 -18 52.401934479999994 111.03223702167489 0
186 179 -7 52.78021602 111.66614318734585 0
184 174 -10 52.65664242 111.45860602038505 0
185 196 11 53.453550445 112.80733465991202 0
182 185 3 53.174122845 112.3313493589492 0
187 171 -16 52.446106404999995 111.10605581515668 0
193 169 -24 52.170464804999995 110.64613750359358 0
182 173 -9 52.704144205 111.53832631001504 0
177 171 -6 52.802750124999996 111.70404183703376 0
178 173 -5 52.876235845 111.82775412408932 0
179 177 -2 52.981672605 112.00559751118888 0
178 164 -14 52.483859245 111.16918601354561 0
181 165 -16 52.429295124999996 111.07795563692876 0
177 160 -17 52.374521445 110.9864489751235 0
172 159 -13 52.53195282 111.24966181084825 0
172 178 6 53.29098207999999 112.52994569385473 0
169 168 -1 52.993784444999996 112.0260539911225 0
173 160 -13 52.519422479999996 111.22868863989312 0
179 159 -20 52.262218419999996 110.79904853228697 0
172 160 -12 52.540300179999996 111.26363590909833 0
169 157 -12 52.561146879999995 111.29854317617153 0
169 175 6 53.292953444999995 112.533301456597 0
168 154 -14 52.439804499999994 111.09552130829002 0
171 152 -19 52.253707379999994 110.78485733955048 0
170 151 -19 52.243061604999994 110.76710884550964 0
164 147 -17 52.302578125 110.86636474609375 0
163 147 -16 52.355512499999996 110.95470869625001 0
162 178 16 53.738132244999996 113.2964475365159 0
160 165 5 53.281120605 112.51316178596937 0
164 153 -11 52.594437119999995 111.35431200804865 0
177 153 -24 52.080291644999996 110.49601741900791 0
169 151 -18 52.30894048 110.87697978138112 0
164 146 -18 52.238801124999995 110.76000648716126 0
164 167 3 53.176112499999995 112.33472542625 0
162 153 -9 52.644223679999996 111.43777550034433 0
162 149 -13 52.47128612499999 111.14815722131377 0
169 151 -18 52.29621297999999 110.85574594396888 0
163 147 -16 52.340710404999996 110.92999861010318 0
162 146 -16 52.323775125 110.90173357309126 0
162 162 0 53.050158804999995 112.12134496339493 0
160 154 -6 52.772012499999995 111.65235044125001 0
161 144 -17 52.281350124999996 110.83095406534626 0
168 150 -18 52.283474319999996 110.83449702150976 0
162 151 -11 52.569476879999996 111.31249491910849 0
159 144 -15 52.391397205 111.01463447092453 0
162 158 -4 52.874199999999995 111.82432424000001 0
161 149 -12 52.542386244999996 111.2671284331979 0
160 139 -21 52.119004245 110.5604479752919 0
165 147 -18 52.268598444999995 110.80968749893199 0
160 144 -16 52.334362 110.91940234264001 0
156 142 -14 52.418777999999996 111.06037974792001 0
160 148 -12 52.53195282 111.24966181084825 0
158 145 -13 52.4817645 111.16568222691001 0
158 141 -17 52.28772178 110.84158167396393 0
160 148 -12 52.496421205 111.19020024573804 0
158 157 -1 52.997819244999995 112.03286990555311 0
157 157 0 53.032064979999994 112.09074660842313 0
162 169 7 53.351950245 112.6338173338099 0
166 162 -4 52.90673631999999 111.87915767973377 0
169 156 -13 52.51106272 111.21469849490944 0
173 153 -20 52.236670419999996 110.75645467288905 0
169 156 -13 52.488047804999994 111.17619237364408 0
165 153 -12 52.55698002 111.29156491506217 0
165 169 4 53.223771219999996 112.41564674924744 0
165 166 1 53.08827442 112.18584608327896 0
167 154 -13 52.475478405 111.15516843869133 0
174 153 -21 52.1854405 110.67108366833001 0
169 157 -12 52.544472 111.27062055744001 0
164 158 -6 52.776114879999994 111.65924757698049 0
165 184 19 53.83650844499999 113.46670272477802 0
167 173 6 53.310681779999996 112.56348807562392 0
172 160 -12 52.569476879999996 111.31249491910849 0
182 160 -22 52.200401004999996 110.69600888312624 0
173 160 -13 52.51106272 111.21469849490944 0
169 157 -12 52.569476879999996 111.31249491910849 0
169 184 15 53.68099544499999 113.19785397146299 0
168 166 -2 52.95134417999999 111.95439877928233 0
172 161 -11 52.594437119999995 111.35431200804865 0
177 157 -20 52.24093152 110.76355787798016 0
171 161 -10 52.6483645 111.44472057259 0
168 166 -2 52.971570879999994 111.98854041431554 0
167 189 22 53.93964801999999 113.64591859637817 0
171 170 -1 53.022002005 112.07373490565229 0
179 162 -17 52.355512499999996 110.95470869625001 0
180 164 -16 52.429295124999996 111.07795563692876 0
173 170 -3 52.91891697999999 111.89969570720488 0
170 166 -4 52.87012738 111.81746335122952 0
173 178 5 53.249511805 112.45939602411194 0
174 175 1 53.078254845 112.16888461398231 0
176 173 -3 52.95134417999999 111.95439877928233 0
181 165 -16 52.404041004999996 111.03575629866128 0
179 179 0 53.05618449999999 112.13153794319001 0
175 175 0 53.038099044999996 112.10094930043572 0
176 185 9 53.42432871999999 112.75737300808257 0
181 181 0 53.060200079999994 112.13833146913728 0
183 173 -10 52.65664242 111.45860602038505 0
187 178 -9 52.712388645 111.55216975004691 0
181 175 -6 52.819115005 111.73157565885528 0
180 174 -6 52.83750178 111.76252230321609 0
181 196 15 53.61014247999999 113.0758749135469 0
180 184 4 53.219806479999995 112.40891092612289 0
186 176 -10 52.66698284499999 111.4759540373417 0
191 182 -9 52.71444898 111.55562964359288 0
183 183 0 53.070233605 112.15530901485764 0
183 189 6 53.269276604999995 112.49300986769464 0
186 202 16 53.64083368 113.12867463130434 0
189 194 5 53.23367764499999 112.4324802730501 0
198 181 -17 52.450306125 111.11307678248626 0
199 190 -9 52.737092204999996 111.59366301568048 0
189 184 -5 52.874199999999995 111.82432424000001 0
189 181 -8 52.772012499999995 111.65235044125001 0
190 206 16 53.63891780499999 113.12537698014594 0
186 181 -5 52.876235845 111.82775412408932 0
194 172 -22 52.2281445 110.74224317799 0
188 176 -12 52.586121999999996 111.34037932456 0
180 173 -7 52.798655804999996 111.69715459274458 0
178 168 -10 52.66491538 111.47248521465752 0
179 192 13 53.546591244999995 112.9667220724629 0
176 185 9 53.40676220499999 112.72736060130954 0
181 181 0 53.066221125 112.14851907046126 0
190 186 -4 52.908767205 111.88258161049204 0
186 185 -1 53.032064979999994 112.09074660842313 0
187 184 -3 52.929059005 111.91680055714073 0
189 199 10 53.42042721999999 112.75070588631544 0
188 197 9 53.38134402 112.68396216510985 0
193 181 -12 52.621427005 111.39954955212023 0
200 186 -14 52.552811919999996 111.28458505911105 0
188 190 2 53.126278125 112.25021864859376 0
187 182 -5 52.884376124999996 111.84146992896376 0
191 196 5 53.229716005 112.42574789711124 0
188 189 1 53.098286245 112.20279864990462 0
191 177 -14 52.550727404999996 111.28109453266018 0
194 194 0 53.058192444999996 112.13493488544601 0
185 206 21 53.847805605 113.48629613140564 0
187 204 17 53.69053761999999 113.21430526640265 0
202 218 16 53.612063004999996 113.07917723284328 0
207 223 16 53.57937192 113.02299519064897 0
213 205 -8 52.794560245 111.69026583030012 0
222 208 -14 52.600670205 111.36475736460153 0
210 206 -4 52.92297472 111.90653875564544 0
208 205 -3 52.949319804999995 111.95098259861143 0
208 219 11 53.42432871999999 112.75737300808257 0
207 211 4 53.182079605 112.34485153542587 0
213 202 -11 52.695894804999995 111.52447667676108 0
214 202 -12 52.658711124999996 111.46207640481126 0
206 202 -4 52.935140499999996 111.92705903717001 0
204 194 -10 52.71444898 111.55562964359288 0
204 210 6 53.25148967999999 112.46275894852033 0
199 202 3 53.16416992 112.31446378325505 0
203 193 -10 52.720628125 111.56600700734376 0
206 193 -13 52.606900499999995 111.37519916373 0
198 194 -4 52.91891697999999 111.89969570720488 0
195 189 -6 52.83750178 111.76252230321609 0
195 203 8 53.33820928 112.61039070404608 0
193 200 7 53.29886568 112.54336671010368 0
197 195 -2 52.98369201999999 112.00900783553385 0
202 197 -5 52.894544499999995 111.85860630151001 0
198 191 -7 52.794560245 111.69026583030012 0
198 186 -12 52.608976645 111.37867897366542 0
195 200 5 53.239617779999996 112.44257625628009 0
190 200 10 53.436025779999994 112.77736650061209 0
194 196 2 53.12827521999999 112.25360313858057 0
202 196 -6 52.86401612499999 111.80716921413625 0
199 196 -3 52.967528019999996 111.98171501743818 0
198 182 -16 52.47338241999999 111.15166303263497 0
198 199 1 53.098286245 112.20279864990462 0
188 187 -1 53.01193128 112.05671416502592 0
191 176 -15 52.498513779999996 111.19370120469593 0
192 179 -13 52.584042444999994 111.3368951630565 0
183 177 -6 52.82115922 111.73501568431145 0
181 175 -6 52.839543205 111.76595893494398 0
181 210 29 54.148610444999996 114.0114600129205 0
179 188 9 53.418476004999995 112.74737183264628 0
189 182 -7 52.78021602 111.66614318734585 0
193 184 -9 52.737092204999996 111.59366301568048 0
186 175 -11 52.65250408 111.45166407883329 0
185 172 -13 52.559063605 111.29505424489014 0
182 181 -1 53.034076645 112.0941478662371 0
177 185 8 53.387214404999995 112.69398215357283 0
179 173 -6 52.83750178 111.76252230321609 0
186 174 -12 52.59028017999999 111.3473464584817 0
181 166 -15 52.45660338 111.12360518088553 0
177 166 -11 52.608976645 111.37867897366542 0
174 185 11 53.498221619999995 112.88380034557466 0
171 176 5 53.265326124999994 112.48628983378626 0
177 166 -11 52.61520322 111.38911603644345 0
182 169 -13 52.527777279999995 111.24267235831809 0
175 165 -10 52.633866205 111.42040595986697 0
172 164 -8 52.71856871999999 111.56254827207745 0
172 175 3 53.190031405 112.35834813741585 0
170 173 3 53.168152019999994 112.32121906202617 0
173 161 -12 52.540300179999996 111.26363590909833 0
177 161 -16 52.38928882 111.01111272646376 0
171 162 -9 52.702082319999995 111.53486448272577 0
168 162 -6 52.790463445 111.68337554838949 0
168 170 2 53.122283005 112.24344860947578 0
169 167 -2 52.969549605 111.98512789876415 0
170 165 -5 52.86809060499999 111.81403234622064 0
173 173 0 53.05618449999999 112.13153794319001 0
171 174 3 53.168152019999994 112.32121906202617 0
173 171 -2 52.995802 112.02946213016001 0
177 194 17 53.70769400499999 113.24389835586678 0
176 189 13 53.571666879999995 113.00976268046848 0
182 180 -2 52.973591844999994 111.9919525642562 0
192 173 -19 52.340710404999996 110.92999861010318 0
185 173 -12 52.581962579999995 111.33341060497273 0
178 175 -3 52.937167044999995 111.93047779317422 0
176 201 25 54.019631245 113.7854330364704 0
177 185 8 53.387214404999995 112.69398215357283 0
186 176 -10 52.691768245 111.51754953439863 0
190 180 -10 52.700020124999995 111.53140226819626 0
182 184 2 53.140251279999994 112.27390267481408 0
181 186 5 53.25148967999999 112.46275894852033 0
184 208 24 53.948977844999995 113.66216793742582 0
186 195 9 53.37742888 112.67728051379649 0
196 195 -1 53.02804071999999 112.08394301054656 0
198 197 -1 53.030053005 112.08734498991424 0
195 201 6 53.287038419999995 112.52323315002697 0
196 196 0 53.074244844999996 112.1620975289277 0
199 212 13 53.517592719999996 112.91699304474945 0
198 201 3 53.166161124999995 112.31784159749876 0
204 190 -14 52.584042444999994 111.3368951630565 0
204 194 -10 52.71444898 111.55562964359288 0
194 188 -6 52.833417999999995 111.75564791032001 0
193 187 -6 52.853824499999995 111.79000483089001 0
190 203 13 53.517592719999996 112.91699304474945 0
188 191 3 53.168152019999994 112.32121906202617 0
194 186 -8 52.75764440499999 111.62819843501718 0
194 181 -13 52.59028017999999 111.3473464584817 0
188 184 -4 52.92297472 111.90653875564544 0
184 183 -1 53.009916204999996 112.05330893055554 0
184 204 20 53.815768 113.43075405632001 0
184 186 2 53.124280719999994 112.24683380561345 0
192 181 -11 52.6483645 111.44472057259 0
190 180 -10 52.6897045 111.51408538121001 0
184 185 1 53.086271124999996 112.18245450228876 0
182 179 -3 52.95336824499999 111.9578145927039 0
183 196 13 53.542728804999996 112.96009568056243 0
182 182 0 53.06822751999999 112.15191422153217 0
187 177 -10 52.66905 111.47942247 0
186 178 -8 52.74942724499999 111.6143888702509 0
180 182 2 53.146235125 112.28404769079125 0
179 179 0 53.074244844999996 112.1620975289277 0
181 200 19 53.78553312 113.37840134321665 0
182 188 6 53.302805619999994 112.55007518514665 0
188 183 -5 52.86197842 111.80373708673305 0
192 182 -10 52.704144205 111.53832631001504 0
185 183 -2 52.973591844999994 111.9919525642562 0
183 184 1 53.094282445 112.196018690264 0
183 203 20 53.7968805 113.39804249793 0
184 193 9 53.37938660499999 112.68062150546288 0
192 189 -3 52.93311364499999 111.9236399126056 0
195 191 -4 52.902673619999995 111.87230870549065 0
190 190 0 53.070233605 112.15530901485764 0
189 188 -1 53.022002005 112.07373490565229 0
190 207 17 53.688629805 113.21101561934609 0
189 199 10 53.410668044999994 112.7340323289088 0
196 190 -6 52.82933298 111.74877201041113 0
200 190 -10 52.70620578 111.54178775022793 0
192 191 -1 53.007900819999996 112.04990333358776 0
189 191 2 53.150222805 112.29080927772844 0
190 206 16 53.646579445 113.13856572604502 0
190 194 4 53.207904819999996 112.38869516449577 0
197 190 -7 52.82115922 111.73501568431145 0
196 196 0 53.04814962 112.11794658524137 0
191 193 2 53.134264644999995 112.2637544922186 0
192 191 -1 53.022002005 112.07373490565229 0
193 208 15 53.59861282 113.05605442911177 0
191 200 9 53.37742888 112.67728051379649 0
197 191 -6 52.853824499999995 111.79000483089001 0
201 193 -8 52.788414579999994 111.67992983722473 0
193 192 -1 53.022002005 112.07373490565229 0
191 190 -1 53.01193128 112.05671416502592 0
191 205 14 53.56010001999999 112.98990443800217 0
190 191 1 53.110290205 112.22313000716903 0
195 189 -6 52.835460045 111.75908529506272 0
193 192 -1 53.009916204999996 112.05330893055554 0
189 198 9 53.39308199999999 112.70399915976 0
189 195 6 53.273225845 112.4997285368207 0
193 212 19 53.734331805 113.28988312427944 0
194 194 0 53.07223938 112.15870345060152 0
201 189 -12 52.6483645 111.44472057259 0
196 190 -6 52.827290004999995 111.74533349491723 0
190 190 0 53.062207404999995 112.14172769442767 0
188 189 1 53.11428904499999 112.2299042900743 0
189 201 12 53.480761124999994 112.85389938793875 0
188 193 5 53.253467244999996 112.46612153025839 0
193 185 -8 52.759697919999994 111.63164986875904 0
194 184 -10 52.687640445 111.510620839798 0
186 184 -2 52.993784444999996 112.0260539911225 0
183 185 2 53.116288 112.23329090048 0
183 193 10 53.44771168 112.79734821151233 0
184 183 -1 53.026028124999996 112.08054067015627 0
187 175 -12 52.586121999999996 111.34037932456 0
185 180 -5 52.878271379999994 111.83118363486649 0
178 178 0 53.07223938 112.15870345060152 0
178 175 -3 52.957415444999995 111.96464511845451 0
179 194 15 53.61782271999999 113.08908231725057 0
177 180 3 53.178101845 112.33810114465382 0
182 175 -7 52.800703119999994 111.70059840457665 0
183 178 -5 52.86809060499999 111.81403234622064 0
177 174 -3 52.929059005 111.91680055714073 0
177 170 -7 52.759697919999994 111.63164986875904 0
176 190 14 53.59861282 113.05605442911177 0
173 177 4 53.221789005 112.41227901024928 0
178 173 -5 52.843625124999996 111.77283106977876 0
180 175 -5 52.874199999999995 111.82432424000001 0
175 174 -1 52.999836179999996 112.03627731746569 0
175 171 -4 52.910797779999996 111.88600517055993 0
175 184 9 53.426279005 112.76070607650824 0
173 178 5 53.263350419999995 112.48292930462905 0
177 175 -2 52.993784444999996 112.0260539911225 0
180 176 -4 52.892511445 111.855179771331 0
177 174 -3 52.949319804999995 111.95098259861143 0
176 169 -7 52.786365405 111.67648374570183 0
175 202 27 54.102720819999995 113.93088835091226 0
173 182 9 53.42042721999999 112.75070588631544 0
180 176 -4 52.890478079999994 111.85175286915073 0
184 174 -10 52.67731551999999 111.49329230365186 0
178 172 -6 52.798655804999996 111.69715459274458 0
175 171 -4 52.908767205 111.88258161049204 0
173 185 12 53.517592719999996 112.91699304474945 0
173 175 2 53.148229119999996 112.28742865985537 0
177 166 -11 52.629721045 111.41345539628972 0
178 172 -6 52.83750178 111.76252230321609 0
171 169 -2 52.965506125 111.97830177017376 0
171 168 -3 52.93311364499999 111.9236399126056 0
172 187 15 53.63700161999999 113.12207901892538 0
170 174 4 53.207904819999996 112.38869516449577 0
175 171 -4 52.90470512499999 111.87573337812125 0
177 172 -5 52.87012738 111.81746335122952 0
173 172 -1 53.030053005 112.08734498991424 0
173 169 -4 52.90673631999999 111.87915767973377 0
173 182 9 53.410668044999994 112.7340323289088 0
172 178 6 53.308713205 112.56013536004603 0
175 173 -2 52.961461404999994 111.97147417717417 0
178 173 -5 52.857902079999995 111.79687170838528 0
175 170 -5 52.835460045 111.75908529506272 0
173 170 -3 52.955391999999996 111.96123003904 0
172 177 5 53.27914738 112.5098039844105 0
171 173 2 53.122283005 112.24344860947578 0
174 170 -4 52.88641042 111.84489794813096 0
174 173 -1 53.017974644999995 112.06692769509142 0
172 184 12 53.550452445 112.97334719265352 0
172 171 -1 53.032064979999994 112.09074660842313 0
177 183 6 53.27914738 112.5098039844105 0
175 181 6 53.287038419999995 112.52323315002697 0
176 179 3 53.15819444499999 112.30432824058752 0
179 188 9 53.40090112 112.71735053656064 0
178 184 6 53.300835805 112.54672111691208 0
181 180 -1 53.032064979999994 112.09074660842313 0
183 195 12 53.517592719999996 112.91699304474945 0
180 190 10 53.451604499999995 112.80400616979001 0
184 181 -3 52.941219204999996 111.93731420015749 0
188 184 -4 52.89860967999999 111.8654582465197 0
181 188 7 53.308713205 112.56013536004603 0
180 182 2 53.14224620499999 112.27728469843447 0
183 201 18 53.734331805 113.28988312427944 0
181 188 7 53.336245045 112.60704270212022 0
187 190 3 53.160186579999994 112.30770710496328 0
188 190 2 53.12827521999999 112.25360313858057 0
185 194 9 53.37938660499999 112.68062150546288 0
186 189 3 53.15819444499999 112.30432824058752 0
188 206 18 53.69816578 113.22746079988792 0
186 195 9 53.39699218 112.71067550924968 0
192 186 -6 52.847705805 111.77970170087794 0
193 191 -2 52.98772991999999 112.01582739050497 0
185 192 7 53.32248672 112.58359728198145 0
185 190 5 53.255444499999996 112.46948376949001 0
187 208 21 53.823314319999994 113.44383041545025 0
187 198 11 53.455496079999996 112.81066282424129 0
193 193 0 53.042120204999996 112.10774929382097 0
196 193 -3 52.93919328 111.93389618078209 0
190 193 3 53.182079605 112.34485153542587 0
188 184 -4 52.927031219999996 111.91338032591257 0
188 205 17 53.669534604999996 113.17810230264338 0
183 193 10 53.451604499999995 112.80400616979001 0
189 186 -3 52.949319804999995 111.95098259861143 0
192 184 -8 52.74737218 111.61093552079033 0
184 183 -1 53.026028124999996 112.08054067015627 0
181 179 -2 52.981672605 112.00559751118888 0
180 198 18 53.730530124999994 113.28331750456626 0
178 189 11 53.47493538 112.84392658498248 0
183 178 -5 52.878271379999994 111.83118363486649 0
187 183 -4 52.91891697999999 111.89969570720488 0
178 181 3 53.18406802 112.34822620812184 0
178 181 3 53.182079605 112.34485153542587 0
179 201 22 53.904124005 113.58410617212573 0
178 194 16 53.67908608 113.19456279375873 0
185 184 -1 53.038099044999996 112.10094930043572 0
191 191 0 53.054176244999994 112.1281406422054 0
183 194 11 53.461331125 112.82064536411126 0
183 192 9 53.38917058 112.69732148678072 0
187 205 18 53.721020499999995 113.26689816397001 0
187 195 8 53.340173205 112.61373837051148 0
192 189 -3 52.965506125 111.97830177017376 0
192 195 3 53.168152019999994 112.32121906202617 0
186 199 13 53.525332479999996 112.93026114445313 0
187 196 9 53.37938660499999 112.68062150546288 0
191 212 21 53.823314319999994 113.44383041545025 0
191 207 16 53.64083368 113.12867463130434 0
197 198 1 53.08827442 112.18584608327896 0
202 196 -6 52.86197842 111.80373708673305 0
194 194 0 53.05618449999999 112.13153794319001 0
191 189 -2 52.98974840499999 112.01923662145884 0
189 197 8 53.336245045 112.60704270212022 0
185 192 7 53.31855297999999 112.5768955620289 0
187 182 -5 52.88641042 111.84489794813096 0
188 189 1 53.106290124999994 112.21635430704626 0
181 189 8 53.3735125 112.67059753375001 0
181 185 4 53.209889204999996 112.39206532283254 0
184 203 19 53.777961999999995 113.36530129336 0
181 192 11 53.49434368 112.87715794669569 0
187 187 0 53.05618449999999 112.13153794319001 0
189 191 2 53.130272004999995 112.25698727573774 0
183 185 2 53.14424081999999 112.28066637037224 0
184 190 6 53.287038419999995 112.52323315002697 0
182 202 20 53.817655044999995 113.43402358792773 0
182 192 10 53.437974204999996 112.78069760297498 0
189 191 2 53.148229119999996 112.28742865985537 0
189 195 6 53.283093519999994 112.51651924731584 0
185 194 9 53.408715279999996 112.73069662988993 0
187 191 4 53.223771219999996 112.41564674924744 0
188 213 25 53.945246845 113.65566905172119 0
186 200 14 53.567812499999995 113.00314453125 0
193 192 -1 53.038099044999996 112.10094930043572 0
196 195 -1 53.01193128 112.05671416502592 0
188 190 2 53.14224620499999 112.27728469843447 0
187 188 1 53.094282445 112.196018690264 0
185 197 12 53.523398005 112.92694459953174 0
183 191 8 53.367635605 112.66057056943814 0
186 188 2 53.116288 112.23329090048 0
187 184 -3 52.955391999999996 111.96123003904 0
183 183 0 53.070233605 112.15530901485764 0
180 183 3 53.182079605 112.34485153542587 0
178 197 19 53.789316819999996 113.38494958281977 0
178 189 11 53.49434368 112.87715794669569 0
183 183 0 53.054176244999994 112.1281406422054 0
185 180 -5 52.855863445 111.79343845711301 0
179 181 2 53.13226847999999 112.26037106022913 0
176 182 6 53.29886568 112.54336671010368 0
176 196 20 53.83839208 113.46996902414529 0
176 188 12 53.511784645 112.90703860649892 0
182 183 1 53.098286245 112.20279864990462 0
184 187 3 53.182079605 112.34485153542587 0
179 181 2 53.124280719999994 112.24683380561345 0
179 180 1 53.11228978 112.22651732569193 0
177 195 18 53.770385919999995 113.35219647389697 0
175 183 8 53.371553844999994 112.6672555450422 0
181 179 -2 52.977632844999995 111.99877576796082 0
180 179 -1 53.013946045 112.06011903716279 0
175 179 4 53.20393512 112.38195380883265 0
174 176 2 53.1362605 112.26713757187001 0
174 190 16 53.68290449999999 113.20114484271001 0
173 175 2 53.15819444499999 112.30432824058752 0
177 177 0 53.06421442 112.14512356148104 0
174 176 2 53.134264644999995 112.2637544922186 0
172 176 4 53.225753125 112.41901414328126 0
172 170 -2 52.963483919999994 111.97488815680705 0
