133 109 -24 53.41457264499999 112.74070273891742 0
124 108 -16 53.84968737999999 113.48956067608952 0
120 109 -11 54.148610444999996 114.0114600129205 0
118 118 0 54.90248962 115.36412238352136 0
117 111 -6 54.489266879999995 114.61539387889152 0
119 109 -10 54.196130124999996 114.09507855625375 0
125 112 -13 54.064023805 113.86307804898007 0
119 110 -9 54.288733119999996 114.25858929742337 0
118 109 -9 54.28511682 114.25218964422025 0
120 121 1 54.92963938 115.41403512875848 0
119 119 0 54.921163605 115.39844273222764 0
119 113 -6 54.49990002 114.63442333943786 0
128 114 -14 54.034448604999994 113.81133232104264 0
126 112 -14 54.01036032 113.76923698765825 0
122 110 -12 54.137614604999996 113.99213804361088 0
122 124 2 55.042467044999995 115.6225161300658 0
121 114 -7 54.42523368 114.50103857765569 0
121 112 -9 54.339231119999994 114.34807883120065 0
129 111 -18 53.755218879999994 113.32597248420353 0
122 112 -10 54.252514319999996 114.19454703158976 0
121 112 -9 54.283308205 114.24898943789648 0
120 118 -2 54.77244449999999 115.12634183451001 0
121 115 -6 54.476847445 114.59318216831852 0
121 111 -10 54.252514319999996 114.19454703158976 0
126 113 -13 54.06771512499999 113.86954133667126 0
123 117 -6 54.491039844999996 114.6185660410002 0
120 113 -7 54.46796712 114.57730959395137 0
122 129 7 55.325742444999996 116.15409970898352 0
124 126 2 54.995484444999995 115.53549190491752 0
124 114 -10 54.25432820499999 114.19775156743104 0
135 114 -21 53.65040840499999 113.14515824189868 0
130 118 -12 54.185182645 114.0757977481151 0
123 118 -5 54.607370124999996 114.82741842244626 0
123 136 13 55.694855219999994 116.86711340059945 0
127 129 2 55.0441405 115.62562147883 0
129 123 -6 54.53526322 114.69779435312344 0
140 123 -17 53.934046405 113.63616558495917 0
135 124 -11 54.268828125 114.22337865234375 0
131 124 -7 54.487493605 114.61222148226014 0
131 136 5 55.204992204999996 115.92600132707955 0
132 141 9 55.39834162 116.29239230520537 0
134 132 -2 54.787938045 115.1545613628313 0
144 131 -13 54.201599679999994 114.10471543148033 0
143 133 -10 54.3500205 114.36722971203001 0
139 132 -7 54.48217192 114.60270288359105 0
139 141 2 54.998848405 115.54171272770118 0
139 138 -1 54.829131405 115.22973198774417 0
141 125 -16 53.98064128 113.71736286318593 0
146 126 -20 53.766596019999994 113.34564227228586 0
139 127 -12 54.190657779999995 114.08543932994009 0
133 128 -5 54.610874204999995 114.83373184378505 0
133 141 8 55.33384002 116.16948065388218 0
134 136 2 55.005572605 115.55415214037114 0
138 125 -13 54.159595124999996 114.03077242450877 0
145 127 -18 53.904124005 113.58410617212573 0
138 127 -11 54.268828125 114.22337865234375 0
133 129 -4 54.670253845 114.94092446779783 0
134 139 5 55.152250124999995 115.82708677196626 0
135 139 4 55.115805804999994 115.75898170108208 0
139 131 -8 54.42523368 114.50103857765569 0
145 135 -10 54.35720721999999 114.37999201765544 0
142 136 -6 54.586319605 114.78951907082838 0
139 132 -7 54.505212404999995 114.64393491471483 0
142 146 4 55.097527379999995 115.72489756413049 0
141 141 0 54.910982444999995 115.37972546177602 0
143 137 -6 54.58105 114.78003917000001 0
149 137 -12 54.283308205 114.24898943789648 0
145 137 -8 54.47862257999999 114.59635597552729 0
144 138 -6 54.57050242 114.76107326186505 0
144 147 3 55.05584600499999 115.64735384008124 0
144 147 3 55.05083121999999 115.63804105792745 0
147 146 -1 54.834268019999996 115.23912006531816 0
152 143 -9 54.457300499999995 114.55825469877001 0
152 144 -8 54.489266879999995 114.61539387889152 0
150 141 -9 54.41452242 114.48194927411497 0
149 152 3 55.060857999999996 115.65666499672001 0
148 156 8 55.322501245 116.1479462559929 0
151 144 -7 54.554660125 114.73260906710377 0
159 144 -15 54.130277844999995 113.9792514034142 0
153 151 -2 54.817135119999996 115.20781937580736 0
150 148 -2 54.774167244999994 115.12947816738162 0
152 156 4 55.119125125 115.76517653922126 0
154 157 3 55.06419777999999 115.66287153360008 0
157 154 -3 54.7379245 115.06357128389001 0
161 152 -9 54.457300499999995 114.55825469877001 0
160 151 -9 54.473296245 114.5868338467279 0
157 148 -9 54.475072 114.59000812544001 0
156 157 1 54.927944845 115.41091703591232 0
155 165 10 55.37904322 116.25554387646345 0
157 154 -3 54.744838419999994 115.07613211221305 0
165 153 -12 54.319421604999995 114.31294564264788 0
160 156 -4 54.717152979999994 115.02586847653113 0
158 145 -13 54.23072352 114.15607257475585 0
159 157 -2 54.815420124999996 115.20468818911625 0
153 153 0 54.907586245 115.3734848157354 0
155 144 -11 54.32662940499999 114.32572483735784 0
159 146 -13 54.232541125 114.15928019523875 0
152 141 -11 54.30679601999999 114.29057241715417 0
150 139 -11 54.33563218 114.3416932197097 0
149 154 5 55.16381457999999 115.84873911653528 0
146 152 6 55.201705125 115.91982419905875 0
150 143 -7 54.547611045 114.71995238101972 0
158 146 -12 54.283308205 114.24898943789648 0
152 145 -7 54.563464499999995 114.74842478559 0
150 140 -10 54.385904499999995 114.43100188129 0
151 151 0 54.89228799999999 115.34539223552001 0
148 152 4 55.10916344499999 115.746589926927 0
150 141 -9 54.437716044999995 114.5232984950853 0
157 145 -12 54.286925124999996 114.25538959734126 0
150 144 -6 54.589831124999996 114.79583787688875 0
149 141 -8 54.47152018 114.58365933201833 0
150 144 -6 54.612625779999995 114.83688821954793 0
148 150 2 55.01564960499999 115.57280569679588 0
148 136 -12 54.25614177999999 114.20095584728392 0
153 139 -14 54.166912045 114.0436420732008 0
147 134 -13 54.225268844999995 114.14644816394032 0
143 132 -11 54.294155245 114.2681868810749 0
143 145 2 55.03074418 115.60077358567769 0
140 146 6 55.23615762 115.98465113837737 0
143 135 -8 54.453742479999995 114.55190116901312 0
151 135 -16 54.06771512499999 113.86954133667126 0
146 135 -11 54.312208844999994 114.3001624465072 0
142 132 -10 54.339231119999994 114.34807883120065 0
142 142 0 54.887183005 115.33602451088424 0
141 142 1 54.980331279999994 115.50748895113409 0
142 136 -6 54.575777605 114.77055723515363 0
148 137 -11 54.32482792 114.32253041324097 0
145 133 -12 54.22345 114.14323951 0
143 131 -12 54.219811379999996 114.13682142563353 0
142 146 4 55.13404672 115.79304469766144 0
139 136 -3 54.7379245 115.06357128389001 0
142 130 -12 54.24525568 114.18172632506369 0
146 132 -14 54.124772019999995 113.96958361896617 0
140 131 -9 54.38769544499999 114.43418791657702 0
138 128 -10 54.333832244999996 114.33850004112412 0
138 140 2 55.013970879999995 115.56969723304448 0
137 130 -7 54.5282005 114.68512756073001 0
138 122 -16 53.98807848 113.7303380977709 0
142 128 -14 54.11007617999999 113.94379107303433 0
135 127 -8 54.410949519999996 114.47558424344385 0
132 120 -12 54.17787812499999 114.06293863390626 0
135 139 4 55.112485244999995 115.75278616408761 0
132 131 -1 54.844532879999996 115.25789076877248 0
131 123 -8 54.44306098 114.53283486730089 0
142 121 -21 53.705788979999994 113.24061145365289 0
136 117 -19 53.79499004499999 113.3947697142548 0
131 117 -14 54.036299379999996 113.81456848946152 0
129 123 -6 54.52113281999999 114.67245707365177 0
126 125 -1 54.859909245 115.28603326108312 0
127 125 -2 54.77244449999999 115.12634183451001 0
131 122 -9 54.351817645 114.37042065898243 0
133 119 -14 54.03999999999999 113.82104000000001 0
132 117 -15 53.96388944499999 113.6881521657875 0
129 127 -2 54.80684049999999 115.18902919417 0
127 125 -2 54.791377645 115.16083009338992 0
127 117 -10 54.294155245 114.2681868810749 0
134 117 -17 53.88725778 113.55479049421993 0
131 115 -16 53.919095125 113.61014502449126 0
126 113 -13 54.0953605 113.91798131537001 0
126 124 -2 54.760376605 115.10438167186538 0
124 121 -3 54.684173445 114.9661094587195 0
124 111 -13 54.08431072 113.89861265145345 0
131 114 -17 53.844041125 113.47976616576126 0
127 114 -13 54.102720819999995 113.93088835091226 0
121 115 -6 54.4928125 114.62173796875001 0
123 121 -2 54.75174738 115.08868957094953 0
124 117 -7 54.457300499999995 114.55825469877001 0
125 113 -12 54.152273244999996 114.01789854367112 0
128 119 -9 54.35361448 114.37361135879489 0
125 130 5 55.21648722 115.94761605899545 0
124 116 -8 54.38769544499999 114.43418791657702 0
130 133 3 55.094199999999994 115.71869816 0
133 131 -2 54.81027328 115.19529340510209 0
127 122 -5 54.600358244999995 114.81478889592861 0
140 121 -19 53.81199298 113.42421410847113 0
135 119 -16 53.948977844999995 113.66216793742582 0
130 117 -13 54.126607605 113.97280648118614 0
129 133 4 55.14067048 115.80542604306113 0
127 129 2 55.025715444999996 115.5914526095855 0
129 120 -9 54.36259400499999 114.38956115649324 0
139 118 -21 53.69435231999999 113.22088364376577 0
134 122 -12 54.19795361999999 114.09829110900937 0
128 120 -8 54.39664551999999 114.45011443834817 0
128 141 13 55.63892418 116.75741007266234 0
130 130 0 54.90248962 115.36412238352136 0
132 125 -7 54.508752445 114.6502747993865 0
142 127 -15 54.075094045 113.8824646409393 0
136 129 -7 54.480397405 114.59952954723018 0
134 122 -12 54.207066444999995 114.11434996004402 0
135 132 -3 54.7032805 115.00071623143 0
134 124 -10 54.28511682 114.25218964422025 0
132 117 -15 53.993653124999994 113.74006658578125 0
136 121 -15 54.0214845 113.78867141469001 0
130 120 -10 54.28511682 114.25218964422025 0
127 121 -6 54.52113281999999 114.67245707365177 0
129 134 5 55.18525112499999 115.88892856115126 0
129 128 -1 54.83769088 115.24537777303553 0
132 121 -11 54.22708738 114.14965655927048 0
139 120 -19 53.77417457999999 113.35874948048473 0
133 123 -10 54.28511682 114.25218964422025 0
129 120 -9 54.364388979999994 114.39275037690713 0
129 142 13 55.62331648 116.72690931699714 0
130 138 8 55.37582248 116.24940040266688 0
132 130 -2 54.794816004999994 115.16709799924878 0
146 131 -15 54.086153124999996 113.90184143921876 0
141 128 -13 54.174224005 114.05650750023428 0
138 128 -10 54.330231444999995 114.3321129374535 0
137 136 -1 54.870146205 115.30478593232554 0
136 131 -5 54.60211167999999 114.81794661344769 0
138 121 -17 53.911612045 113.59712789003922 0
141 123 -18 53.87599967999999 113.53523372947969 0
135 125 -10 54.297768444999996 114.27458400798551 0
130 123 -7 54.501671124999994 114.63759409785126 0
132 137 5 55.16711592 115.85492396858305 0
132 132 0 54.92285937999999 115.40156159832154 0
134 127 -7 54.50698258 114.64710497349273 0
142 131 -11 54.27063921999999 114.22658089018857 0
138 136 -2 54.80340647999999 115.18276416443713 0
136 143 7 55.26231538 116.03399483670249 0
139 152 13 55.590439405 116.66281746616033 0
145 151 6 55.196772179999996 115.9105572601697 0
152 138 -14 54.194306319999995 114.09186574226625 0
157 134 -23 53.722923044999995 113.27018263746622 0
148 138 -10 54.35361448 114.37361135879489 0
143 140 -3 54.75174738 115.08868957094953 0
142 153 11 55.44958577999999 116.39055250920794 0
145 145 0 54.9092845 115.37660523619002 0
151 140 -11 54.328430579999996 114.32891901204073 0
153 141 -12 54.304991125 114.28737523844876 0
148 141 -7 54.529966644999995 114.68829460479542 0
147 141 -6 54.558182804999994 114.73893603873094 0
147 148 1 54.938107405 115.42962270273233 0
147 152 5 55.13570312499999 115.79614029296876 0
149 137 -12 54.24525568 114.18172632506369 0
155 138 -17 54.004794045 113.75951602630072 0
147 140 -7 54.531732479999995 114.69146141810688 0
143 136 -7 54.50344192 114.64076462288897 0
145 149 4 55.11414567999999 115.75588402002369 0
144 146 2 55.002211124999995 115.54793280574876 0
146 137 -9 54.416308404999995 114.48513142726134 0
153 142 -11 54.35541100499999 114.37680181163128 0
147 140 -7 54.531732479999995 114.69146141810688 0
145 140 -5 54.621379004999994 114.85266675585177 0
147 153 6 55.227967045 115.96922271971172 0
146 146 0 54.91946752 115.39532367241216 0
151 140 -11 54.330231444999995 114.3321129374535 0
154 139 -15 54.111914244999994 113.9470160808219 0
149 210 61 57.522530579999994 120.99473122001929 0
146 245 99 58.63906049999999 124.72919811987 0
158 195 37 56.531002605 118.59817952374114 0
207 161 -46 53.076249999999995 112.16549125 0
161 152 -9 54.47862257999999 114.59635597552729 0
154 149 -5 54.642355124999995 114.89051261419127 0
160 148 -12 54.29234818 114.26498793912633 0
155 147 -8 54.501671124999994 114.63759409785126 0
154 160 6 55.18689791999999 115.89201887748098 0
153 145 -8 54.510521999999995 114.65344439256 0
158 139 -19 53.926573245 113.6231575859689 0
154 138 -16 54.093519645 113.9147538812836 0
148 139 -9 54.418094079999996 114.48831333916672 0
145 135 -10 54.33563218 114.3416932197097 0
145 155 10 55.41438952 116.32308321687617 0
143 144 1 54.95333031999999 115.45766824842177 0
147 143 -4 54.677216124999994 114.95351869917626 0
153 138 -15 54.108237804999995 113.94056579631344 0
149 139 -10 54.37694512499999 114.41506804117876 0
146 137 -9 54.43415120499999 114.51693971750804 0
145 144 -1 54.834268019999996 115.23912006531816 0
145 150 5 55.13735921999999 115.79923571552857 0
146 138 -8 54.485720019999995 114.60904885094217 0
152 139 -13 54.2416245 114.17531443161 0
148 136 -12 54.252514319999996 114.19454703158976 0
145 132 -13 54.210709404999996 114.12077167756968 0
144 144 0 54.875260499999996 115.31415958413001 0
141 141 0 54.890586645 115.3422698573671 0
143 135 -8 54.439498 114.52647752488001 0
148 138 -10 54.359003124999994 114.38318197703126 0
144 135 -9 54.43415120499999 114.51693971750804 0
142 131 -11 54.27063921999999 114.22658089018857 0
143 142 -1 54.85307840499999 115.27352749002884 0
140 138 -2 54.81370482 115.20155679854425 0
141 130 -11 54.27063921999999 114.22658089018857 0
146 133 -13 54.192482205 114.08865266688298 0
141 131 -10 54.342828819999994 114.35446344954377 0
138 127 -11 54.28149928 114.2457889782061 0
139 149 10 55.457564004999995 116.40587685083678 0
137 139 2 54.983700819999996 115.51371314145226 0
140 125 -15 54.052942404999996 113.84368162794733 0
148 129 -19 53.874122244999995 113.53197325611661 0
138 128 -10 54.30679601999999 114.29057241715417 0
134 126 -8 54.41452242 114.48194927411497 0
136 135 -1 54.82056418 115.21408113820232 0
135 139 4 55.13570312499999 115.79614029296876 0
136 129 -7 54.47862257999999 114.59635597552729 0
143 130 -13 54.194306319999995 114.09186574226625 0
140 129 -11 54.268828125 114.22337865234375 0
136 124 -12 54.188833044999996 114.08222573127372 0
137 144 7 55.278623679999995 116.06481378861568 0
135 132 -3 54.71021922 115.01329406499144 0
136 122 -14 54.07878164499999 113.88892466013792 0
143 123 -20 53.772280405 113.35547312648684 0
135 124 -11 54.2416245 114.17531443161 0
131 122 -9 54.337431804999994 114.34488614968058 0
131 132 1 54.933027519999996 115.42027073590785 0
131 134 3 55.06419777999999 115.66287153360008 0
132 123 -9 54.339231119999994 114.34807883120065 0
139 124 -15 54.041849844999994 113.82427534244732 0
136 121 -15 54.014069619999994 113.77571623938137 0
131 122 -9 54.36079871999999 114.38637168992257 0
131 127 -4 54.659801125 114.92202658809876 0
130 122 -8 54.43593378 114.52011922601594 0
131 121 -10 54.28511682 114.25218964422025 0
133 124 -9 54.38948608 114.43737370800129 0
130 127 -3 54.71021922 115.01329406499144 0
130 126 -4 54.661544019999994 114.92517678033016 0
133 131 -2 54.793096979999994 115.1639641493249 0
134 127 -7 54.498128605 114.63125234748489 0
135 119 -16 53.952707605 113.66866569037387 0
137 120 -17 53.889133044999994 113.5580489439663 0
132 122 -10 54.274260479999995 114.23298460250112 0
128 121 -7 54.466190125 114.57413437026625 0
129 136 7 55.31601512499999 116.13563749989126 0
130 135 5 55.17371487999999 115.86729163837953 0
132 124 -8 54.427017805 114.50421928581409 0
142 125 -17 53.913483279999994 113.60038260294209 0
137 126 -11 54.25614177999999 114.20095584728392 0
132 127 -5 54.619628979999995 114.8495114937129 0
133 139 6 55.231244204999996 115.97539457674497 0
134 138 4 55.119125125 115.76517653922126 0
138 133 -5 54.600358244999995 114.81478889592861 0
144 127 -17 53.94338087999999 113.65241918367553 0
142 135 -7 54.522900205 114.67562504237154 0
137 129 -8 54.42523368 114.50103857765569 0
136 139 3 55.087541519999995 115.70629722830017 0
139 135 -4 54.69807320499999 114.99128060424854 0
139 122 -17 53.93217858 113.63291401237129 0
144 123 -21 53.74572940499999 113.30957274380218 0
136 127 -9 54.384113244999995 114.42781560197639 0
131 127 -4 54.663286604999996 114.92832675409714 0
132 140 8 55.325742444999996 116.15409970898352 0
135 133 -2 54.81027328 115.19529340510209 0
138 125 -13 54.16508328 114.04042505721793 0
143 130 -13 54.18335698 114.07258336329514 0
137 133 -4 54.677216124999994 114.95351869917626 0
134 133 -1 54.834268019999996 115.23912006531816 0
138 141 3 55.05417471999999 115.64424976019457 0
140 134 -6 54.54232098 114.71045746131912 0
142 129 -13 54.17605122 114.05972319858745 0
143 132 -11 54.304991125 114.28737523844876 0
138 129 -9 54.384113244999995 114.42781560197639 0
137 126 -11 54.243440244999995 114.17852050682262 0
138 143 5 55.19019057999999 115.89819900730073 0
135 136 1 54.951640125 115.45455284129625 0
137 130 -7 54.48217192 114.60270288359105 0
145 130 -15 54.05479008 113.84691504886273 0
140 121 -19 53.77606844499999 113.36202553605449 0
137 127 -10 54.351817645 114.37042065898243 0
134 142 8 55.324121999999996 116.15102305944 0
131 138 7 55.304652479999994 116.11409121357313 0
138 134 -4 54.670253845 114.94092446779783 0
146 135 -11 54.315815844999996 114.30655454541181 0
142 137 -5 54.642355124999995 114.89051261419127 0
141 135 -6 54.556421619999995 114.73577266706536 0
142 151 9 55.39673512499999 116.28932241172876 0
142 141 -1 54.84282284499999 115.25476282189081 0
146 144 -2 54.786217779999994 115.15142668787993 0
150 143 -7 54.540557005 114.70729202909024 0
148 143 -5 54.651081999999995 114.90627234424001 0
149 143 -6 54.58280684499999 114.78319936272632 0
149 156 7 55.278623679999995 116.06481378861568 0
149 144 -5 54.63362049999999 114.87474737747002 0
154 139 -15 54.108237804999995 113.94056579631344 0
152 141 -11 54.3140125 114.30335862125 0
147 137 -10 54.37156578 114.40550480027208 0
145 137 -8 54.491039844999996 114.6185660410002 0
145 151 6 55.20827804499999 115.9321777916388 0
143 143 0 54.878668479999995 115.3204076943309 0
148 138 -10 54.36079871999999 114.38637168992257 0
151 144 -7 54.561704244999994 114.7452620978294 0
146 143 -3 54.758651379999996 115.10124367058648 0
146 138 -8 54.462635205 114.56778321277348 0
149 150 1 54.948258804999995 115.44832145456508 0
146 141 -5 54.638862204999995 114.88420718145048 0
148 139 -9 54.402011845 114.4596674335787 0
150 144 -6 54.60561762 114.82426137654265 0
145 151 6 55.21648722 115.94761605899545 0
147 145 -2 54.82056418 115.21408113820232 0
153 156 3 55.057516979999995 115.65045773935513 0
153 143 -10 54.40916260499999 114.47240136559138 0
155 147 -8 54.4928125 114.62173796875001 0
152 151 -1 54.847952019999994 115.26414605941385 0
150 149 -1 54.854786579999995 115.27665423279673 0
154 142 -12 54.283308205 114.24898943789648 0
155 153 -2 54.815420124999996 115.20468818911625 0
150 149 -1 54.832556124999996 115.23599090842376 0
152 136 -16 54.065869619999994 113.86630982925865 0
155 138 -17 54.027042404999996 113.79838488921268 0
146 135 -11 54.294155245 114.2681868810749 0
143 138 -5 54.62312872 114.85582179575745 0
142 149 7 55.280252804999996 116.06789480939908 0
142 136 -6 54.57401951999999 114.76739613743617 0
148 136 -12 54.268828125 114.22337865234375 0
146 135 -11 54.29234818 114.26498793912633 0
142 130 -12 54.252514319999996 114.19454703158976 0
142 129 -13 54.15776511999999 114.02755435147265 0
139 146 7 55.267211124999996 116.04324219618876 0
137 139 2 54.995484444999995 115.53549190491752 0
140 137 -3 54.715420005 115.02272519388724 0
147 140 -7 54.53702812499999 114.70096047515625 0
143 135 -8 54.459079044999996 114.56143110735822 0
144 133 -11 54.319421604999995 114.31294564264788 0
143 149 6 55.241068244999994 115.9939062352414 0
140 142 2 54.992119245 115.5292703360869 0
144 137 -7 54.512291245 114.65661375317711 0
150 136 -14 54.17787812499999 114.06293863390626 0
145 138 -7 54.512291245 114.65661375317711 0
142 133 -9 54.418094079999996 114.48831333916672 0
143 147 4 55.12078432 115.76827369662976 0
142 139 -3 54.744838419999994 115.07613211221305 0
144 135 -9 54.38948608 114.43737370800129 0
147 137 -10 54.369772045 114.40231656284672 0
143 139 -4 54.69807320499999 114.99128060424854 0
142 137 -5 54.614377045 114.84004437225829 0
144 142 -2 54.794816004999994 115.16709799924878 0
144 133 -11 54.315815844999996 114.30655454541181 0
144 131 -13 54.15776511999999 114.02755435147265 0
143 130 -13 54.194306319999995 114.09186574226625 0
139 125 -14 54.122936124999995 113.96636048912376 0
137 127 -10 54.294155245 114.2681868810749 0
135 151 16 55.738079379999995 116.95233427761849 0
133 134 1 54.938107405 115.42962270273233 0
139 135 -4 54.649337245 114.9031208377809 0
144 133 -11 54.286925124999996 114.25538959734126 0
140 129 -11 54.308600604999995 114.29376934462314 0
140 126 -14 54.09720104499999 113.92120847921223 0
138 137 -1 54.851369919999996 115.27040054698497 0
135 126 -9 54.351817645 114.37042065898243 0
136 122 -14 54.06033124499999 113.85661366916962 0
137 125 -12 54.203422245 114.1079272015234 0
132 123 -9 54.339231119999994 114.34807883120065 0
131 124 -7 54.457300499999995 114.55825469877001 0
132 137 5 55.17536384499999 115.8703831329722 0
131 130 -1 54.856494444999996 115.2797807754525 0
134 123 -11 54.257955044999996 114.2041598713123 0
140 124 -16 54.012215125 113.77247675232876 0
134 121 -13 54.09720104499999 113.92120847921223 0
131 121 -10 54.27063921999999 114.22658089018857 0
131 133 2 55.017328019999994 115.57591397600186 0
129 130 1 54.93641441999999 115.42650557275897 0
131 120 -11 54.2416245 114.17531443161 0
138 121 -17 53.881630124999994 113.54501341274626 0
133 119 -14 54.080624979999996 113.89215426207689 0
129 118 -11 54.192482205 114.08865266688298 0
129 125 -4 54.63012447999999 114.86843973632513 0
128 123 -5 54.575777605 114.77055723515363 0
128 121 -7 54.491039844999996 114.6185660410002 0
132 124 -8 54.405587845 114.46603488403332 0
130 135 5 55.172065605 115.86419997480814 0
130 122 -8 54.42166449999999 114.49467643991001 0
134 132 -2 54.760376605 115.10438167186538 0
135 128 -7 54.50344192 114.64076462288897 0
132 130 -2 54.77072144499999 115.123205293661 0
137 127 -10 54.351817645 114.37042065898243 0
136 126 -10 54.328430579999996 114.32891901204073 0
136 128 -8 54.412736124999995 114.47876687956375 0
134 142 8 55.33869484499999 116.1787073844652 0
134 133 -1 54.849661125 115.26727340350126 0
138 128 -10 54.312208844999994 114.3001624465072 0
142 131 -11 54.279690044999995 114.24258826498522 0
137 135 -2 54.791377645 115.16083009338992 0
136 134 -2 54.760376605 115.10438167186538 0
139 149 10 55.446392319999994 116.38442178584577 0
140 141 1 54.946567679999994 115.44520547463169 0
144 140 -4 54.665028879999994 114.93147650956354 0
149 136 -13 54.192482205 114.08865266688298 0
145 144 -1 54.865029119999996 115.29541049278464 0
143 137 -6 54.596850444999994 114.808472788128 0
144 153 9 55.37582248 116.24940040266688 0
145 137 -8 54.44662271999999 114.53919125458945 0
148 131 -17 53.993653124999994 113.74006658578125 0
145 132 -13 54.20524449999999 114.11113871099002 0
140 132 -8 54.47152018 114.58365933201833 0
138 134 -4 54.673735605 114.94722201812188 0
138 153 15 55.70104497999999 116.87929327460313 0
139 150 11 55.468720499999996 116.42732504097 0
145 140 -5 54.651081999999995 114.90627234424001 0
155 142 -13 54.236175405 114.16569466250434 0
148 141 -7 54.556421619999995 114.73577266706536 0
146 137 -9 54.439498 114.52647752488001 0
146 156 10 55.4208 116.33535552000001 0
144 147 3 55.047486479999996 115.63183163124289 0
149 138 -11 54.30318592 114.28417780834305 0
154 136 -18 53.96761424499999 113.69464540081812 0
146 136 -10 54.385904499999995 114.43100188129 0
142 136 -6 54.58105 114.78003917000001 0
142 155 13 55.55427432 116.59255754553024 0
142 141 -1 54.85307840499999 115.27352749002884 0
147 135 -12 54.250700124999995 114.19134223959625 0
149 137 -12 54.252514319999996 114.19454703158976 0
143 142 -1 54.834268019999996 115.23912006531816 0
141 145 4 55.11082449999999 115.74968813311 0
144 164 20 55.884431379999995 117.24388174135353 0
148 154 6 55.193481999999996 115.90437846776001 0
156 148 -8 54.49635687999999 114.62808112182849 0
160 149 -11 54.373359205 114.40869279235997 0
154 151 -3 54.76555042 115.11379442161098 0
153 150 -3 54.746566124999994 115.07927179238627 0
154 166 12 55.48304224499999 116.4548912740459 0
154 159 5 55.16381457999999 115.84873911653528 0
161 159 -2 54.79653472 115.17023164332545 0
165 158 -7 54.565224445 114.75158724571003 0
163 156 -7 54.556421619999995 114.73577266706536 0
162 156 -6 54.610874204999995 114.83373184378505 0
160 169 9 55.306276645 116.1171697207746 0
160 153 -7 54.586319605 114.78951907082838 0
166 142 -24 53.740032 113.29972929024001 0
159 144 -15 54.15776511999999 114.02755435147265 0
150 142 -8 54.46796712 114.57730959395137 0
147 140 -7 54.540557005 114.70729202909024 0
147 167 20 55.879901124999996 117.23478492366127 0
145 150 5 55.18030888 115.87965660451648 0
153 147 -6 54.607370124999996 114.82741842244626 0
156 146 -10 54.378737619999995 114.41825529823737 0
152 145 -7 54.51936512499999 114.66928887335877 0
150 142 -8 54.46796712 114.57730959395137 0
149 156 7 55.239431679999996 115.99082136543232 0
147 145 -2 54.77588967999999 115.13261429243968 0
151 139 -12 54.259767999999994 114.20736363968001 0
152 141 -11 54.321224019999995 114.31614081604985 0
146 140 -6 54.58456337999999 114.78635932961448 0
144 136 -8 54.46441281999999 114.57095890992825 0
145 149 4 55.12410178 115.77446748894393 0
143 146 3 55.057516979999995 115.65045773935513 0
146 137 -9 54.405587845 114.46603488403332 0
151 141 -10 54.36618364499999 114.3959393513281 0
145 142 -3 54.76555042 115.11379442161098 0
143 147 4 55.094199999999994 115.71869816 0
146 157 11 55.46234722 116.41506977086456 0
149 149 0 54.90588767999999 115.37036420024833 0
155 139 -16 54.0584845 113.85338106931002 0
155 146 -9 54.439498 114.52647752488001 0
146 144 -2 54.779333619999996 115.13888591977064 0
146 141 -5 54.64060882 114.88736000803625 0
149 154 5 55.17371487999999 115.86729163837953 0
146 150 4 55.112485244999995 115.75278616408761 0
150 137 -13 54.20524449999999 114.11113871099002 0
155 141 -14 54.172396479999996 114.05329153868288 0
145 139 -6 54.58456337999999 114.78635932961448 0
143 135 -8 54.47152018 114.58365933201833 0
144 152 8 55.32736258 116.15717620478729 0
142 144 2 55.008932845 115.56037073287919 0
146 133 -13 54.20524449999999 114.11113871099002 0
150 132 -18 53.930310444999996 113.62966215511952 0
142 135 -7 54.49458484499999 114.62490966230482 0
138 133 -5 54.607370124999996 114.82741842244626 0
138 135 -3 54.732735805 115.05414844504794 0
139 138 -1 54.834268019999996 115.23912006531816 0
139 127 -12 54.243440244999995 114.17852050682262 0
141 129 -12 54.203422245 114.1079272015234 0
137 125 -12 54.188833044999996 114.08222573127372 0
134 124 -10 54.315815844999996 114.30655454541181 0
134 138 4 55.14563504499999 115.81471024285023 0
132 130 -2 54.805123644999995 115.18589678173561 0
134 125 -9 54.344627204999995 114.35765538669455 0
139 124 -15 54.03814984499999 113.8178043823927 0
134 124 -10 54.32482792 114.32253041324097 0
131 122 -9 54.385904499999995 114.43100188129 0
131 136 5 55.18689791999999 115.89201887748098 0
131 120 -11 54.20524449999999 114.11113871099002 0
133 118 -15 54.017777679999995 113.78219438128832 0
133 117 -16 53.96202658 113.68490512553673 0
128 114 -14 54.04739752 113.83397972046785 0
127 115 -12 54.119263405 113.95991342591617 0
126 139 13 55.63580511999999 116.75131089844737 0
125 129 4 55.11414567999999 115.75588402002369 0
128 119 -9 54.37156578 114.40550480027208 0
138 119 -19 53.80443921999999 113.41113066965144 0
131 118 -13 54.10456012499999 113.93411443541626 0
128 113 -15 53.975060125 113.70762849358375 0
128 130 2 55.008932845 115.56037073287919 0
126 119 -7 54.451963004999996 114.54872404751674 0
126 116 -10 54.259767999999994 114.20736363968001 0
131 118 -13 54.09167848 113.91152617678912 0
127 114 -13 54.102720819999995 113.93088835091226 0
126 113 -13 54.0953605 113.91798131537001 0
126 126 0 54.897390204999994 115.35475819159097 0
124 120 -4 54.619628979999995 114.8495114937129 0
126 112 -14 54.002938 113.75627514952001 0
131 117 -14 54.032597519999996 113.80809587697217 0
126 118 -8 54.369772045 114.40231656284672 0
124 112 -12 54.152273244999996 114.01789854367112 0
126 123 -3 54.70675048 115.0070055766189 0
126 116 -10 54.29234818 114.26498793912633 0
125 109 -16 53.8346245 113.46343613239 0
129 114 -15 53.997368005 113.74655084789924 0
124 112 -12 54.133946845 113.98569525711882 0
122 111 -11 54.16142481999999 114.03399023303577 0
124 115 -9 54.35541100499999 114.37680181163128 0
123 113 -10 54.265205005 114.21697341245778 0
123 110 -13 54.049246124999996 113.83721396391375 0
125 115 -10 54.25614177999999 114.20095584728392 0
123 122 -1 54.834268019999996 115.23912006531816 0
122 122 0 54.88548072 115.33290154222657 0
126 131 5 55.224688645 115.9630502083931 0
130 126 -4 54.689388179999995 114.97555025629369 0
132 122 -10 54.274260479999995 114.23298460250112 0
135 119 -16 53.975060125 113.70762849358375 0
131 121 -10 54.304991125 114.28737523844876 0
129 119 -10 54.315815844999996 114.30655454541181 0
128 132 4 55.10417842 115.73729425550697 0
129 129 0 54.89909032 115.35787978469824 0
130 120 -10 54.259767999999994 114.20736363968001 0
136 119 -17 53.904124005 113.58410617212573 0
131 122 -9 54.367977999999994 114.39912807992 0
128 123 -5 54.57050242 114.76107326186505 0
128 143 15 55.758065124999995 116.99187132092126 0
130 135 5 55.172065605 115.86419997480814 0
134 125 -9 54.35720721999999 114.37999201765544 0
142 125 -17 53.934046405 113.63616558495917 0
135 124 -11 54.279690044999995 114.24258826498522 0
131 123 -8 54.394856125 114.44692962073626 0
131 144 13 55.601413619999995 116.68418754191065 0
131 129 -2 54.77072144499999 115.123205293661 0
134 125 -9 54.385904499999995 114.43100188129 0
138 122 -16 53.98621964499999 113.72709470915642 0
133 125 -8 54.455521645 114.5550780527096 0
131 129 -2 54.791377645 115.16083009338992 0
130 147 17 55.840522045 117.1559092719308 0
133 132 -1 54.866735125 115.29853583820875 0
139 126 -13 54.144946405 114.00502042020084 0
140 128 -12 54.21435112499999 114.12719235541127 0
135 132 -3 54.729275125 115.04786549402877 0
133 129 -4 54.656314404999996 114.91572554758719 0
135 138 3 55.087541519999995 115.70629722830017 0
136 136 0 54.890586645 115.3422698573671 0
137 135 -2 54.782776319999996 115.14515671781376 0
141 128 -13 54.172396479999996 114.05329153868288 0
139 139 0 54.916074419999994 115.38908497096105 0
136 136 0 54.890586645 115.3422698573671 0
137 144 7 55.294900979999994 116.09561689136089 0
141 141 0 54.897390204999994 115.35475819159097 0
143 134 -9 54.43058512499999 114.51057998152126 0
145 139 -6 54.551136205 114.72628118163698 0
141 136 -5 54.63362049999999 114.87474737747002 0
140 136 -4 54.665028879999994 114.93147650956354 0
141 152 11 55.487810579999994 116.4640775342393 0
140 143 3 55.08087808 115.69389345660929 0
145 137 -8 54.46085728 114.56460727863808 0
149 141 -8 54.50698258 114.64710497349273 0
143 143 0 54.88377812499999 115.32977837640627 0
142 147 5 55.153903119999995 115.83018047606336 0
145 157 12 55.514778445 116.5161098163845 0
147 151 4 55.095863845 115.72179795040532 0
154 141 -13 54.23799208 114.16890150961473 0
155 148 -7 54.544084645 114.7136226639411 0
147 143 -4 54.705015644999996 115.00386101120841 0
147 141 -6 54.593341405 114.80215578221834 0
148 160 12 55.51794524499999 116.52222869209513 0
145 141 -4 54.689388179999995 114.97555025629369 0
151 134 -17 53.984360499999994 113.72385104063001 0
146 137 -9 54.39843460499999 114.45329901291663 0
140 135 -5 54.621379004999994 114.85266675585177 0
139 131 -8 54.44662271999999 114.53919125458945 0
139 149 10 55.444795125 116.38135621207127 0
137 144 7 55.276994245 116.06173260934062 0
141 141 0 54.90248962 115.36412238352136 0
148 145 -3 54.73100562 115.05100707549337 0
145 144 -1 54.859909245 115.28603326108312 0
145 143 -2 54.787938045 115.1545613628313 0
147 155 8 55.296527004999994 116.09869633623978 0
146 153 7 55.267211124999996 116.04324219618876 0
150 141 -9 54.432368319999995 114.51375996939777 0
156 145 -11 54.330231444999995 114.3321129374535 0
147 148 1 54.93980008 115.43273964062273 0
145 142 -3 54.739653444999995 115.06671180744303 0
148 152 4 55.12078432 115.76827369662976 0
146 147 1 54.961776645 115.47324242820292 0
149 138 -11 54.328430579999996 114.32891901204073 0
151 151 0 54.89909032 115.35787978469824 0
144 161 17 55.745772405 116.96754303251734 0
146 159 13 55.55585012499999 116.59561374365376 0
157 170 13 55.506856019999994 116.50081027216585 0
161 173 12 55.465534479999995 116.42119768488513 0
166 160 -6 54.60211167999999 114.81794661344769 0
172 162 -10 54.432368319999995 114.51375996939777 0
163 160 -3 54.774167244999994 115.12947816738162 0
162 159 -3 54.77761180499999 115.13575020984808 0
162 170 8 55.290021044999996 116.0863776149503 0
161 164 3 55.040793279999995 115.61941059937793 0
166 157 -9 54.49458484499999 114.62490966230482 0
167 157 -10 54.44306098 114.53283486730089 0
160 158 -2 54.782776319999996 115.14515671781376 0
158 151 -7 54.561704244999994 114.7452620978294 0
159 163 4 55.099190605 115.72799700133939 0
155 157 2 55.01061249999999 115.56347975125001 0
158 150 -8 54.531732479999995 114.69146141810688 0
160 150 -10 54.42166449999999 114.49467643991001 0
154 151 -3 54.755199999999995 115.09496704000001 0
152 147 -5 54.649337245 114.9031208377809 0
152 158 6 55.19183644499999 115.9012888211185 0
150 155 5 55.172065605 115.86419997480814 0
153 152 -1 54.835979605 115.24224902013414 0
157 154 -3 54.73446568 115.05728960285633 0
154 148 -6 54.617878645 114.84635600917693 0
154 144 -10 54.412736124999995 114.47876687956375 0
152 156 4 55.087541519999995 115.70629722830017 0
148 156 8 55.30140322 116.10793373139657 0
151 153 2 54.9769605 115.50126400887001 0
157 153 -4 54.69980928 114.99442602811393 0
155 153 -2 54.79653472 115.17023164332545 0
154 142 -12 54.26339297999999 114.21377041008888 0
154 155 1 54.94994962 115.45143724339864 0
146 145 -1 54.86844082 115.30166098466776 0
149 137 -12 54.268828125 114.22337865234375 0
150 140 -10 54.351817645 114.37042065898243 0
142 138 -4 54.665028879999994 114.93147650956354 0
141 137 -4 54.65457058 114.91257469897928 0
141 164 23 56.0515645 117.58292125291001 0
140 147 7 55.25088112499999 116.01241205236126 0
147 141 -6 54.60211167999999 114.81794661344769 0
150 143 -7 54.559943679999996 114.74209918226433 0
145 137 -8 54.44306098 114.53283486730089 0
144 134 -10 54.351817645 114.37042065898243 0
141 141 0 54.9092845 115.37660523619002 0
138 144 6 55.24434044499999 116.00007548824202 0
140 135 -5 54.62312872 114.85582179575745 0
144 135 -9 54.427017805 114.50421928581409 0
141 129 -12 54.232541125 114.15928019523875 0
138 129 -9 54.39664551999999 114.45011443834817 0
135 144 9 55.399947805 116.29546205231594 0
133 137 4 55.13073298 115.7868529881489 0
138 129 -9 54.402011845 114.4596674335787 0
142 131 -11 54.29957458 114.27778219327529 0
136 128 -8 54.44662271999999 114.53919125458945 0
134 128 -6 54.522900205 114.67562504237154 0
134 136 2 55.035770125 115.61009291413376 0
132 134 2 55.03911920499999 115.61630488660253 0
135 125 -10 54.312208844999994 114.3001624465072 0
138 125 -13 54.152273244999996 114.01789854367112 0
133 126 -7 54.515828805 114.66295177739758 0
130 126 -4 54.651081999999995 114.90627234424001 0
131 132 1 54.95670978 115.46389849101193 0
131 130 -1 54.835979605 115.24224902013414 0
133 129 -4 54.65457058 114.91257469897928 0
135 135 0 54.878668479999995 115.3204076943309 0
133 135 2 55.025715444999996 115.5914526095855 0
135 133 -2 54.81370482 115.20155679854425 0
138 151 13 55.58416160499999 116.65060321405038 0
137 147 10 55.452777999999995 116.39668266808002 0
142 140 -2 54.789657999999996 115.15769583128001 0
149 135 -14 54.1321125 113.98247346375001 0
144 134 -10 54.37694512499999 114.41506804117876 0
139 136 -3 54.743110404999996 115.07299222144067 0
137 156 19 55.92357672 117.32268539550145 0
138 144 6 55.242704499999995 115.99699094279 0
145 137 -8 54.487493605 114.61222148226014 0
148 140 -8 54.50344192 114.64076462288897 0
141 143 2 55.025715444999996 115.5914526095855 0
141 145 4 55.102516124999994 115.73419534686376 0
143 162 19 55.863266319999994 117.20142252034626 0
145 151 6 55.234520124999996 115.98156578080376 0
152 152 0 54.897390204999994 115.35475819159097 0
154 153 -1 54.875260499999996 115.31415958413001 0
152 157 5 55.13735921999999 115.79923571552857 0
153 153 0 54.897390204999994 115.35475819159097 0
155 165 10 55.390306044999996 116.27704137088472 0
154 156 2 55.024038579999996 115.58834525064873 0
158 148 -10 54.418094079999996 114.48831333916672 0
159 151 -8 54.514060179999994 114.6597828814017 0
151 146 -5 54.656314404999996 114.91572554758719 0
150 146 -4 54.689388179999995 114.97555025629369 0
148 158 10 55.388698 116.27397074312 0
146 149 3 55.03744482 115.61319899157577 0
151 145 -6 54.57050242 114.76107326186505 0
151 141 -10 54.38769544499999 114.43418791657702 0
146 144 -2 54.77072144499999 115.123205293661 0
143 142 -1 54.859909245 115.28603326108312 0
143 159 16 55.72267007999999 116.9219084244173 0
143 145 2 54.983700819999996 115.51371314145226 0
149 141 -8 54.473296245 114.5868338467279 0
148 140 -8 54.491039844999996 114.6185660410002 0
143 144 1 54.941492444999994 115.435856386594 0
141 140 -1 54.82227824499999 115.2172117142339 0
143 152 9 55.393521205 116.28318218502199 0
142 142 0 54.893989045 115.34851441716572 0
145 138 -7 54.501671124999994 114.63759409785126 0
145 139 -6 54.551136205 114.72628118163698 0
140 142 2 55.002211124999995 115.54793280574876 0
139 140 1 54.934721124999996 115.42338825053875 0
141 156 15 55.673151999999995 116.82446921216001 0
141 147 6 55.201705125 115.91982419905875 0
146 142 -4 54.7032805 115.00071623143 0
149 142 -7 54.53526322 114.69779435312344 0
144 142 -2 54.80855704499999 115.19216140190422 0
143 143 0 54.9092845 115.37660523619002 0
143 158 15 55.662277605 116.80313848374388 0
143 150 7 55.260682845 116.03091206349832 0
149 147 -2 54.786217779999994 115.15142668787993 0
152 148 -4 54.718885645 115.02901154595409 0
148 148 0 54.907586245 115.3734848157354 0
147 146 -1 54.86844082 115.30166098466776 0
148 161 13 55.571591125 116.62616859401126 0
147 155 8 55.28676620499999 116.08021731089303 0
152 148 -4 54.677216124999994 114.95351869917626 0
156 148 -8 54.49990002 114.63442333943786 0
149 148 -1 54.86844082 115.30166098466776 0
147 149 2 55.007252879999996 115.55726152930754 0
148 161 13 55.52585682 116.53752353789977 0
148 151 3 55.057516979999995 115.65045773935513 0
153 148 -5 54.65805792 114.91887617723904 0
153 152 -1 54.866735125 115.29853583820875 0
149 150 1 54.96684071999999 115.48258465729344 0
150 149 -1 54.834268019999996 115.23912006531816 0
150 162 12 55.49416402 116.47632396127017 0
149 156 7 55.22960577999999 115.97230872993208 0
154 149 -5 54.645846805 114.89681716586443 0
156 150 -6 54.62837600499999 114.86528558371374 0
150 149 -1 54.873556045 115.3110352318928 0
149 148 -1 54.834268019999996 115.23912006531816 0
149 159 10 55.422401844999996 116.33842323519131 0
148 149 1 54.951640125 115.45455284129625 0
152 147 -5 54.64759218 114.89996911171033 0
151 149 -2 54.81027328 115.19529340510209 0
147 154 7 55.26884242 116.04632432985497 0
147 152 5 55.14067048 115.80542604306113 0
151 165 14 55.587301124999996 116.65671059383877 0
151 151 0 54.916074419999994 115.38908497096105 0
156 147 -9 54.473296245 114.5868338467279 0
153 148 -5 54.62837600499999 114.86528558371374 0
148 148 0 54.897390204999994 115.35475819159097 0
147 147 0 54.926249999999996 115.40779875000001 0
147 156 9 55.361313804999995 116.22174739298258 0
147 150 3 55.077544499999995 115.68769050249001 0
150 144 -6 54.58456337999999 114.78635932961448 0
151 143 -8 54.49458484499999 114.62490966230482 0
145 143 -2 54.818849805 115.21095035878145 0
143 144 1 54.933027519999996 115.42027073590785 0
143 150 7 55.291647999999995 116.08945753088001 0
143 143 0 54.876964644999994 115.31728373822142 0
146 136 -10 54.359003124999994 114.38318197703126 0
144 140 -4 54.705015644999996 115.00386101120841 0
139 139 0 54.89228799999999 115.34539223552001 0
138 137 -1 54.82227824499999 115.2172117142339 0
139 151 12 55.52111080499999 116.52834703149958 0
138 140 2 55.017328019999994 115.57591397600186 0
142 137 -5 54.60211167999999 114.81794661344769 0
142 139 -3 54.715420005 115.02272519388724 0
138 135 -3 54.746566124999994 115.07927179238627 0
138 132 -6 54.563464499999995 114.74842478559 0
137 148 11 55.48145218 116.45182891217033 0
135 138 3 55.059187644999994 115.65356145818009 0
138 134 -4 54.69807320499999 114.99128060424854 0
140 136 -4 54.70675048 115.0070055766189 0
136 135 -1 54.849661125 115.26727340350126 0
136 133 -3 54.75174738 115.08868957094953 0
136 143 7 55.31114728 116.12640430879809 0
135 139 4 55.102516124999994 115.73419534686376 0
138 137 -1 54.817135119999996 115.20781937580736 0
140 137 -3 54.725813204999994 115.04158169471398 0
137 136 -1 54.825705445 115.22347225678452 0
137 132 -5 54.60386480499999 114.82110410693107 0
136 157 21 56.02348544499999 117.52547987490702 0
134 142 8 55.328982405 116.16025254701518 0
140 137 -3 54.72408177999999 115.03843947653608 0
143 136 -7 54.49458484499999 114.62490966230482 0
138 134 -4 54.645846805 114.89681716586443 0
136 133 -3 54.750020604999996 115.08555052159063 0
135 144 9 55.37582248 116.24940040266688 0
134 136 2 55.035770125 115.61009291413376 0
138 130 -8 54.41987944499999 114.49149500999499 0
138 134 -4 54.689388179999995 114.97555025629369 0
133 131 -2 54.805123644999995 115.18589678173561 0
133 131 -2 54.768998079999996 115.12006854467073 0
134 145 11 55.514778445 116.5161098163845 0
133 135 2 55.024038579999996 115.58834525064873 0
136 133 -3 54.746566124999994 115.07927179238627 0
138 134 -4 54.684173445 114.9661094587195 0
135 134 -1 54.849661125 115.26727340350126 0
134 132 -2 54.774167244999994 115.12947816738162 0
135 142 7 55.260682845 116.03091206349832 0
134 139 5 55.16381457999999 115.84873911653528 0
136 134 -2 54.80684049999999 115.18902919417 0
139 135 -4 54.656314404999996 114.91572554758719 0
136 132 -4 54.6685125 114.93777536625001 0
135 133 -2 54.768998079999996 115.12006854467073 0
134 138 4 55.13404672 115.79304469766144 0
133 134 1 54.975274645 115.4981512553486 0
135 132 -3 54.736195245 115.0604305490824 0
136 135 -1 54.823992 115.22034208704001 0
134 143 9 55.424003379999995 116.3414908064745 0
134 133 -1 54.865029119999996 115.29541049278464 0
138 142 4 55.12576004499999 115.7775641241773 0
136 141 5 55.160512 115.84255358464002 0
137 139 2 55.008932845 115.56037073287919 0
140 146 6 55.234520124999996 115.98156578080376 0
138 143 5 55.193481999999996 115.90437846776001 0
141 140 -1 54.865029119999996 115.29541049278464 0
142 152 10 55.419197845 116.3322876607367 0
140 148 8 55.33060191999999 116.16332873583104 0
143 141 -2 54.784497204999994 115.14829180626204 0
147 143 -4 54.691125805 114.97869675691459 0
141 146 5 55.16381457999999 115.84873911653528 0
140 142 2 54.99716658 115.53860240948329 0
142 157 15 55.64983112499999 116.77875336504876 0
141 147 6 55.195127244999995 115.90746794738912 0
145 148 3 55.03911920499999 115.61630488660253 0
146 148 2 54.993801999999995 115.53238121384001 0
144 151 7 55.24597608 116.00315987176128 0
145 147 2 54.99716658 115.53860240948329 0
146 160 14 55.606112204999995 116.69334426164704 0
145 152 7 55.25578338 116.02166278146552 0
149 145 -4 54.694600124999994 114.98498911128377 0
151 149 -2 54.784497204999994 115.14829180626204 0
144 149 5 55.18689791999999 115.89201887748098 0
144 148 4 55.112485244999995 115.75278616408761 0
146 162 16 55.696403124999996 116.87015854203125 0
145 154 9 55.358086244999996 116.21560063244212 0
151 150 -1 54.844532879999996 115.25789076877248 0
152 150 -2 54.798253124999995 115.17336508171876 0
148 150 2 55.029068245 115.59766677693612 0
146 144 -2 54.774167244999994 115.12947816738162 0
147 159 12 55.52269312 116.53140600049664 0
143 151 8 55.293274645 116.09253728962892 0
147 145 -2 54.787938045 115.1545613628313 0
149 143 -6 54.58280684499999 114.78319936272632 0
144 143 -1 54.825705445 115.22347225678452 0
141 139 -2 54.81027328 115.19529340510209 0
140 154 14 55.628002044999995 116.73606082876921 0
138 147 9 55.380653124999995 116.25861539078126 0
143 139 -4 54.673735605 114.94722201812188 0
145 143 -2 54.77761180499999 115.13575020984808 0
139 141 2 55.01229184499999 115.56658858458383 0
138 141 3 55.065867204999996 115.66597453226798 0
139 157 18 55.822276405 117.11948250077084 0
139 151 12 55.54165671999999 116.56810325569857 0
144 144 0 54.878668479999995 115.3204076943309 0
149 149 0 54.880372005 115.32353145262228 0
142 151 9 55.35970018 116.21867408786169 0
143 149 6 55.227967045 115.96922271971172 0
146 160 14 55.58887041999999 116.65976409335097 0
146 151 5 55.181956604999996 115.88274742483287 0
150 147 -3 54.77072144499999 115.123205293661 0
149 152 3 55.042467044999995 115.6225161300658 0
145 155 10 55.391913779999996 116.28011185146408 0
146 152 6 55.223048979999994 115.95996370696713 0
149 165 16 55.70104497999999 116.87929327460313 0
149 161 12 55.508441125 116.50387045080126 0
153 154 1 54.951640125 115.45455284129625 0
157 153 -4 54.69807320499999 114.99128060424854 0
151 151 0 54.897390204999994 115.35475819159097 0
149 147 -2 54.80855704499999 115.19216140190422 0
147 153 6 55.20827804499999 115.9321777916388 0
144 149 5 55.181956604999996 115.88274742483287 0
146 142 -4 54.689388179999995 114.97555025629369 0
146 147 1 54.97021522 115.48881186326057 0
141 147 6 55.23615762 115.98465113837737 0
141 144 3 55.057516979999995 115.65045773935513 0
143 158 15 55.682460819999996 116.84274809520777 0
141 150 9 55.364540125 116.22789355298376 0
146 146 0 54.875260499999996 115.31415958413001 0
147 149 2 54.98538512499999 115.51682495504126 0
143 144 1 54.96346498 115.47635669413688 0
143 148 5 55.160512 115.84255358464002 0
142 157 15 55.694855219999994 116.86711340059945 0
142 149 7 55.291647999999995 116.08945753088001 0
147 149 2 55.003892019999995 115.55104256590617 0
147 152 5 55.148943204999995 115.82089885028148 0
144 151 7 55.278623679999995 116.06481378861568 0
146 149 3 55.057516979999995 115.65045773935513 0
146 165 19 55.864780124999996 117.20445595050376 0
145 155 10 55.436804499999994 116.36602621571001 0
151 150 -1 54.839401845 115.2485063241862 0
152 152 0 54.878668479999995 115.3204076943309 0
146 148 2 55.008932845 115.56037073287919 0
146 146 0 54.917771124999994 115.39220441871126 0
144 154 10 55.40155367999999 116.29853165322433 0
142 149 7 55.257416844999995 116.0247460360437 0
145 146 1 54.951640125 115.45455284129625 0
145 143 -2 54.817135119999996 115.20781937580736 0
142 143 1 54.93641441999999 115.42650557275897 0
140 143 3 55.040793279999995 115.61941059937793 0
139 153 14 55.659167845 116.79704292135582 0
138 147 9 55.40155367999999 116.29853165322433 0
143 142 -1 54.865029119999996 115.29541049278464 0
144 140 -4 54.680695404999994 114.95981451227183 0
140 141 1 54.9431845 115.43897294081 0
137 142 5 55.162163445 115.84564643565052 0
137 153 16 55.735 116.94625 0
137 146 9 55.390306044999996 116.27704137088472 0
142 142 0 54.926249999999996 115.40779875000001 0
143 146 3 55.045813644999996 115.62872664583442 0
139 141 2 54.990436179999996 115.52615927149432 0
140 140 0 54.921163605 115.39844273222764 0
138 152 14 55.65138802 116.78180192425816 0
137 142 5 55.195127244999995 115.90746794738912 0
141 139 -2 54.805123644999995 115.18589678173561 0
140 139 -1 54.858202 115.28290711816001 0
136 139 3 55.07087361999999 115.67528245114937 0
135 137 2 55.008932845 115.56037073287919 0
135 148 13 55.595144499999996 116.67197682601001 0
134 137 3 55.045813644999996 115.62872664583442 0
138 138 0 54.893989045 115.34851441716572 0
135 137 2 55.007252879999996 115.55726152930754 0
134 137 3 55.075877244999994 115.6845887577884 0
134 132 -2 54.791377645 115.16083009338992 0
