111 91 -20 54.75174738 115.08868957094953 0
104 90 -14 55.17371487999999 115.86729163837953 0
100 91 -9 55.532180499999996 116.54975701493001 0
98 99 1 56.327615845 118.15900465594932 0
98 93 -5 55.843558644999995 117.16197899289942 0
99 91 -8 55.595144499999996 116.67197682601001 0
104 93 -11 55.457564004999995 116.40587685083678 0
100 92 -8 55.61393697999999 116.7086029653849 0
98 91 -7 55.70104497999999 116.87929327460313 0
100 101 1 56.330446605 118.16502615123538 0
99 100 1 56.334690419999994 118.17405805509097 0
99 94 -5 55.90854562 117.29238373356665 0
107 95 -12 55.390306044999996 116.27704137088472 0
105 93 -12 55.390306044999996 116.27704137088472 0
102 92 -10 55.495751604999995 116.47938522628215 0
102 104 2 56.417585124999995 118.35160920245876 0
101 95 -6 55.805512019999995 117.08607840284617 0
101 94 -7 55.718041244999995 116.9127784800004 0
108 92 -16 55.089206604999994 115.70939772706464 0
102 93 -9 55.615501005 116.71165433323378 0
101 93 -8 55.659167845 116.79704292135582 0
100 98 -2 56.17146407999999 117.83052199787329 0
101 96 -5 55.85872304499999 117.19232164400373 0
101 93 -8 55.628002044999995 116.73606082876921 0
105 94 -11 55.44958577999999 116.39055250920794 0
102 97 -5 55.92357672 117.32268539550145 0
100 95 -5 55.861752204999995 117.19838899265298 0
102 108 6 56.69855264499999 118.97079450917742 0
104 105 1 56.347405124999995 118.20115136662126 0
103 95 -8 55.66693992 116.81228093522498 0
113 95 -18 54.980331279999994 115.50748895113409 0
108 99 -9 55.595144499999996 116.67197682601001 0
102 99 -3 56.042709519999995 117.56478492232385 0
103 114 11 57.044393244999995 119.7764659090289 0
106 108 2 56.43292072 118.38469743390657 0
108 103 -5 55.894991125 117.26510432348876 0
117 103 -14 55.28839377999999 116.08329754167593 0
112 104 -8 55.693307004999994 116.86406814360728 0
109 104 -5 55.89348352 117.26207280963584 0
109 114 5 56.615373444999996 118.784509137257 0
110 117 7 56.793652404999996 119.18712203158518 0
112 110 -2 56.16276162 117.81242043334537 0
120 109 -11 55.587301124999996 116.65671059383877 0
119 111 -8 55.75192124499999 116.97970805269962 0
116 110 -6 55.864780124999996 117.20445595050376 0
116 117 1 56.388203919999995 118.28842878176705 0
116 115 -1 56.216249004999995 117.92401114082178 0
118 104 -14 55.325742444999996 116.15409970898352 0
121 105 -16 55.178660844999996 115.87656561587681 0
116 106 -10 55.565298444999996 116.61394820510802 0
111 107 -4 55.996781004999995 117.47103510460127 0
111 117 6 56.718497619999994 119.01586128865738 0
112 113 1 56.382591999999995 118.27639253504 0
115 104 -11 55.544812979999996 116.57421761459113 0
121 106 -15 55.26884242 116.04632432985497 0
115 106 -9 55.6576125 116.79399496125001 0
111 108 -3 56.055987804999994 117.59198837798408 0
112 116 4 56.52826112499999 118.59216771399876 0
112 116 4 56.54879199999999 118.63725423296 0
116 109 -7 55.80856288 117.09215280266753 0
121 113 -8 55.738079379999995 116.95233427761849 0
118 114 -4 56.005693644999994 117.4891863004581 0
116 110 -6 55.888958845 117.25297770187032 0
118 121 3 56.517282804999994 118.56811958206843 0
118 118 0 56.277876819999996 118.05359780043977 0
119 114 -5 55.987857205 117.45288092246454 0
124 115 -9 55.684011205 116.84579416571054 0
121 114 -7 55.861752204999995 117.19838899265298 0
120 115 -5 55.966991605 117.41050935201788 0
120 123 3 56.45516008 118.43281863617729 0
120 122 2 56.450996245 118.4237965292654 0
123 122 -1 56.201834805 117.89385971710108 0
127 120 -7 55.831404805 117.13769770393358 0
127 120 -7 55.864780124999996 117.20445595050376 0
125 117 -8 55.807037605 117.08911565455614 0
125 127 2 56.409204445 118.3335592997825 0
124 130 6 56.67853792 118.92572742596097 0
126 120 -6 55.94007512499999 117.35600672159126 0
133 120 -13 55.486221445 116.46101558491651 0
127 126 -1 56.24641792 117.98731032571905 0
125 123 -2 56.172913404999996 117.83353870225368 0
127 130 3 56.49940072 118.52903814897346 0
129 131 2 56.4245605 118.36664982113001 0
131 128 -3 56.126381245 117.73697187670712 0
135 127 -8 55.80245992 117.08000358797506 0
133 126 -7 55.88594084499999 117.24691382321569 0
131 124 -7 55.85872304499999 117.19232164400373 0
130 131 1 56.327615845 118.15900465594932 0
129 138 9 56.78447711999999 119.16608879387138 0
131 128 -3 56.13367282 117.75206493273177 0
138 127 -11 55.680910125 116.83970190783376 0
134 130 -4 56.07659300499999 117.63429260848673 0
132 121 -11 55.59827968 116.67808243539969 0
133 131 -2 56.18594338 117.86068621333449 0
128 128 0 56.276450125 118.05058528553376 0
129 120 -9 55.725754419999994 116.92799449070105 0
133 121 -12 55.590439405 116.66281746616033 0
127 117 -10 55.676256179999996 116.83056264284569 0
125 116 -9 55.725754419999994 116.92799449070105 0
124 129 5 56.57333697999999 118.69135230147512 0
122 127 5 56.58013720499999 118.70637854803797 0
125 119 -6 55.943070805 117.36206397880045 0
131 121 -10 55.710320319999994 116.89755964173824 0
127 121 -6 55.938576819999994 117.35297795930025 0
125 117 -8 55.777998479999994 117.03138996990913 0
126 126 0 56.282155044999996 118.0626350378498 0
124 127 3 56.46763484499999 118.45988331784233 0
125 118 -7 55.82988417999999 117.13466209013768 0
131 121 -10 55.66693992 116.81228093522498 0
125 120 -5 55.986368819999996 117.44985493262377 0
124 117 -7 55.876879405 117.22871990013968 0
125 120 -5 56.010145779999995 117.4982607895921 0
124 125 1 56.37416481999999 118.25833698562425 0
124 113 -11 55.602980124999995 116.68723990699627 0
127 116 -11 55.581020845 116.64449532548431 0
122 112 -10 55.643600445 116.76655792344951 0
120 110 -10 55.62956328 116.73911108726209 0
120 121 1 56.37697512 118.26435566108736 0
117 122 5 56.612670404999996 118.77849940485935 0
119 112 -7 55.85872304499999 117.19232164400373 0
126 113 -13 55.440001679999995 116.37215864040769 0
121 113 -8 55.74423442 116.96450150249896 0
118 110 -8 55.750384499999996 116.97666696231 0
118 118 0 56.307765804999995 118.11684900921794 0
117 119 2 56.41339617999999 118.3425844113057 0
118 113 -5 55.993807645 117.46498404411241 0
123 114 -9 55.736539844999996 116.94929219437732 0
121 111 -10 55.599846805 116.68113505143307 0
119 109 -10 55.618628124999994 116.71775669734376 0
118 122 4 56.55425511999999 118.64927653939264 0
116 113 -3 56.124922 117.73395306056001 0
118 109 -9 55.65450088 116.78789868239554 0
122 110 -12 55.487810579999994 116.4640775342393 0
117 109 -8 55.758065124999995 116.99187132092126 0
115 107 -8 55.724212404999996 116.92495151378267 0
115 117 2 56.41339617999999 118.3425844113057 0
114 109 -5 55.934080044999995 117.34389113571521 0
115 102 -13 55.367765205 116.23403911375654 0
118 107 -11 55.514778445 116.5161098163845 0
113 106 -7 55.76880498 117.01315285619688 0
110 100 -10 55.56372449999999 116.61089278539 0
113 116 3 56.47732008 118.48093198414273 0
110 109 -1 56.244984405 117.98429664015718 0
110 103 -7 55.777998479999994 117.03138996990913 0
118 101 -17 55.092535845 115.71559819275069 0
113 98 -15 55.18689791999999 115.89201887748098 0
109 97 -12 55.428806124999994 116.35069265851376 0
107 102 -5 55.952050404999994 117.38023362324319 0
105 105 0 56.259305604999994 118.01443104349188 0
106 104 -2 56.15840620499999 117.80336878340698 0
110 102 -8 55.684011205 116.84579416571054 0
111 99 -12 55.409578405 116.31387747046868 0
110 97 -13 55.340312499999996 116.18178265625001 0
108 106 -2 56.17001444499999 117.82750523004002 0
106 104 -2 56.178707605 117.84560488852364 0
106 98 -8 55.671599445 116.8214223201175 0
112 98 -14 55.23779480499999 115.98773633319894 0
109 96 -13 55.307900499999995 116.12024807227002 0
105 95 -10 55.478271119999995 116.44570377471936 0
105 103 -2 56.15985832 117.80638606476225 0
103 101 -2 56.10738687999999 117.69772186161153 0
103 93 -10 55.490987919999995 116.47020102147906 0
109 95 -14 55.227967045 115.96922271971172 0
106 95 -11 55.473497204999994 116.43651503183548 0
101 96 -5 55.873856445 117.22265449237402 0
103 101 -2 56.113236879999995 117.70980004454849 0
103 98 -5 55.87536808 117.22568724436928 0
104 94 -10 55.549545044999995 116.58338816865772 0
107 99 -8 55.719584499999996 116.91582190769 0
104 109 5 56.627521779999995 118.81155238226393 0
103 97 -6 55.805512019999995 117.08607840284617 0
108 111 3 56.515909119999996 118.56511346241537 0
111 110 -1 56.197504499999994 117.88481312721001 0
106 102 -4 55.984880125 117.44682885868376 0
116 101 -15 55.226327999999995 115.96613654592001 0
113 99 -14 55.291647999999995 116.08945753088001 0
108 98 -10 55.533760644999994 116.55281505227342 0
108 111 3 56.50490848 118.54106364646913 0
106 108 2 56.41339617999999 118.3425844113057 0
107 100 -7 55.790239119999995 117.05570015177537 0
116 99 -17 55.04915900499999 115.63493643521929 0
111 102 -9 55.62956328 116.73911108726209 0
107 100 -7 55.765738 117.00707295848001 0
107 118 11 57.004269404999995 119.68016748873035 0
108 108 0 56.3262 118.15599384000001 0
110 105 -5 55.9025245 117.28026048461001 0
118 106 -12 55.478271119999995 116.44570377471936 0
113 107 -6 55.89800540499999 117.27116706907434 0
111 102 -9 55.640483245 116.7604594774989 0
113 110 -3 56.067769645 117.61616402869392 0
112 103 -9 55.65138802 116.78180192425816 0
110 98 -12 55.3726005 116.24325633423001 0
113 101 -12 55.424003379999995 116.3414908064745 0
108 100 -8 55.697950719999994 116.87320356806657 0
106 101 -5 55.904030244999994 117.28329143635261 0
108 112 4 56.54879199999999 118.63725423296 0
107 107 0 56.272168179999994 118.04154743121369 0
110 101 -9 55.615501005 116.71165433323378 0
116 100 -16 55.132390005 115.78994892944277 0
111 102 -9 55.662277605 116.80313848374388 0
108 100 -8 55.719584499999996 116.91582190769 0
107 118 11 57.046890444999995 119.78248595177952 0
109 115 6 56.725130445 119.03088357657202 0
110 109 -1 56.194616079999996 117.87878176503872 0
122 109 -13 55.446392319999994 116.38442178584577 0
118 107 -11 55.527438204999996 116.54058210663354 0
115 107 -8 55.72112744499999 116.91886522244101 0
114 114 0 56.280729279999996 118.05962267643393 0
113 109 -4 56.022004499999994 117.52245585429 0
115 101 -14 55.28676620499999 116.08021731089303 0
117 103 -14 55.28351012499999 116.07405637614626 0
112 104 -8 55.72267007999999 116.9219084244173 0
108 103 -5 55.920572979999996 117.31662579620888 0
110 114 4 56.56652900499999 118.67632564018928 0
110 110 0 56.321950605 118.14696111696064 0
112 106 -6 55.878390419999995 117.23175245984905 0
118 109 -9 55.682460819999996 116.84274809520777 0
115 114 -1 56.203277619999994 117.89687512682265 0
113 119 6 56.682546445 118.93474089344849 0
116 127 11 56.970168 119.59894564032001 0
121 126 5 56.585571804999994 118.71839926045195 0
127 115 -12 55.56057568 116.60478155781632 0
131 112 -19 55.079211445 115.69079206870902 0
124 115 -9 55.704138 116.88538252152001 0
119 117 -2 56.161310125 117.80940328135375 0
118 127 9 56.865215379999995 119.35240546895753 0
121 121 0 56.29924004499999 118.09877945652272 0
126 117 -9 55.708775204999995 116.89451553297599 0
128 118 -10 55.665386125 116.80923357012625 0
124 118 -6 55.88292160499999 117.24084956424964 0
122 117 -5 55.986368819999996 117.44985493262377 0
123 123 0 56.306345619999995 118.11383753777338 0
122 126 4 56.56652900499999 118.67632564018928 0
125 114 -11 55.581020845 116.64449532548431 0
129 115 -14 55.393521205 116.28318218502199 0
123 117 -6 55.894991125 117.26510432348876 0
120 113 -7 55.845076479999996 117.16501370380288 0
121 124 3 56.50215522 118.53505094794056 0
120 122 2 56.40221201999999 118.31851672329384 0
122 114 -8 55.788710124999994 117.05266174966626 0
127 119 -8 55.77646700499999 117.02835071869274 0
122 117 -5 55.958030605 117.39234495999314 0
121 117 -4 56.007177999999996 117.49221121192001 0
123 128 5 56.59507042 118.73943493158905 0
122 122 0 56.29924004499999 118.09877945652272 0
126 117 -9 55.711865124999996 116.90060363657875 0
129 116 -13 55.454373645 116.39974753624192 0
124 175 51 58.705817999999994 125.02610406168002 0
121 204 83 59.439380125 130.30684652750375 0.024036399299162542
132 163 31 57.843712 121.90632664064 0
173 135 -38 54.38232168 114.42462907847232 0
135 127 -8 55.825320444999996 117.1255546412505 0
128 124 -4 56.05893512499999 117.59803274577126 0
133 123 -10 55.70104497999999 116.87929327460313 0
130 123 -7 55.84659400499999 117.16804831520429 0
128 133 5 56.60590737999999 118.76347486385049 0
127 121 -6 55.93557928 117.34692016652609 0
132 116 -16 55.28188161999999 116.07097567185465 0
128 115 -13 55.495751604999995 116.47938522628215 0
123 116 -7 55.831404805 117.13769770393358 0
121 112 -9 55.716497679999996 116.90973493920833 0
121 129 8 56.800196879999994 119.20214608297152 0
119 120 1 56.364319005 118.23727034708074 0
123 119 -4 56.042709519999995 117.56478492232385 0
127 115 -12 55.52269312 116.53140600049664 0
124 116 -8 55.777998479999994 117.03138996990913 0
122 115 -7 55.807037605 117.08911565455614 0
121 120 -1 56.22344448 117.93908465344514 0
121 125 4 56.52551840499999 118.58615581627117 0
122 115 -7 55.85872304499999 117.19232164400373 0
127 116 -11 55.610808 116.70249985728 0
123 113 -10 55.660722879999994 116.8000907621325 0
121 110 -11 55.587301124999996 116.65671059383877 0
120 120 0 56.27502311999999 118.04757271913664 0
118 117 -1 56.259305604999994 118.01443104349188 0
119 112 -7 55.843558644999995 117.16197899289942 0
123 115 -8 55.770338005 117.01619264343077 0
120 113 -7 55.826842 117.12859055896001 0
119 109 -10 55.615501005 116.71165433323378 0
119 119 0 56.26359592 118.02347031461697 0
117 115 -2 56.190281125 117.86973426513876 0
118 108 -10 55.626440499999994 116.73301044767001 0
122 111 -11 55.55742562 116.59866981163337 0
117 109 -8 55.767271644999994 117.01011296126792 0
115 106 -9 55.67004658 116.81837531005672 0
116 125 9 56.841898 119.29830755512 0
114 116 2 56.39521184499999 118.3034732241162 0
116 104 -12 55.476680124999994 116.44264099881626 0
124 108 -16 55.20663527999999 115.92908964220993 0
115 106 -9 55.696403124999996 116.87015854203125 0
112 105 -7 55.784121279999994 117.0435459092941 0
113 112 -1 56.24355058 117.98128289949929 0
112 116 4 56.569253124999996 118.68233635578126 0
113 107 -6 55.89649842 117.26813574324697 0
119 109 -10 55.590439405 116.66281746616033 0
117 107 -10 55.63580511999999 116.75131089844737 0
114 103 -11 55.52901928 116.54364054227392 0
114 120 6 56.687886805 118.94675880443558 0
112 110 -2 56.14241248 117.77017436722689 0
113 102 -11 55.484632 116.45795349824002 0
119 103 -16 55.152250124999995 115.82708677196626 0
113 103 -10 55.595144499999996 116.67197682601001 0
109 101 -8 55.741157519999994 116.95841811134785 0
110 110 0 56.273595805 118.04456010108458 0
109 112 3 56.47455442 118.47491822223897 0
110 102 -8 55.730378605 116.93712274841263 0
116 103 -13 55.411182419999996 116.31694619760505 0
113 101 -12 55.415992605 116.32615150933864 0
109 102 -7 55.762669779999996 117.00099262867192 0
109 106 -3 56.06924098 117.61918564542088 0
108 102 -6 55.852661004999995 117.18018576906624 0
110 101 -9 55.615501005 116.71165433323378 0
111 104 -7 55.770338005 117.01619264343077 0
109 106 -3 56.06188120499999 117.60407680927804 0
108 105 -3 56.082469044999996 117.64637684408822 0
111 109 -2 56.18160284499999 117.8516376052017 0
112 106 -6 55.86931968 117.21355565740033 0
113 99 -14 55.294900979999994 116.09561689136089 0
114 100 -14 55.275364499999995 116.05865127141001 0
110 101 -9 55.66383202 116.80618608635385 0
107 101 -6 55.835964819999994 117.14680394011577 0
107 114 7 56.747624079999994 119.08195983844674 0
108 112 4 56.596426124999994 118.74243997028626 0
110 103 -7 55.820753919999994 117.11644627767296 0
118 104 -14 55.31114728 116.12640430879809 0
114 105 -9 55.65450088 116.78789868239554 0
110 106 -4 56.01607761999999 117.51035896851737 0
111 116 5 56.61807524499999 118.79051882361762 0
112 115 3 56.495266644999994 118.52001875933291 0
115 111 -4 55.996781004999995 117.47103510460127 0
120 106 -14 55.320880179999996 116.14486929847833 0
118 113 -5 55.938576819999994 117.35297795930025 0
114 107 -7 55.82988417999999 117.13466209013768 0
114 116 2 56.442660204999996 118.40575146936098 0
116 113 -3 56.085405205 117.65241852054348 0
116 102 -14 55.296527004999994 116.09869633623978 0
120 103 -17 55.11414567999999 115.75588402002369 0
113 106 -7 55.799406579999996 117.0739283567433 0
109 106 -3 56.07365312499999 117.62825004671876 0
110 116 6 56.722478245 119.0248746567714 0
112 111 -1 56.24355058 117.98128289949929 0
115 104 -11 55.551121779999995 116.5864447581961 0
119 108 -11 55.579449999999994 116.64144119000001 0
114 111 -3 56.085405205 117.65241852054348 0
112 111 -1 56.210487044999994 117.91195128098829 0
115 117 2 56.45516008 118.43281863617729 0
116 111 -5 55.98190180499999 117.44077645785057 0
118 108 -10 55.58259138 116.64754933344649 0
119 110 -9 55.705684045 116.88842697303072 0
115 108 -7 55.77646700499999 117.02835071869274 0
114 105 -9 55.642042 116.76350876104001 0
115 120 5 56.58964449999999 118.72741463549 0
113 113 0 56.31769842 118.13792797769305 0
114 108 -6 55.887449999999994 117.24994581000001 0
121 108 -13 55.425604605 116.34455823401338 0
116 101 -15 55.188544404999995 115.89510902614285 0
114 106 -8 55.754993805 116.98578990515009 0
111 118 7 56.76476464499999 119.12101903275892 0
109 115 6 56.713185779999996 119.0038434792521 0
115 112 -3 56.067769645 117.61616402869392 0
121 113 -8 55.74731008 116.97058445238272 0
119 114 -5 55.996781004999995 117.47103510460127 0
117 112 -5 55.984880125 117.44682885868376 0
119 126 7 56.7502645 119.08796888441002 0
119 118 -1 56.198948245 117.88782871745862 0
122 120 -2 56.16421280499999 117.81543752090094 0
125 119 -6 55.93557928 117.34692016652609 0
123 119 -4 56.06924098 117.61918564542088 0
124 119 -5 55.990833044999995 117.4589326505038 0
124 130 6 56.68655217999999 118.94375433108969 0
124 120 -4 56.04123260499999 117.56176192896137 0
128 116 -12 55.51002592 116.50693049437697 0
127 117 -10 55.684011205 116.84579416571054 0
122 114 -8 55.794824244999994 117.0648147263519 0
121 115 -6 55.87536808 117.22568724436928 0
121 126 5 56.59778152 118.74544499518018 0
119 119 0 56.28927922 118.07769608567145 0
123 115 -8 55.773403124999994 117.02227189546876 0
126 120 -6 55.947562 117.37114919864001 0
122 119 -3 56.135130204999996 117.75508334014154 0
122 115 -7 55.835964819999994 117.14680394011577 0
124 125 1 56.358686004999996 118.22523136221878 0
122 118 -4 56.01607761999999 117.51035896851737 0
123 116 -7 55.81466087999999 117.10430036240449 0
125 120 -5 56.002724005 117.48313623146323 0
121 126 5 56.604553845 118.76046991833532 0
122 121 -1 56.25214887999999 117.99936452028354 0
127 130 3 56.48699012499999 118.50197927554626 0
127 120 -7 55.831404805 117.13769770393358 0
129 122 -7 55.89649842 117.26813574324697 0
126 126 0 56.28927922 118.07769608567145 0
125 124 -1 56.25501249999999 118.00539129125 0
128 118 -10 55.69175848 116.86102277089088 0
129 128 -1 56.224882644999994 117.9420991826526 0
125 124 -1 56.232068819999995 117.95717097111626 0
127 113 -14 55.42720552 116.34762551797185 0
129 115 -14 55.415992605 116.32615150933864 0
122 112 -10 55.662277605 116.80313848374388 0
119 115 -4 56.03088552 117.54059878122817 0
119 124 5 56.634260005 118.82657604841279 0
118 113 -5 55.99232049999999 117.46195838903 0
123 114 -9 55.67780780499999 116.83360918181658 0
122 112 -10 55.660722879999994 116.8000907621325 0
118 109 -9 55.662277605 116.80313848374388 0
118 107 -11 55.565298444999996 116.61394820510802 0
116 122 6 56.65442818 118.87164574650633 0
114 116 2 56.40640840499999 118.32754237859884 0
117 114 -3 56.091273805 117.66450099731745 0
123 117 -6 55.90101844499999 117.27722943959199 0
120 113 -7 55.799406579999996 117.0739283567433 0
120 111 -9 55.710320319999994 116.89755964173824 0
119 125 6 56.64905682 118.85962733184024 0
117 118 1 56.369947044999996 118.24930867063422 0
120 114 -6 55.907040804999994 117.28935306066708 0
125 114 -11 55.56372449999999 116.61089278539 0
121 115 -6 55.89649842 117.26813574324697 0
119 111 -8 55.76880498 117.01315285619688 0
119 123 4 56.531002605 118.59817952374114 0
118 116 -2 56.16421280499999 117.81543752090094 0
120 112 -8 55.782591045 117.04050708394222 0
123 114 -9 55.72883752 116.93408010785217 0
119 116 -3 56.10738687999999 117.69772186161153 0
118 114 -4 56.032364605 117.54362232428664 0
120 118 -2 56.193171405 117.87576599278833 0
120 111 -9 55.70722978 116.89147131012808 0
120 109 -11 55.543235005 116.57116050087224 0
119 109 -10 55.59200808 116.66587071243073 0
116 105 -11 55.495751604999995 116.47938522628215 0
114 106 -8 55.694855219999994 116.86711340059945 0
113 126 13 57.090390719999995 119.88786563974656 0
111 111 0 56.3262 118.15599384000001 0
116 112 -4 56.03679999999999 117.55269248 0
120 111 -9 55.676256179999996 116.83056264284569 0
117 108 -9 55.676256179999996 116.83056264284569 0
117 105 -12 55.457564004999995 116.40587685083678 0
115 114 -1 56.250716604999994 117.99635105346714 0
113 105 -8 55.708775204999995 116.89451553297599 0
113 101 -12 55.463941004999995 116.41813379769874 0
115 104 -11 55.533760644999994 116.55281505227342 0
110 102 -8 55.72883752 116.93408010785217 0
109 103 -6 55.863266319999994 117.20142252034626 0
110 114 4 56.57333697999999 118.69135230147512 0
109 109 0 56.267883444999995 118.0325091090495 0
112 103 -9 55.62331648 116.72690931699714 0
116 104 -12 55.435205444999994 116.362959789793 0
112 101 -11 55.457564004999995 116.40587685083678 0
110 101 -9 55.601413619999995 116.68418754191065 0
109 111 2 56.43013522 118.37868169793946 0
108 108 0 56.30066178 118.10179116985609 0
110 100 -10 55.571591125 116.62616859401126 0
115 101 -14 55.25578338 116.02166278146552 0
111 100 -11 55.451182044999996 116.3936176591233 0
107 98 -9 55.61393697999999 116.7086029653849 0
107 104 -3 56.06335378 117.60709872733594 0
107 102 -5 55.947562 117.37114919864001 0
107 101 -6 55.86023777999999 117.19535536726009 0
110 103 -7 55.79787944499999 117.07089058458251 0
109 112 3 56.52414657999999 118.5831498340033 0
109 102 -7 55.76880498 117.01315285619688 0
112 110 -2 56.13658727999999 117.75810168000193 0
113 107 -6 55.864780124999996 117.20445595050376 0
110 108 -2 56.17001444499999 117.82750523004002 0
114 106 -8 55.754993805 116.98578990515009 0
113 105 -8 55.741157519999994 116.95841811134785 0
113 106 -7 55.82836324499999 117.13162637520112 0
112 118 6 56.713185779999996 119.0038434792521 0
112 111 -1 56.2263205 117.94511365447 0
115 107 -8 55.702591645 116.88233795543209 0
119 109 -10 55.624878644999995 116.7299599438006 0
114 113 -1 56.201834805 117.89385971710108 0
113 111 -2 56.18160284499999 117.8516376052017 0
116 124 8 56.830201644999995 119.27126066399042 0
117 117 0 56.324783845 118.1529829782947 0
120 116 -4 56.06188120499999 117.60407680927804 0
124 113 -11 55.590439405 116.66281746616033 0
121 120 -1 56.25501249999999 118.00539129125 0
119 115 -4 56.004208979999994 117.48616130702713 0
120 128 8 56.77134321999999 119.13604208807656 0
121 114 -7 55.82988417999999 117.13466209013768 0
123 109 -14 55.393521205 116.28318218502199 0
121 110 -11 55.581020845 116.64449532548431 0
117 110 -7 55.842040499999996 117.15894418233 0
115 112 -3 56.070712005 117.62220718722477 0
115 128 13 57.086677005 119.87883086057728 0
116 125 9 56.850977805 119.31934494448595 0
121 117 -4 56.038277844999996 117.55571570796332 0
129 118 -11 55.63424512499999 116.74826112874126 0
124 118 -6 55.910050125 117.29541431384627 0
122 115 -7 55.811612499999995 117.09822678875001 0
122 130 8 56.79496192 119.19012682031105 0
120 122 2 56.448218804999996 118.41778163573494 0
124 115 -9 55.702591645 116.88233795543209 0
128 113 -15 55.364540125 116.22789355298376 0
122 114 -8 55.758065124999995 116.99187132092126 0
119 114 -5 55.934080044999995 117.34389113571521 0
118 129 11 56.96763298 119.59293020071112 0
118 118 0 56.27502311999999 118.04757271913664 0
123 113 -10 55.607677779999996 116.69639625153994 0
124 114 -10 55.65138802 116.78180192425816 0
119 118 -1 56.244984405 117.98429664015718 0
118 121 3 56.478702444999996 118.483938822924 0
120 136 16 57.26298177999999 120.31609063392393 0
123 128 5 56.612670404999996 118.77849940485935 0
130 123 -7 55.89046738 117.2560094989905 0
133 124 -9 55.784121279999994 117.0435459092941 0
128 126 -2 56.184496845 117.85767007265632 0
127 125 -2 56.175811124999996 117.83957192131126 0
129 138 9 56.83670271999999 119.28628655661058 0
129 133 4 56.52414657999999 118.5831498340033 0
134 132 -2 56.20616232 117.90290576688577 0
137 132 -5 55.989345279999995 117.45590682836993 0
136 130 -6 55.941573119999994 117.35903539470337 0
135 130 -5 56.007177999999996 117.49221121192001 0
134 141 7 56.666495604999994 118.89868680017814 0
133 128 -5 56.002724005 117.48313623146323 0
138 119 -19 55.12576004499999 115.7775641241773 0
133 120 -13 55.51319458 116.51305017700473 0
125 118 -7 55.861752204999995 117.19838899265298 0
123 117 -6 55.90553568 117.28632229498369 0
123 139 16 57.228242245 120.2285337365834 0
121 125 4 56.569253124999996 118.68233635578126 0
128 123 -5 55.974450579999996 117.42564397256072 0
130 121 -9 55.770338005 117.01619264343077 0
127 121 -6 55.89348352 117.26207280963584 0
125 118 -7 55.863266319999994 117.20142252034626 0
124 130 6 56.64905682 118.85962733184024 0
123 121 -2 56.143868004999995 117.77319237179827 0
126 116 -10 55.637364805 116.75436054636644 0
126 117 -9 55.75192124499999 116.97970805269962 0
121 117 -4 56.022004499999994 117.52245585429 0
120 113 -7 55.85872304499999 117.19232164400373 0
121 124 3 56.513160819999996 118.55910115253225 0
119 122 3 56.46763484499999 118.45988331784233 0
121 114 -7 55.840522045 117.1559092719308 0
126 117 -9 55.74731008 116.97058445238272 0
121 119 -2 56.154047999999996 117.79431654912001 0
119 122 3 56.50490848 118.54106364646913 0
122 131 9 56.835403125 119.28328134703126 0
124 124 0 56.31628040499999 118.13491683801068 0
129 116 -13 55.451182044999996 116.3936176591233 0
129 122 -7 55.843558644999995 117.16197899289942 0
122 120 -2 56.156953779999995 117.80035143712409 0
122 118 -4 56.01607761999999 117.51035896851737 0
124 129 5 56.582855124999995 118.71238893512876 0
122 125 3 56.491129779999994 118.51099913633193 0
125 114 -11 55.590439405 116.66281746616033 0
129 117 -12 55.566872079999996 116.61700349566529 0
121 116 -5 55.969976124999995 117.41656345777626 0
119 113 -6 55.876879405 117.22871990013968 0
120 127 7 56.7238045 119.02787911579001 0
118 120 2 56.43013522 118.37868169793946 0
121 111 -10 55.63424512499999 116.74826112874126 0
125 110 -15 55.306276645 116.1171697207746 0
118 112 -6 55.910050125 117.29541431384627 0
115 111 -4 56.004208979999994 117.48616130702713 0
115 113 -2 56.13075712 117.74602791460865 0
116 115 -1 56.22344448 117.93908465344514 0
116 106 -10 55.620191219999995 116.72080769393257 0
118 107 -11 55.55742562 116.59866981163337 0
115 104 -11 55.519528179999995 116.52528792875368 0
112 104 -8 55.684011205 116.84579416571054 0
111 115 4 56.591001444999996 118.73041973103902 0
110 109 -1 56.203277619999994 117.89687512682265 0
112 104 -8 55.71340961999999 116.90364751766137 0
116 103 -13 55.407974079999995 116.31080859811328 0
112 104 -8 55.69175848 116.86102277089088 0
110 102 -8 55.719584499999996 116.91582190769 0
109 113 4 56.596426124999994 118.74243997028626 0
109 100 -9 55.60454632 116.69029214685376 0
111 99 -12 55.38548098 116.26782904537913 0
111 98 -13 55.32736258 116.15717620478729 0
107 95 -12 55.4047645 116.30467041709001 0
106 96 -10 55.490987919999995 116.47020102147906 0
105 116 11 57.024371005 119.72831158620377 0
104 107 3 56.52551840499999 118.58615581627117 0
107 100 -7 55.739618605 116.95537624988738 0
115 99 -16 55.17536384499999 115.8703831329722 0
110 98 -12 55.428806124999994 116.35069265851376 0
107 94 -13 55.33060191999999 116.16332873583104 0
106 108 2 56.456547404999995 118.43582594356768 0
105 99 -6 55.84659400499999 117.16804831520429 0
105 97 -8 55.648273919999994 116.77570468552705 0
110 98 -12 55.415992605 116.32615150933864 0
106 95 -11 55.473497204999994 116.43651503183548 0
105 95 -10 55.478271119999995 116.44570377471936 0
105 105 0 56.29781799999999 118.09576769432002 0
104 100 -4 55.96848402 117.41353644792986 0
105 93 -12 55.38226272 116.26168675693057 0
109 97 -12 55.425604605 116.34455823401338 0
105 98 -7 55.761135204999995 116.99795230132403 0
103 94 -9 55.562150245 116.6078372363474 0
105 102 -3 56.10446002 117.69168234682218 0
105 97 -8 55.682460819999996 116.84274809520777 0
104 91 -13 55.21976872 115.95379021176257 0
107 95 -12 55.411182419999996 116.31694619760505 0
104 94 -10 55.468720499999996 116.42732504097 0
102 92 -10 55.52111080499999 116.52834703149958 0
104 96 -8 55.696403124999996 116.87015854203125 0
103 94 -9 55.615501005 116.71165433323378 0
103 92 -11 55.391913779999996 116.28011185146408 0
104 96 -8 55.656056844999995 116.7909468816512 0
103 102 -1 56.197504499999994 117.88481312721001 0
102 102 0 56.260736019999996 118.01744418710585 0
105 110 5 56.62212561999999 118.79953326970664 0
108 105 -3 56.11031249999999 117.70376109375002 0
110 101 -9 55.662277605 116.80313848374388 0
112 100 -12 55.387089644999996 116.27089996800609 0
109 101 -8 55.70722978 116.89147131012808 0
107 100 -7 55.742696124999995 116.96145986216376 0
107 110 3 56.4800845 118.48694563381001 0
107 108 1 56.334690419999994 118.17405805509097 0
108 100 -8 55.671599445 116.8214223201175 0
113 99 -14 55.303028004999994 116.11101255050174 0
109 102 -7 55.771870719999995 117.01923232313345 0
107 102 -5 55.943070805 117.36206397880045 0
107 119 12 57.118769844999996 119.95714714625271 0
108 112 4 56.59507042 118.73943493158905 0
112 104 -8 55.725754419999994 116.92799449070105 0
118 104 -14 55.332221125 116.16640477139876 0
112 104 -8 55.702591645 116.88233795543209 0
110 102 -8 55.72883752 116.93408010785217 0
110 120 10 56.934564879999996 119.51474086378049 0
109 107 -2 56.18160284499999 117.8516376052017 0
112 104 -8 55.75345768 116.98274903359169 0
115 102 -13 55.364540125 116.22789355298376 0
111 105 -6 55.837484204999996 117.14983915098753 0
109 108 -1 56.203277619999994 117.89687512682265 0
109 123 14 57.17625201999999 120.09881074672617 0
111 110 -1 56.25501249999999 118.00539129125 0
116 105 -11 55.51794524499999 116.52222869209513 0
117 107 -10 55.579449999999994 116.64144119000001 0
112 110 -2 56.161310125 117.80940328135375 0
111 107 -4 56.042709519999995 117.56478492232385 0
112 115 3 56.521401999999995 118.57713780184001 0
113 113 0 56.31344344499999 118.12889441777301 0
114 113 -1 56.193171405 117.87576599278833 0
117 107 -10 55.59200808 116.66587071243073 0
116 116 0 56.306345619999995 118.11383753777338 0
114 113 -1 56.24641792 117.98731032571905 0
114 120 6 56.70254722 118.97980787167545 0
118 118 0 56.26359592 118.02347031461697 0
119 112 -7 55.834445124999995 117.14376862875875 0
121 116 -5 55.937078205 117.34994910766648 0
117 114 -3 56.06335378 117.60709872733594 0
117 113 -4 56.039755379999995 117.55873885756249 0
118 127 9 56.84838512499999 119.31333417597875 0
117 120 3 56.459321124999995 118.44184046696125 0
121 114 -7 55.843558644999995 117.16197899289942 0
124 118 -6 55.91155431999999 117.29844480166977 0
119 119 0 56.29497298 118.08974402265113 0
119 122 3 56.51041128 118.5530887474541 0
121 131 10 56.897434004999994 119.42755212580678 0
123 126 3 56.464864844999994 118.45386915278769 0
128 118 -10 55.64515857999999 116.7696069648913 0
129 123 -6 55.950554579999995 117.3772055697953 0
122 119 -3 56.13367282 117.75206493273177 0
122 118 -4 56.022004499999994 117.52245585429 0
123 134 11 56.930735844999994 119.5057203032882 0
121 118 -3 56.07806247999999 117.63731377813312 0
126 111 -15 55.351627404999995 116.20330530449984 0
122 114 -8 55.770338005 117.01619264343077 0
117 113 -4 55.996781004999995 117.47103510460127 0
116 109 -7 55.82836324499999 117.13162637520112 0
116 124 8 56.828900499999996 119.26825553123001 0
114 120 6 56.685217245 118.94074985491912 0
117 118 1 56.33610440499999 118.17706859994534 0
124 121 -3 56.088340124999995 117.65845990451626 0
121 120 -1 56.24928402 117.99333753221018 0
121 119 -2 56.17725951999999 117.84258843631616 0
122 129 7 56.725130445 119.03088357657202 0
122 128 6 56.645025045 118.85061344358022 0
125 118 -7 55.825320444999996 117.1255546412505 0
130 121 -9 55.72112744499999 116.91886522244101 0
122 123 1 56.371353279999994 118.25231814942208 0
121 118 -3 56.12784017999999 117.73999062432169 0
124 127 3 56.478702444999996 118.483938822924 0
122 123 1 56.3403445 118.18609996751002 0
124 115 -9 55.72883752 116.93408010785217 0
126 126 0 56.28927922 118.07769608567145 0
120 134 14 57.12983007999999 119.98426473590274 0
122 133 11 56.926904019999995 119.49669999315017 0
131 142 11 56.89100577999999 119.41252169852794 0
134 144 10 56.869091845 119.36142237512132 0
138 133 -5 56.01755980499999 117.51338331078394 0
144 135 -9 55.790239119999995 117.05570015177537 0
136 134 -2 56.16276162 117.81242043334537 0
135 133 -2 56.17725951999999 117.84258843631616 0
135 142 7 56.687886805 118.94675880443558 0
134 137 3 56.44960767999999 118.42078909816833 0
138 131 -7 55.907040804999994 117.28935306066708 0
139 131 -8 55.845076479999996 117.16501370380288 0
134 131 -3 56.143868004999995 117.77319237179827 0
132 126 -6 55.937078205 117.34994910766648 0
132 136 4 56.52826112499999 118.59216771399876 0
129 131 2 56.418980819999994 118.35461739574777 0
132 125 -7 55.90854562 117.29238373356665 0
134 125 -9 55.774935219999996 117.02531136060057 0
128 126 -2 56.172913404999996 117.83353870225368 0
127 123 -4 56.026446404999994 117.53152767629668 0
127 132 5 56.570614719999995 118.68534168787457 0
125 130 5 56.570614719999995 118.68534168787457 0
128 126 -2 56.20616232 117.90290576688577 0
131 128 -3 56.12200257999999 117.72791522201274 0
129 124 -5 55.974450579999996 117.42564397256072 0
128 120 -8 55.825320444999996 117.1255546412505 0
126 130 4 56.526889919999995 118.58916177621505 0
123 130 7 56.719824804999995 119.01886574336893 0
126 127 1 56.367133644999996 118.2432895908656 0
131 127 -4 56.088340124999995 117.65845990451626 0
129 127 -2 56.20616232 117.90290576688577 0
128 118 -10 55.671599445 116.8214223201175 0
128 129 1 56.369947044999996 118.24930867063422 0
122 121 -1 56.24641792 117.98731032571905 0
124 114 -10 55.66693992 116.81228093522498 0
125 116 -9 55.742696124999995 116.96145986216376 0
119 115 -4 56.019041679999994 117.51640757239232 0
117 114 -3 56.085405205 117.65241852054348 0
118 137 19 57.388903125 120.63969950296875 0
117 122 5 56.627521779999995 118.81155238226393 0
123 118 -5 55.96848402 117.41353644792986 0
125 120 -5 55.956536019999994 117.38931725703416 0
121 114 -7 55.825320444999996 117.1255546412505 0
120 112 -8 55.742696124999995 116.96145986216376 0
118 118 0 56.276450125 118.05058528553376 0
115 120 5 56.642335644999996 118.8446041454916 0
116 113 -3 56.06335378 117.60709872733594 0
120 113 -7 55.819231124999995 117.11340995245126 0
117 108 -9 55.652944604999995 116.78485036331914 0
115 108 -7 55.788710124999994 117.05266174966626 0
113 120 7 56.762131045 119.1150098596803 0
111 114 3 56.518656179999994 118.57112567841433 0
115 108 -7 55.794824244999994 117.0648147263519 0
118 109 -9 55.711865124999996 116.90060363657875 0
113 107 -6 55.863266319999994 117.20142252034626 0
112 106 -6 55.894991125 117.26510432348876 0
112 114 2 56.41339617999999 118.3425844113057 0
110 112 2 56.439879045 118.39973619389572 0
112 104 -8 55.736539844999996 116.94929219437732 0
115 104 -11 55.536920005 116.55893072981027 0
111 105 -6 55.899512079999994 117.27419830113473 0
109 105 -4 56.001238719999996 117.48011107360257 0
109 110 1 56.368540499999995 118.24629915117 0
109 108 -1 56.24641792 117.98731032571905 0
111 107 -4 56.039755379999995 117.55873885756249 0
112 112 0 56.3120245 118.12588313689001 0
111 113 2 56.41339617999999 118.3425844113057 0
112 111 -1 56.24641792 117.98731032571905 0
115 126 11 56.97523432 119.61097691561025 0
114 123 9 56.85745408 119.3343721776333 0
118 117 -1 56.210487044999994 117.91195128098829 0
124 112 -12 55.527438204999996 116.54058210663354 0
120 112 -8 55.76880498 117.01315285619688 0
116 114 -2 56.13075712 117.74602791460865 0
114 130 16 57.31047057999999 120.43695881308074 0
115 120 5 56.64099048 118.84159948418113 0
121 115 -6 55.870832244999995 117.2165886990534 0
123 117 -6 55.91907064499999 117.31359585968092 0
118 120 2 56.39381088 118.30046441175553 0
117 121 4 56.5351125 118.60719707625 0
119 135 16 57.252228445 120.288911519922 0
121 126 5 56.62212561999999 118.79953326970664 0
127 127 0 56.276450125 118.05058528553376 0
129 128 -1 56.234941119999995 117.96319928935937 0
127 131 4 56.517282804999994 118.56811958206843 0
127 127 0 56.3262 118.15599384000001 0
129 138 9 56.796271125 119.19313161964875 0
129 130 1 56.383995445 118.27940165511453 0
132 124 -8 55.790239119999995 117.05570015177537 0
132 126 -6 55.938576819999994 117.35297795930025 0
126 122 -4 56.042709519999995 117.56478492232385 0
125 122 -3 56.086872819999996 117.65543924900825 0
124 132 8 56.74498241999999 119.07595081133496 0
122 124 2 56.41618912 118.34860097406465 0
126 121 -5 55.956536019999994 117.38931725703416 0
126 118 -8 55.76880498 117.01315285619688 0
122 120 -2 56.148232719999996 117.78224598677056 0
119 119 0 56.270740245 118.03853470936012 0
119 133 14 57.118769844999996 119.95714714625271 0
120 121 1 56.330446605 118.16502615123538 0
124 117 -7 55.878390419999995 117.23175245984905 0
123 117 -6 55.907040804999994 117.28935306066708 0
119 120 1 56.353048044999994 118.2131917055613 0
118 116 -2 56.190281125 117.86973426513876 0
119 127 8 56.798888604999995 119.19914125081513 0
118 118 0 56.31486208 118.13190565142528 0
121 115 -6 55.88594084499999 117.24691382321569 0
121 116 -5 55.937078205 117.34994910766648 0
117 118 1 56.379784179999994 118.27037417712233 0
116 116 0 56.324783845 118.1529829782947 0
118 130 12 57.029384005 119.74034918206574 0
118 122 4 56.569253124999996 118.68233635578126 0
122 119 -3 56.079531644999996 117.6403348738396 0
124 118 -6 55.941573119999994 117.35903539470337 0
120 119 -1 56.207604204999996 117.90592099755504 0
119 119 0 56.319116124999994 118.14093907063626 0
119 132 13 57.059357844999994 119.81258876528582 0
119 125 6 56.669173844999996 118.9046958609022 0
124 122 -2 56.19606044499999 117.88179747645799 0
126 124 -2 56.15840620499999 117.80336878340698 0
123 124 1 56.327615845 118.15900465594932 0
123 122 -1 56.23637680499999 117.96621336403445 0
123 135 12 56.98282449999999 119.62902483839001 0
122 129 7 56.71451420499999 119.00684793051498 0
127 123 -4 56.055987804999994 117.59198837798408 0
130 123 -7 55.89348352 117.26207280963584 0
124 124 0 56.27930320499999 118.05661026401854 0
123 124 1 56.375570124999996 118.26134634336626 0
123 134 11 56.938391124999995 119.52376167905126 0
124 126 2 56.41618912 118.34860097406465 0
128 124 -4 56.02496608 117.52850381552129 0
127 127 0 56.29639564499999 118.0927558830841 0
124 125 1 56.375570124999996 118.26134634336626 0
125 124 -1 56.23350512499999 117.96018515844126 0
125 135 10 56.887145124999996 119.40350371632127 0
124 130 6 56.63829921999999 118.83559013620857 0
128 124 -4 56.06335378 117.60709872733594 0
130 125 -5 56.02496608 117.52850381552129 0
125 125 0 56.273595805 118.04456010108458 0
124 123 -1 56.24355058 117.98128289949929 0
124 133 9 56.827599045 119.26525041334179 0
123 124 1 56.371353279999994 118.25231814942208 0
127 123 -4 56.02496608 117.52850381552129 0
126 124 -2 56.198948245 117.88782871745862 0
123 129 6 56.63560672 118.82958075334145 0
123 126 3 56.50766049999999 118.54707624587002 0
126 138 12 56.96763298 119.59293020071112 0
126 126 0 56.304925125 118.11082601827876 0
130 123 -7 55.867806804999994 117.21052251886694 0
127 123 -4 56.05451368 117.58896607957568 0
123 123 0 56.319116124999994 118.14093907063626 0
122 123 1 56.358686004999996 118.22523136221878 0
122 130 8 56.78841124499999 119.1751029795229 0
122 125 3 56.50766049999999 118.54707624587002 0
125 120 -5 55.980412179999995 117.4377501306297 0
126 119 -7 55.878390419999995 117.23175245984905 0
121 120 -1 56.207604204999996 117.90592099755504 0
119 120 1 56.344581805 118.19513093801808 0
119 125 6 56.699884479999994 118.9737989644749 0
119 119 0 56.28643047999999 118.07167181773889 0
122 113 -9 55.72883752 116.93408010785217 0
120 117 -3 56.102996125 117.68866248302376 0
116 116 0 56.280729279999996 118.05962267643393 0
115 114 -1 56.22056721999999 117.93305542220457 0
116 126 10 56.902571005 119.43957689066873 0
115 117 2 56.417585124999995 118.35160920245876 0
118 114 -4 56.02052324499999 117.5194317535064 0
119 116 -3 56.070712005 117.62220718722477 0
115 113 -2 56.145323219999995 117.77621030980345 0
115 110 -5 55.958030605 117.39234495999314 0
114 123 9 56.885857619999996 119.40049776696264 0
112 115 3 56.49250904499999 118.5140057035343 0
115 112 -3 56.09567199999999 117.67356209344001 0
117 114 -3 56.082469044999996 117.64637684408822 0
114 113 -1 56.203277619999994 117.89687512682265 0
113 111 -2 56.172913404999996 117.83353870225368 0
114 120 6 56.663816125 118.89267771832377 0
113 116 3 56.46763484499999 118.45988331784233 0
115 114 -1 56.216249004999995 117.92401114082178 0
117 114 -3 56.102996125 117.68866248302376 0
115 113 -2 56.168564499999995 117.82448839859 0
114 110 -4 56.011629205 117.50128545612998 0
114 131 17 57.351616404999994 120.54282107686669 0
112 118 6 56.703878124999996 118.98281232390626 0
117 114 -3 56.10006740499999 117.68262254180019 0
119 113 -6 55.90101844499999 117.27722943959199 0
115 111 -4 56.044186124999996 117.56780783781376 0
114 111 -3 56.10446002 117.69168234682218 0
113 120 7 56.738372845 119.06092831742832 0
112 114 2 56.41339617999999 118.3425844113057 0
115 108 -7 55.811612499999995 117.09822678875001 0
115 112 -3 56.088340124999995 117.65845990451626 0
111 110 -1 56.191726419999995 117.87275015954296 0
111 109 -2 56.156953779999995 117.80035143712409 0
111 121 10 56.95239682 119.55684025297977 0
111 113 2 56.41199924499999 118.33957607661313 0
114 111 -3 56.10006740499999 117.68262254180019 0
115 112 -3 56.081000499999995 117.64335589577001 0
112 112 0 56.2835805 118.06564734843 0
112 110 -2 56.149687005 117.78526372606024 0
112 118 6 56.693222205 118.95877667284954 0
111 116 5 56.60861351999999 118.76948471707584 0
113 112 -1 56.22919528 117.95114242659008 0
116 112 -4 56.042709519999995 117.56478492232385 0
113 110 -3 56.089807119999996 117.66148048723137 0
112 111 -1 56.201834805 117.89385971710108 0
112 115 3 56.51041128 118.5530887474541 0
111 112 1 56.36291122 118.23426066327256 0
113 110 -3 56.10153192 117.68564254807104 0
113 112 -1 56.24641792 117.98731032571905 0
111 120 9 56.863922605 119.34939987270863 0
112 111 -1 56.24068199999999 117.97525525224 0
115 119 4 56.52551840499999 118.58615581627117 0
113 117 4 56.58149632 118.70938374938625 0
114 116 2 56.420376205 118.35762555409553 0
117 122 5 56.611318419999996 118.77549452098697 0
115 120 5 56.59235808 118.73342481212929 0
117 117 0 56.29781799999999 118.09576769432002 0
119 127 8 56.77134321999999 119.13604208807656 0
117 123 6 56.706539004999996 118.98882122644824 0
119 117 -2 56.194616079999996 117.87878176503872 0
122 119 -3 56.120542404999995 117.72489619928484 0
118 122 4 56.531002605 118.59817952374114 0
117 118 1 56.375570124999996 118.26134634336626 0
119 131 12 56.996710844999996 119.66211595141432 0
118 122 4 56.562440499999994 118.66730943583 0
121 123 2 56.42874200499999 118.37567377959229 0
122 123 1 56.372759204999994 118.25532758769748 0
120 126 6 56.645025045 118.85061344358022 0
121 122 1 56.386801405 118.28541977831418 0
122 133 11 56.97523432 119.61097691561025 0
121 127 6 56.642335644999996 118.8446041454916 0
125 121 -4 56.039755379999995 117.55873885756249 0
126 124 -2 56.172913404999996 117.83353870225368 0
120 125 5 56.585571804999994 118.71839926045195 0
120 123 3 56.513160819999996 118.55910115253225 0
122 135 13 57.061847605 119.81860985711388 0
121 128 7 56.743661124999996 119.07294630443876 0
126 125 -1 56.23350512499999 117.96018515844126 0
127 125 -2 56.17725951999999 117.84258843631616 0
123 125 2 56.44960767999999 118.42078909816833 0
122 120 -2 56.15259464499999 117.7912990070711 0
122 133 11 56.944762 119.53879694936 0
119 126 7 56.70254722 118.97980787167545 0
122 121 -1 56.219128125 117.93004071984376 0
124 119 -5 55.989345279999995 117.45590682836993 0
120 119 -1 56.224882644999994 117.9420991826526 0
117 116 -1 56.24211644499999 117.97826910358152 0
117 128 11 56.99544999999999 119.65910749000001 0
115 123 8 56.7766005 119.14806066927001 0
119 116 -3 56.082469044999996 117.64637684408822 0
121 119 -2 56.165663679999994 117.81845454418433 0
116 118 2 56.40221201999999 118.31851672329384 0
115 118 3 56.46625 118.45687625000001 0
116 131 15 57.192030445 120.1380170095805 0
116 126 10 56.92306940499999 119.48767992894219 0
120 120 0 56.277876819999996 118.05359780043977 0
124 124 0 56.28927922 118.07769608567145 0
119 126 7 56.71451420499999 119.00684793051498 0
119 124 5 56.63695312499999 118.83258544921875 0
122 133 11 56.958750644999995 119.57187717940342 0
122 126 4 56.56107704499999 118.6643039987958 0
125 123 -2 56.17001444499999 117.82750523004002 0
125 127 2 56.391008019999994 118.29444667319817 0
121 129 8 56.7766005 119.14806066927001 0
121 127 6 56.663816125 118.89267771832377 0
124 138 14 57.09780977999999 119.90593651544809 0
124 134 10 56.91154881999999 119.46062116765626 0
128 128 0 56.32053352 118.14395011700417 0
131 127 -4 56.086872819999996 117.65543924900825 0
126 126 0 56.287855005 118.07468397679528 0
124 123 -1 56.21768872 117.92702595943744 0
123 128 5 56.574697645 118.6943575833101 0
120 125 5 56.58149632 118.70938374938625 0
122 118 -4 56.066297999999996 117.61314233688 0
122 123 1 56.350227204999996 118.20717162203204 0
117 123 6 56.666495604999994 118.89868680017814 0
118 120 2 56.425954645 118.36965784135143 0
119 132 13 57.080481279999994 119.86377385582593 0
118 125 7 56.727781404999995 119.03689250408168 0
122 121 -1 56.253580845 118.0023779328232 0
123 124 1 56.354457999999994 118.21620168328002 0
119 120 1 56.37416481999999 118.25833698562425 0
119 123 4 56.569253124999996 118.68233635578126 0
118 131 13 57.10274962 119.91798475594138 0
118 125 7 56.710528 118.99783457792 0
123 124 1 56.372759204999994 118.25532758769748 0
122 127 5 56.58013720499999 118.70637854803797 0
120 126 6 56.67586401999999 118.91971842886986 0
121 124 3 56.49802300499999 118.52603171141578 0
122 138 16 57.22463362 120.21947941756937 0
121 130 9 56.821087119999994 119.25022504124865 0
126 125 -1 56.227758044999995 117.94812806906123 0
127 126 -1 56.257874879999996 118.0114178464205 0
122 123 1 56.388203919999995 118.28842878176705 0
121 122 1 56.358686004999996 118.22523136221878 0
120 128 8 56.79758002 119.19613642976216 0
119 124 5 56.61402208 118.78150427689474 0
121 122 1 56.3403445 118.18609996751002 0
121 120 -1 56.20616232 117.90290576688577 0
119 119 0 56.29355000499999 118.08673211285723 0
117 119 2 56.417585124999995 118.35160920245876 0
116 128 12 57.035643279999995 119.7553970915821 0
115 123 8 56.796271125 119.19313161964875 0
119 119 0 56.276450125 118.05058528553376 0
120 117 -3 56.07806247999999 117.63731377813312 0
116 117 1 56.386801405 118.28541977831418 0
114 118 4 56.571976004999996 118.68834700305123 0
114 127 13 57.12983007999999 119.98426473590274 0
115 122 7 56.730431124999996 119.04290144061126 0
118 119 1 56.34881632 118.20416151589377 0
119 122 3 56.456547404999995 118.43582594356768 0
116 117 1 56.378379804999994 118.26736493895145 0
116 117 1 56.36572647999999 118.24027998955714 0
115 127 12 57.039395125 119.76442633299126 0
114 119 5 56.604553845 118.76046991833532 0
117 116 -1 56.23781217999999 117.96922738263032 0
117 116 -1 56.23637680499999 117.96621336403445 0
114 116 2 56.425954645 118.36965784135143 0
113 114 1 56.375570124999996 118.26134634336626 0
113 123 10 56.95239682 119.55684025297977 0
112 114 2 56.423166044999995 118.3636417666228 0
115 115 0 56.29355000499999 118.08673211285723 0
113 114 1 56.372759204999994 118.25532758769748 0
112 114 2 56.452384499999994 118.42680392919002 0
112 110 -2 56.16711424499999 117.8214715033594 0
