109 89 -20 54.890586645 115.3422698573671 0
102 88 -14 55.322501245 116.1479462559929 0
98 89 -9 55.6886605 116.85493167763 0
97 97 0 56.40640840499999 118.32754237859884 0
96 91 -5 56.002724005 117.48313623146323 0
97 89 -8 55.75192124499999 116.97970805269962 0
102 92 -10 55.607677779999996 116.69639625153994 0
98 90 -8 55.76880498 117.01315285619688 0
97 89 -8 55.779529645 117.0344291144136 0
99 99 0 56.40640840499999 118.32754237859884 0
97 98 1 56.48975020499999 118.50799254270905 0
98 93 -5 55.986368819999996 117.44985493262377 0
105 94 -11 55.535340479999995 116.55587295717889 0
103 92 -11 55.53849921999999 116.56198837033145 0
100 90 -10 55.648273919999994 116.77570468552705 0
100 102 2 56.56789121999999 118.67933100660744 0
99 93 -6 55.95952488 117.39537257573953 0
99 92 -7 55.870832244999995 117.2165886990534 0
106 91 -15 55.231244204999996 115.97539457674497 0
100 92 -8 55.767271644999994 117.01011296126792 0
99 91 -8 55.813136844999995 117.10126362704881 0
98 97 -1 56.3262 118.15599384000001 0
99 94 -5 56.01311232 117.50431004135424 0
99 91 -8 55.781060499999995 117.03746815237001 0
103 92 -11 55.59827968 116.67808243539969 0
100 96 -4 56.075123219999995 117.63127136473656 0
99 93 -6 55.938576819999994 117.35297795930025 0
100 106 6 56.84708832 119.31032881780224 0
102 103 1 56.495266644999994 118.52001875933291 0
102 93 -9 55.742696124999995 116.96145986216376 0
111 94 -17 55.115805804999994 115.75898170108208 0
106 97 -9 55.739618605 116.95537624988738 0
100 97 -3 56.194616079999996 117.87878176503872 0
101 112 11 57.18960640499999 120.13198460134085 0
104 106 2 56.577418045 118.70036809786872 0
106 101 -5 56.038277844999996 117.55571570796332 0
115 101 -14 55.4208 116.33535552000001 0
110 102 -8 55.831404805 117.13769770393358 0
107 102 -5 56.035321845 117.5496691735087 0
107 112 5 56.755541619999995 119.09998703813466 0
108 115 7 56.930735844999994 119.5057203032882 0
110 108 -2 56.30066178 118.10179116985609 0
118 108 -10 55.716497679999996 116.90973493920833 0
117 109 -8 55.88292160499999 117.24084956424964 0
114 108 -6 55.999753125 117.47708583328125 0
114 115 1 56.521401999999995 118.57713780184001 0
114 113 -1 56.350227204999996 118.20717162203204 0
115 102 -13 55.524275124999996 116.53446483590875 0
119 103 -16 55.306276645 116.1171697207746 0
113 104 -9 55.767271644999994 117.01011296126792 0
109 105 -4 56.13658727999999 117.75810168000193 0
109 115 6 56.856159444999996 119.33136669470503 0
110 111 1 56.518656179999994 118.57112567841433 0
113 102 -11 55.679359119999994 116.83665560342465 0
118 104 -14 55.46234722 116.41506977086456 0
113 104 -9 55.79176780499999 117.05873844848344 0
109 106 -3 56.19606044499999 117.88179747645799 0
110 113 3 56.66515602 118.89568226197417 0
110 114 4 56.685217245 118.94074985491912 0
113 107 -6 56.010145779999995 117.4982607895921 0
119 111 -8 55.86629361999999 117.20748928328936 0
116 112 -4 56.13658727999999 117.75810168000193 0
114 108 -6 56.022004499999994 117.52245585429 0
116 119 3 56.647713204999995 118.85662271005148 0
116 116 0 56.409204445 118.3335592997825 0
117 112 -5 56.11762112499999 117.71885794610125 0
122 112 -10 55.80856288 117.09215280266753 0
119 112 -7 55.990833044999995 117.4589326505038 0
118 113 -5 56.097137444999994 117.67658231464853 0
118 120 2 56.58421362 118.71539410542937 0
118 120 2 56.578777779999996 118.70337333092009 0
121 119 -2 56.327615845 118.15900465594932 0
125 117 -8 55.953545919999996 117.38326158882305 0
124 118 -6 56.04861407999999 117.57687611868673 0
123 115 -8 55.931080644999994 117.3378328044266 0
122 125 3 56.593714405 118.73642987892468 0
121 128 7 56.86262952 119.34639429575617 0
123 118 -5 56.126381245 117.73697187670712 0
130 118 -12 55.660722879999994 116.8000907621325 0
125 124 -1 56.368540499999995 118.24629915117 0
123 121 -2 56.29639564499999 118.0927558830841 0
125 128 3 56.61942567999999 118.7935236499437 0
126 129 3 56.603199999999994 118.75746496000001 0
128 126 -2 56.303504319999995 118.10781445057025 0
132 124 -8 55.975941445 117.42867063978349 0
131 124 -7 56.002724005 117.48313623146323 0
129 122 -7 55.97743199999999 117.43169722176 0
128 128 0 56.446829619999995 118.41477414180137 0
127 135 8 56.90128722 119.43657066354457 0
129 126 -3 56.25214887999999 117.99936452028354 0
135 125 -10 55.849628124999995 117.17411724015626 0
131 128 -3 56.250716604999994 117.99635105346714 0
129 118 -11 55.774935219999996 117.02531136060057 0
131 129 -2 56.302083204999995 118.10480283448398 0
125 125 0 56.45793442 118.43883322044104 0
127 118 -9 55.84659400499999 117.16804831520429 0
130 119 -11 55.767271644999994 117.01011296126792 0
125 115 -10 55.799406579999996 117.0739283567433 0
123 114 -9 55.85114471999999 117.17715155403457 0
122 126 4 56.695888045 118.9647855943688 0
120 124 4 56.70520872 118.98581677544257 0
123 117 -6 56.066297999999996 117.61314233688 0
129 119 -10 55.82836324499999 117.13162637520112 0
124 119 -5 56.12200257999999 117.72791522201274 0
123 115 -8 55.9025245 117.28026048461001 0
124 123 -1 56.40500992 118.32453386346496 0
122 125 3 56.591001444999996 118.73041973103902 0
123 116 -7 55.955041124999994 117.38628946669876 0
128 119 -9 55.845076479999996 117.16501370380288 0
123 118 -5 56.11031249999999 117.70376109375002 0
122 115 -7 56.001238719999996 117.48011107360257 0
123 118 -5 56.13367282 117.75206493273177 0
121 123 2 56.56107704499999 118.6643039987958 0
121 111 -10 55.79176780499999 117.05873844848344 0
125 114 -11 55.704138 116.88538252152001 0
120 110 -10 55.770338005 117.01619264343077 0
117 108 -9 55.825320444999996 117.1255546412505 0
117 119 2 56.569253124999996 118.68233635578126 0
115 120 5 56.74233952 119.06994180176385 0
117 110 -7 55.989345279999995 117.45590682836993 0
124 111 -13 55.562150245 116.6078372363474 0
119 111 -8 55.8723445 117.21962164399001 0
116 108 -8 55.88292160499999 117.24084956424964 0
116 116 0 56.43848799999999 118.39672850752001 0
115 117 2 56.544691404999995 118.62823729855585 0
116 111 -5 56.124922 117.73395306056001 0
121 112 -9 55.863266319999994 117.20142252034626 0
119 109 -10 55.72883752 116.93408010785217 0
117 107 -10 55.748847444999996 116.973625762259 0
116 120 4 56.683882 118.93774537576002 0
114 111 -3 56.257874879999996 118.0114178464205 0
116 107 -9 55.787180819999996 117.04962324199225 0
120 108 -12 55.615501005 116.71165433323378 0
115 107 -8 55.89046738 117.2560094989905 0
113 105 -8 55.85872304499999 117.19232164400373 0
113 115 2 56.547425444999995 118.6342486079155 0
112 107 -5 56.070712005 117.62220718722477 0
113 100 -13 55.50209884499999 116.49162892426281 0
116 105 -11 55.64671640499999 116.77265588552918 0
111 104 -7 55.907040804999994 117.28935306066708 0
108 98 -10 55.705684045 116.88842697303072 0
111 114 3 56.61402208 118.78150427689474 0
108 107 -1 56.38539858 118.28241073615129 0
108 101 -7 55.91907064499999 117.31359585968092 0
116 99 -17 55.224688645 115.9630502083931 0
111 96 -15 55.324121999999996 116.15102305944 0
107 96 -11 55.57001842 116.62311368995304 0
105 101 -4 56.097137444999994 117.67658231464853 0
103 103 0 56.40640840499999 118.32754237859884 0
104 102 -2 56.304925125 118.11082601827876 0
108 100 -8 55.825320444999996 117.1255546412505 0
109 97 -12 55.549545044999995 116.58338816865772 0
108 95 -13 55.48145218 116.45182891217033 0
106 104 -2 56.31344344499999 118.12889441777301 0
104 103 -1 56.324783845 118.1529829782947 0
104 96 -8 55.81770802 117.11037352494185 0
110 96 -14 55.37582248 116.24940040266688 0
107 94 -13 55.44958577999999 116.39055250920794 0
103 93 -10 55.626440499999994 116.73301044767001 0
103 101 -2 56.307765804999995 118.11684900921794 0
101 99 -2 56.257874879999996 118.0114178464205 0
102 91 -11 55.566872079999996 116.61700349566529 0
107 93 -14 55.370989044999995 116.2401840766118 0
104 94 -10 55.620191219999995 116.72080769393257 0
99 94 -5 56.02792642 117.53455145739704 0
101 99 -2 56.26359592 118.02347031461697 0
101 96 -5 56.026446404999994 117.53152767629668 0
102 93 -9 55.699498004999995 116.87624847886924 0
105 98 -7 55.864780124999996 117.20445595050376 0
103 107 4 56.70121600499999 118.97680341858629 0
101 95 -6 55.956536019999994 117.38931725703416 0
106 109 3 56.65845344499999 118.88065948598052 0
109 108 -1 56.33610440499999 118.17706859994534 0
104 100 -4 56.13075712 117.74602791460865 0
114 99 -15 55.35970018 116.21867408786169 0
111 97 -14 55.428806124999994 116.35069265851376 0
107 96 -11 55.60454632 116.69029214685376 0
106 109 3 56.647713204999995 118.85662271005148 0
104 106 2 56.558349205 118.65829307037254 0
105 98 -7 55.93557928 117.34692016652609 0
114 97 -17 55.181956604999996 115.88274742483287 0
109 100 -9 55.770338005 117.01619264343077 0
105 98 -7 55.91155431999999 117.29844480166977 0
105 115 10 57.144538 120.02042833048 0
106 107 1 56.46901937999999 118.46289035647848 0
108 103 -5 56.044186124999996 117.56780783781376 0
116 104 -12 55.610808 116.70249985728 0
111 105 -6 56.035321845 117.5496691735087 0
109 100 -9 55.779529645 117.0344291144136 0
111 108 -3 56.204720124999994 117.89989047669626 0
110 101 -9 55.790239119999995 117.05570015177537 0
108 96 -12 55.51319458 116.51305017700473 0
111 99 -12 55.562150245 116.6078372363474 0
106 98 -8 55.842040499999996 117.15894418233 0
104 99 -5 56.050089445 117.579898724325 0
106 110 4 56.690555124999996 118.95276774330875 0
105 105 0 56.41618912 118.34860097406465 0
108 99 -9 55.756529619999995 116.98883066753865 0
113 98 -15 55.33384002 116.16948065388218 0
109 100 -9 55.80245992 117.08000358797506 0
106 98 -8 55.863266319999994 117.20142252034626 0
105 116 11 57.18596802 120.12293645282185 0
107 113 6 56.865215379999995 119.35240546895753 0
108 107 -1 56.334690419999994 118.17405805509097 0
120 107 -13 55.574735604999994 116.63227801677564 0
116 105 -11 55.659167845 116.79704292135582 0
113 105 -8 55.85569264499999 117.1862539032451 0
112 112 0 56.41618912 118.34860097406465 0
111 107 -4 56.15840620499999 117.80336878340698 0
113 99 -14 55.4208 116.33535552000001 0
115 101 -14 55.415992605 116.32615150933864 0
110 102 -8 55.861752204999995 117.19838899265298 0
106 101 -5 56.06335378 117.60709872733594 0
108 112 4 56.70520872 118.98581677544257 0
108 108 0 56.46209360499999 118.44785486959763 0
110 104 -6 56.01755980499999 117.51338331078394 0
116 107 -9 55.813136844999995 117.10126362704881 0
113 112 -1 56.337518079999995 118.18007910019074 0
111 117 6 56.817176245 119.24120998597212 0
114 125 11 57.099045204999996 119.90894850074598 0
119 123 4 56.711857044999995 119.00083902844172 0
125 113 -12 55.682460819999996 116.84274809520777 0
128 110 -18 55.25578338 116.02166278146552 0
121 113 -8 55.891975605 117.25904120152438 0
117 115 -2 56.29070312499999 118.08070814453126 0
116 125 9 56.99292738 119.65309067552954 0
119 119 0 56.425954645 118.36965784135143 0
123 115 -8 55.894991125 117.26510432348876 0
125 116 -9 55.84811121999999 117.17108282726744 0
121 115 -6 56.070712005 117.62220718722477 0
120 115 -5 56.113236879999995 117.70980004454849 0
121 121 0 56.43292072 118.38469743390657 0
120 124 4 56.691888819999996 118.95577220916377 0
122 112 -10 55.76880498 117.01315285619688 0
127 113 -14 55.514778445 116.5161098163845 0
120 115 -5 56.085405205 117.65241852054348 0
117 111 -6 56.039755379999995 117.55873885756249 0
119 122 3 56.628870045 118.8145571349073 0
118 119 1 56.529632019999994 118.59517362978617 0
120 112 -8 55.916065044999996 117.3075357120423 0
125 117 -8 55.89800540499999 117.27116706907434 0
120 115 -5 56.085405205 117.65241852054348 0
119 114 -5 56.13658727999999 117.75810168000193 0
121 126 5 56.719824804999995 119.01886574336893 0
120 120 0 56.4245605 118.36664982113001 0
123 115 -8 55.89649842 117.26813574324697 0
126 114 -12 55.63580511999999 116.75131089844737 0
122 172 50 58.794371125 125.44277241614876 0
119 200 81 59.477620179999995 130.91855664661833 0.02981422463337513
129 160 31 57.99890241999999 122.38262504056505 0
170 132 -38 54.514060179999994 114.6597828814017 0
132 125 -7 55.998267219999995 117.47406051033545 0
126 122 -4 56.180155379999995 117.84862127809754 0
131 121 -10 55.81770802 117.11037352494185 0
127 120 -7 56.026446404999994 117.53152767629668 0
126 131 5 56.725130445 119.03088357657202 0
125 119 -6 56.05746162 117.59501059999465 0
129 114 -15 55.45915872 116.40894129759745 0
126 113 -13 55.617064719999995 116.71470557716545 0
121 114 -7 55.958030605 117.39234495999314 0
119 110 -9 55.845076479999996 117.16501370380288 0
119 127 8 56.924347919999995 119.49068658995905 0
117 118 1 56.493888 118.51701224448001 0
120 117 -3 56.232068819999995 117.95717097111626 0
125 113 -12 55.643600445 116.76655792344951 0
122 114 -8 55.904030244999994 117.28329143635261 0
120 112 -8 55.934080044999995 117.34389113571521 0
118 118 0 56.41479280499999 118.34559271040158 0
118 122 4 56.71584231999999 119.00985238239426 0
120 113 -7 55.986368819999996 117.44985493262377 0
124 114 -10 55.794824244999994 117.0648147263519 0
121 111 -10 55.787180819999996 117.04962324199225 0
119 108 -11 55.716497679999996 116.90973493920833 0
118 118 0 56.403611125 118.32152531175126 0
115 115 0 56.45516008 118.43281863617729 0
117 110 -7 55.972959405 117.42261721992784 0
121 113 -8 55.89649842 117.26813574324697 0
118 111 -7 55.956536019999994 117.38931725703416 0
117 107 -10 55.74731008 116.97058445238272 0
117 116 -1 56.392409605 118.29745556150414 0
115 113 -2 56.32336737999999 118.14997207066952 0
115 106 -9 55.823798579999995 117.12251862190874 0
120 109 -11 55.685561279999995 116.84884011950592 0
115 107 -8 55.899512079999994 117.27419830113473 0
113 104 -9 55.805512019999995 117.08607840284617 0
114 122 8 56.97143504499999 119.60195340938772 0
112 113 1 56.529632019999994 118.59517362978617 0
114 102 -12 55.610808 116.70249985728 0
121 106 -15 55.39512832 116.28625237172224 0
113 105 -8 55.831404805 117.13769770393358 0
110 103 -7 55.92357672 117.32268539550145 0
111 110 -1 56.379784179999994 118.27037417712233 0
110 114 4 56.70520872 118.98581677544257 0
111 105 -6 56.03384337999999 117.54664578832552 0
117 107 -10 55.72112744499999 116.91886522244101 0
115 105 -10 55.76880498 117.01315285619688 0
112 101 -11 55.665386125 116.80923357012625 0
112 118 6 56.821087119999994 119.25022504124865 0
110 108 -2 56.280729279999996 118.05962267643393 0
111 100 -11 55.621754005 116.72385856709573 0
117 101 -16 55.28188161999999 116.07097567185465 0
111 101 -10 55.731919379999994 116.94016527718153 0
107 100 -7 55.88292160499999 117.24084956424964 0
108 108 0 56.41479280499999 118.34559271040158 0
108 110 2 56.544691404999995 118.62823729855585 0
108 100 -8 55.870832244999995 117.2165886990534 0
114 102 -12 55.544812979999996 116.57421761459113 0
111 99 -12 55.55427432 116.59255754553024 0
107 100 -7 55.90553568 117.28632229498369 0
107 104 -3 56.211928 117.91496633408 0
106 100 -6 55.99529448 117.4680096159149 0
108 99 -9 55.756529619999995 116.98883066753865 0
109 102 -7 55.910050125 117.29541431384627 0
107 104 -3 56.204720124999994 117.89989047669626 0
107 103 -4 56.154047999999996 117.79431654912001 0
109 107 -2 56.32053352 118.14395011700417 0
110 104 -6 56.007177999999996 117.49221121192001 0
111 98 -13 55.432006404999996 116.35682651000334 0
112 98 -14 55.411182419999996 116.31694619760505 0
108 100 -8 55.803986124999994 117.08304104737377 0
105 99 -6 55.980412179999995 117.4377501306297 0
106 112 6 56.818480179999995 119.2442149907817 0
106 110 4 56.737049999999996 119.05792383000001 0
108 102 -6 55.961018845 117.3984001044372 0
116 102 -14 55.441599804999996 116.37522463951608 0
112 103 -9 55.79176780499999 117.05873844848344 0
108 104 -4 56.156953779999995 117.80035143712409 0
109 114 5 56.755541619999995 119.09998703813466 0
110 113 3 56.631565644999995 118.82056661074591 0
113 109 -4 56.132215125 117.74904645760876 0
118 104 -14 55.44958577999999 116.39055250920794 0
116 111 -5 56.070712005 117.62220718722477 0
112 105 -7 55.96549888 117.40748216987649 0
112 114 2 56.577418045 118.70036809786872 0
114 111 -3 56.219128125 117.93004071984376 0
114 100 -14 55.43040642 116.35375965580297 0
118 101 -17 55.242704499999995 115.99699094279 0
111 104 -7 55.937078205 117.34994910766648 0
107 104 -3 56.216249004999995 117.92401114082178 0
108 114 6 56.86004242 119.34038319908505 0
110 109 -1 56.381188245 118.2733833757639 0
113 103 -10 55.685561279999995 116.84884011950592 0
117 107 -10 55.710320319999994 116.89755964173824 0
112 109 -3 56.222006005 117.93607006668374 0
110 109 -1 56.347405124999995 118.20115136662126 0
113 115 2 56.588287245 118.7244095253184 0
114 109 -5 56.116160019999995 117.71583871531784 0
116 106 -10 55.71495380499999 116.90669128514995 0
117 108 -9 55.835964819999994 117.14680394011577 0
113 106 -7 55.91155431999999 117.29844480166977 0
112 103 -9 55.777998479999994 117.03138996990913 0
113 117 4 56.722478245 119.0248746567714 0
111 111 0 56.453772445 118.42981129810602 0
112 106 -6 56.02348544499999 117.52547987490702 0
119 106 -13 55.55427432 116.59255754553024 0
114 99 -15 55.322501245 116.1479462559929 0
112 104 -8 55.89046738 117.2560094989905 0
109 116 7 56.90128722 119.43657066354457 0
107 113 6 56.853569244999996 119.3253557836244 0
113 110 -3 56.201834805 117.89385971710108 0
119 111 -8 55.87536808 117.22568724436928 0
117 112 -5 56.126381245 117.73697187670712 0
115 110 -5 56.11762112499999 117.71885794610125 0
116 124 8 56.94094040499999 119.52977569962684 0
117 115 -2 56.329031379999996 118.16201542630648 0
120 118 -2 56.29070312499999 118.08070814453126 0
123 117 -6 56.05893512499999 117.59803274577126 0
121 117 -4 56.19606044499999 117.88179747645799 0
122 117 -5 56.114698605 117.71281941485488 0
122 128 6 56.80804001999999 119.22017531825784 0
122 118 -4 56.165663679999994 117.81845454418433 0
126 114 -12 55.63112420499999 116.74216122331248 0
125 115 -10 55.805512019999995 117.08607840284617 0
120 112 -8 55.922075004999996 117.31965564142777 0
119 113 -6 56.004208979999994 117.48616130702713 0
118 124 6 56.787100179999996 119.17209824139833 0
117 117 0 56.418980819999994 118.35461739574777 0
121 113 -8 55.899512079999994 117.27419830113473 0
123 118 -5 56.132215125 117.74904645760876 0
119 117 -2 56.3262 118.15599384000001 0
120 113 -7 55.964005844999996 117.40445490134182 0
122 123 1 56.48284768 118.49295917255168 0
120 116 -4 56.14241248 117.77017436722689 0
121 113 -8 55.94007512499999 117.35600672159126 0
122 118 -4 56.18883552 117.86671830941185 0
119 124 5 56.73175551999999 119.04590591266816 0
120 119 -1 56.378379804999994 118.26736493895145 0
125 128 3 56.60726060499999 118.76647979670938 0
125 117 -8 55.953545919999996 117.38326158882305 0
127 120 -7 56.01755980499999 117.51338331078394 0
124 124 0 56.410602 118.33656770616001 0
123 122 -1 56.378379804999994 118.26736493895145 0
126 116 -10 55.813136844999995 117.10126362704881 0
127 125 -2 56.344581805 118.19513093801808 0
123 122 -1 56.354457999999994 118.21620168328002 0
124 111 -13 55.612372644999994 116.70555147345492 0
127 113 -14 55.536920005 116.55893072981027 0
119 110 -9 55.85417698 117.18321988541513 0
117 113 -4 56.161310125 117.80940328135375 0
117 122 5 56.763448 119.11801444288001 0
116 111 -5 56.123462444999994 117.7309341757165 0
121 111 -10 55.803986124999994 117.08304104737377 0
119 110 -9 55.852661004999995 117.18018576906624 0
116 107 -9 55.79329618 117.06177663995433 0
116 105 -11 55.696403124999996 116.87015854203125 0
114 119 5 56.785788804999996 119.16909351290244 0
112 114 2 56.54058802 118.61922018388185 0
115 112 -3 56.22344448 117.93908465344514 0
120 115 -5 56.089807119999996 117.66148048723137 0
117 110 -7 55.993807645 117.46498404411241 0
118 109 -9 55.83900328 117.15287426153793 0
117 122 5 56.777914044999996 119.15106533495322 0
115 116 1 56.500778125 118.53204456109376 0
118 112 -6 56.03679999999999 117.55269248 0
123 112 -11 55.6886605 116.85493167763 0
118 113 -5 56.089807119999996 117.66148048723137 0
117 109 -8 55.89800540499999 117.27116706907434 0
117 121 4 56.659794579999996 118.8836640530553 0
116 114 -2 56.29497298 118.08974402265113 0
118 110 -8 55.91155431999999 117.29844480166977 0
121 112 -9 55.85569264499999 117.1862539032451 0
117 114 -3 56.23637680499999 117.96621336403445 0
116 112 -4 56.16421280499999 117.81543752090094 0
118 116 -2 56.321950605 118.14696111696064 0
118 109 -9 55.835964819999994 117.14680394011577 0
118 107 -11 55.671599445 116.8214223201175 0
117 107 -10 55.72112744499999 116.91886522244101 0
113 103 -10 55.697950719999994 116.87320356806657 0
112 104 -8 55.831404805 117.13769770393358 0
111 123 12 57.221022205 120.21042569842298 0
109 109 0 56.464864844999994 118.45386915278769 0
114 110 -4 56.17001444499999 117.82750523004002 0
118 109 -9 55.805512019999995 117.08607840284617 0
115 106 -9 55.80856288 117.09215280266753 0
115 103 -12 55.590439405 116.66281746616033 0
113 112 -1 56.38539858 118.28241073615129 0
111 103 -8 55.845076479999996 117.16501370380288 0
111 100 -11 55.601413619999995 116.68418754191065 0
113 102 -11 55.66849340499999 116.81532818181384 0
108 100 -8 55.870832244999995 117.2165886990534 0
107 101 -6 56.005693644999994 117.4891863004581 0
108 112 4 56.713185779999996 119.0038434792521 0
107 107 0 56.409204445 118.3335592997825 0
110 101 -9 55.762669779999996 117.00099262867192 0
114 102 -12 55.57001842 116.62311368995304 0
110 99 -11 55.59671224499999 116.67502969364662 0
108 99 -9 55.742696124999995 116.96145986216376 0
107 109 2 56.570614719999995 118.68534168787457 0
106 106 0 56.442660204999996 118.40575146936098 0
108 98 -10 55.711865124999996 116.90060363657875 0
113 99 -14 55.390306044999996 116.27704137088472 0
109 98 -11 55.59200808 116.66587071243073 0
105 96 -9 55.75960032 116.99491186546177 0
105 102 -3 56.207604204999996 117.90592099755504 0
105 100 -5 56.09274017999999 117.66752143493832 0
105 99 -6 56.005693644999994 117.4891863004581 0
108 101 -7 55.938576819999994 117.35297795930025 0
107 110 3 56.66515602 118.89568226197417 0
107 100 -7 55.910050125 117.29541431384627 0
110 108 -2 56.273595805 118.04456010108458 0
111 105 -6 56.001238719999996 117.48011107360257 0
108 106 -2 56.310605245 118.1228718086124 0
112 104 -8 55.89046738 117.2560094989905 0
111 103 -8 55.879901124999996 117.23478492366127 0
111 104 -7 55.96549888 117.40748216987649 0
110 116 6 56.84968162 119.31633955148537 0
110 109 -1 56.364319005 118.23727034708074 0
113 105 -8 55.837484204999996 117.14983915098753 0
117 107 -10 55.754993805 116.98578990515009 0
112 111 -1 56.33610440499999 118.17706859994534 0
111 109 -2 56.319116124999994 118.14093907063626 0
113 122 9 57.025624719999996 119.73132092484545 0
115 115 0 56.456547404999995 118.43582594356768 0
118 114 -4 56.190281125 117.86973426513876 0
122 111 -11 55.71495380499999 116.90669128514995 0
119 118 -1 56.382591999999995 118.27639253504 0
117 113 -4 56.13367282 117.75206493273177 0
118 125 7 56.897434004999994 119.42755212580678 0
119 112 -7 55.958030605 117.39234495999314 0
121 107 -14 55.519528179999995 116.52528792875368 0
119 108 -11 55.708775204999995 116.89451553297599 0
114 108 -6 56.042709519999995 117.56478492232385 0
113 110 -3 56.20616232 117.90290576688577 0
113 125 12 57.216202644999996 120.1983549983751 0
114 123 9 56.981560245 119.62601676587741 0
119 115 -4 56.165663679999994 117.81845454418433 0
127 116 -11 55.754993805 116.98578990515009 0
121 116 -5 56.09860257999999 117.67960246404729 0
120 113 -7 55.938576819999994 117.35297795930025 0
120 128 8 56.919231999999994 119.47866010624 0
118 120 2 56.576057999999996 118.69736284872002 0
122 113 -9 55.82836324499999 117.13162637520112 0
126 111 -15 55.486221445 116.46101558491651 0
119 112 -7 55.94905844499999 117.37417742831552 0
116 112 -4 56.13075712 117.74602791460865 0
116 127 11 57.094101644999995 119.8969008565621 0
116 116 0 56.40500992 118.32453386346496 0
121 110 -11 55.733459845 116.9432076943227 0
122 112 -10 55.77646700499999 117.02835071869274 0
117 116 -1 56.37416481999999 118.25833698562425 0
116 119 3 56.60861351999999 118.76948471707584 0
118 134 16 57.38542097999999 120.63061334354089 0
121 126 5 56.737049999999996 119.05792383000001 0
128 121 -7 56.010145779999995 117.4982607895921 0
131 122 -9 55.90101844499999 117.27722943959199 0
126 124 -2 56.304925125 118.11082601827876 0
125 123 -2 56.29781799999999 118.09576769432002 0
126 136 10 57.01307361999999 119.70122931619065 0
126 130 4 56.70254722 118.97980787167545 0
132 130 -2 56.32053352 118.14395011700417 0
135 129 -6 56.102996125 117.68866248302376 0
133 127 -6 56.113236879999995 117.70980004454849 0
133 128 -5 56.12200257999999 117.72791522201274 0
131 138 7 56.83670271999999 119.28628655661058 0
131 126 -5 56.11908192 117.72187710736897 0
136 116 -20 55.23779480499999 115.98773633319894 0
131 118 -13 55.62956328 116.73911108726209 0
123 116 -7 55.986368819999996 117.44985493262377 0
121 115 -6 56.03088552 117.54059878122817 0
121 137 16 57.346933244999995 120.5307174450364 0
119 123 4 56.695888045 118.9647855943688 0
125 121 -4 56.156953779999995 117.80035143712409 0
128 119 -9 55.89046738 117.2560094989905 0
125 118 -7 56.01607761999999 117.51035896851737 0
123 116 -7 55.986368819999996 117.44985493262377 0
122 128 6 56.77134321999999 119.13604208807656 0
121 118 -3 56.269312 118.03552193536001 0
124 114 -10 55.75960032 116.99491186546177 0
124 115 -9 55.87536808 117.22568724436928 0
119 115 -4 56.151140979999994 117.78828139943913 0
118 111 -7 55.987857205 117.45288092246454 0
119 122 3 56.63964500499999 118.83859481447473 0
117 120 3 56.596426124999994 118.74243997028626 0
119 112 -7 55.96848402 117.41353644792986 0
124 115 -9 55.86931968 117.21355565740033 0
118 117 -1 56.345993619999994 118.19814117405065 0
117 120 3 56.63291298 118.82357133426889 0
119 129 10 57.021862645 119.72229302858491 0
122 122 0 56.439879045 118.39973619389572 0
127 114 -13 55.57001842 116.62311368995304 0
127 119 -8 55.964005844999996 117.40445490134182 0
120 118 -2 56.2835805 118.06564734843 0
120 116 -4 56.143868004999995 117.77319237179827 0
122 126 4 56.70520872 118.98581677544257 0
120 123 3 56.61672449999999 118.78751398611001 0
123 112 -11 55.71495380499999 116.90669128514995 0
127 115 -12 55.687111044999995 116.8518859567578 0
119 114 -5 56.09860257999999 117.67960246404729 0
117 111 -6 56.007177999999996 117.49221121192001 0
118 125 7 56.84968162 119.31633955148537 0
116 118 2 56.55971328 118.66129854369794 0
119 109 -10 55.761135204999995 116.99795230132403 0
123 108 -15 55.43040642 116.35375965580297 0
116 110 -6 56.042709519999995 117.56478492232385 0
113 109 -4 56.1395005 117.76413815773 0
113 111 -2 56.265025404999996 118.02648329884184 0
114 113 -1 56.355867645 118.21921161851992 0
114 104 -10 55.754993805 116.98578990515009 0
115 105 -10 55.754993805 116.98578990515009 0
113 102 -11 55.65450088 116.78789868239554 0
110 102 -8 55.822276405 117.11948250077084 0
109 113 4 56.727781404999995 119.03689250408168 0
108 107 -1 56.344581805 118.19513093801808 0
110 102 -8 55.852661004999995 117.18018576906624 0
114 102 -12 55.54165671999999 116.56810325569857 0
110 102 -8 55.831404805 117.13769770393358 0
108 100 -8 55.86023777999999 117.19535536726009 0
108 111 3 56.666495604999994 118.89868680017814 0
107 98 -9 55.74731008 116.97058445238272 0
109 97 -12 55.52585682 116.53752353789977 0
109 96 -13 55.467127645 116.4242614325876 0
105 94 -11 55.549545044999995 116.58338816865772 0
104 94 -10 55.637364805 116.75436054636644 0
103 114 11 57.16773424499999 120.0777039118819 0
102 105 3 56.67318888 118.9137094152365 0
105 98 -7 55.884431379999995 117.24388174135353 0
113 98 -15 55.309524044999996 116.12332626822322 0
108 97 -11 55.57001842 116.62311368995304 0
105 93 -12 55.475088819999996 116.43957808457625 0
104 106 2 56.600491379999994 118.75145500421354 0
103 97 -6 55.993807645 117.46498404411241 0
103 95 -8 55.796352 117.06785270784002 0
108 96 -12 55.55742562 116.59866981163337 0
104 94 -10 55.620191219999995 116.72080769393257 0
103 93 -10 55.626440499999994 116.73301044767001 0
103 103 0 56.444050319999995 118.40875905877824 0
102 98 -4 56.11762112499999 117.71885794610125 0
103 92 -11 55.530600045 116.5466988449848 0
107 96 -11 55.566872079999996 116.61700349566529 0
103 96 -7 55.90854562 117.29238373356665 0
101 92 -9 55.71340961999999 116.90364751766137 0
103 101 -2 56.25214887999999 117.99936452028354 0
103 95 -8 55.82988417999999 117.13466209013768 0
102 89 -13 55.367765205 116.23403911375654 0
105 94 -11 55.55742562 116.59866981163337 0
102 92 -10 55.618628124999994 116.71775669734376 0
100 91 -9 55.673151999999995 116.82446921216001 0
102 95 -7 55.845076479999996 117.16501370380288 0
101 93 -8 55.767271644999994 117.01011296126792 0
101 90 -11 55.543235005 116.57116050087224 0
102 94 -8 55.805512019999995 117.08607840284617 0
101 100 -1 56.347405124999995 118.20115136662126 0
100 100 0 56.41199924499999 118.33957607661313 0
103 108 5 56.76739700499999 119.12702823320978 0
106 104 -2 56.253580845 118.0023779328232 0
108 100 -8 55.803986124999994 117.08304104737377 0
110 98 -12 55.52585682 116.53752353789977 0
108 99 -9 55.777998479999994 117.03138996990913 0
105 98 -7 55.887449999999994 117.24994581000001 0
105 108 3 56.623475125 118.80253806347126 0
105 106 1 56.478702444999996 118.483938822924 0
107 98 -9 55.74423442 116.96450150249896 0
111 98 -13 55.440001679999995 116.37215864040769 0
107 100 -7 55.91456178 117.30450550060394 0
105 100 -5 56.088340124999995 117.65845990451626 0
105 117 12 57.25820562 120.30401031584665 0
106 110 4 56.735726844999995 119.0549193459737 0
110 102 -8 55.864780124999996 117.20445595050376 0
116 102 -14 55.463941004999995 116.41813379769874 0
110 102 -8 55.842040499999996 117.15894418233 0
108 100 -8 55.86931968 117.21355565740033 0
108 118 10 57.07179424499999 119.84269603187812 0
107 106 -1 56.32336737999999 118.14997207066952 0
110 103 -7 55.89348352 117.26207280963584 0
113 100 -13 55.498925844999995 116.48550734735821 0
109 103 -6 55.97743199999999 117.43169722176 0
107 106 -1 56.344581805 118.19513093801808 0
107 120 13 57.311651444999995 120.4399820821135 0
109 108 -1 56.39381088 118.30046441175553 0
114 103 -11 55.65138802 116.78180192425816 0
115 105 -10 55.711865124999996 116.90060363657875 0
110 108 -2 56.29924004499999 118.09877945652272 0
109 106 -3 56.183049999999994 117.85465387 0
110 113 3 56.657112 118.87765491264001 0
111 111 0 56.44960767999999 118.42078909816833 0
112 110 -2 56.329031379999996 118.16201542630648 0
115 105 -10 55.724212404999996 116.92495151378267 0
114 114 0 56.43848799999999 118.39672850752001 0
111 111 0 56.44960767999999 118.42078909816833 0
112 118 6 56.83670271999999 119.28628655661058 0
116 115 -1 56.39521184499999 118.3034732241162 0
117 110 -7 55.964005844999996 117.40445490134182 0
119 113 -6 56.064826045 117.61012056981531 0
115 111 -4 56.19606044499999 117.88179747645799 0
115 111 -4 56.172913404999996 117.83353870225368 0
115 125 10 57.04064511999999 119.76743616372737 0
114 117 3 56.655770245 118.8746503328699 0
119 112 -7 55.971467919999995 117.41959038172097 0
122 116 -6 56.03679999999999 117.55269248 0
117 117 0 56.4245605 118.36664982113001 0
117 120 3 56.63964500499999 118.83859481447473 0
119 129 10 57.021862645 119.72229302858491 0
121 123 2 56.58964449999999 118.72741463549 0
126 116 -10 55.767271644999994 117.01011296126792 0
127 121 -6 56.070712005 117.62220718722477 0
120 117 -3 56.260736019999996 118.01744418710585 0
120 116 -4 56.149687005 117.78526372606024 0
121 131 10 57.053128019999996 119.79753681213816 0
119 115 -4 56.204720124999994 117.89989047669626 0
124 109 -15 55.475088819999996 116.43957808457625 0
120 112 -8 55.89649842 117.26813574324697 0
115 111 -4 56.129298805 117.74300930356759 0
114 107 -7 55.962512499999995 117.40142754625 0
114 122 8 56.958750644999995 119.57187717940342 0
112 118 6 56.818480179999995 119.2442149907817 0
115 116 1 56.46763484499999 118.45988331784233 0
121 119 -2 56.27502311999999 118.04757271913664 0
119 118 -1 56.37697512 118.26435566108736 0
119 117 -2 56.304925125 118.11082601827876 0
120 127 7 56.84968162 119.31633955148537 0
120 125 5 56.770028124999996 119.13303746234376 0
123 115 -8 55.950554579999995 117.3772055697953 0
127 118 -9 55.899512079999994 117.27419830113473 0
120 121 1 56.49802300499999 118.52603171141578 0
119 116 -3 56.25644384499999 118.00840459572782 0
122 125 3 56.603199999999994 118.75746496000001 0
120 120 0 56.46625 118.45687625000001 0
122 113 -9 55.85417698 117.18321988541513 0
124 124 0 56.41199924499999 118.33957607661313 0
118 132 14 57.253424499999994 120.29193113761 0
119 130 11 57.111382405 119.93907111835269 0
129 139 10 57.00552808 119.68317620795074 0
132 142 10 56.981560245 119.62601676587741 0
136 131 -5 56.13075712 117.74602791460865 0
141 132 -9 55.952050404999994 117.38023362324319 0
134 131 -3 56.276450125 118.05058528553376 0
133 130 -3 56.29070312499999 118.08070814453126 0
133 139 6 56.800196879999994 119.20214608297152 0
132 134 2 56.565166479999995 118.6733202563629 0
136 129 -7 56.02052324499999 117.5194317535064 0
136 129 -7 56.01311232 117.50431004135424 0
131 129 -2 56.31769842 118.13792797769305 0
130 124 -6 56.05451368 117.58896607957568 0
130 134 4 56.643680499999995 118.84760879857001 0
127 129 2 56.539219605 118.61621443816588 0
129 123 -6 56.085405205 117.65241852054348 0
131 123 -8 55.94905844499999 117.37417742831552 0
126 124 -2 56.29355000499999 118.08673211285723 0
124 120 -4 56.210487044999994 117.91195128098829 0
125 129 4 56.691888819999996 118.95577220916377 0
123 127 4 56.693222205 118.95877667284954 0
126 124 -2 56.3262 118.15599384000001 0
129 126 -3 56.24068199999999 117.97525525224 0
126 121 -5 56.155501044999994 117.79733402574972 0
126 118 -8 55.947562 117.37114919864001 0
124 127 3 56.647713204999995 118.85662271005148 0
121 128 7 56.843196045 119.30131284561472 0
124 125 1 56.48975020499999 118.50799254270905 0
128 125 -3 56.266454579999994 118.02949623026473 0
127 125 -2 56.3262 118.15599384000001 0
126 116 -10 55.79329618 117.06177663995433 0
126 127 1 56.48975020499999 118.50799254270905 0
120 119 -1 56.372759204999994 118.25532758769748 0
122 112 -10 55.79329618 117.06177663995433 0
122 114 -8 55.92958048 117.33480350362113 0
116 113 -3 56.21480898 117.92099626383289 0
115 112 -3 56.21768872 117.92702595943744 0
115 134 19 57.573905679999996 121.13470894269634 0
114 120 6 56.82369281999999 119.25623514727177 0
120 116 -4 56.15840620499999 117.80336878340698 0
123 117 -6 56.079531644999996 117.6403348738396 0
119 112 -7 55.955041124999994 117.38628946669876 0
118 110 -8 55.8723445 117.21962164399001 0
116 116 0 56.40780658 118.33055085731672 0
113 118 5 56.775286644999994 119.1450560119046 0
114 111 -3 56.197504499999994 117.88481312721001 0
118 111 -7 55.94905844499999 117.37417742831552 0
115 106 -9 55.78565120499999 117.04658462858947 0
113 106 -7 55.92357672 117.32268539550145 0
111 118 7 56.89614897999999 119.42454599389289 0
109 112 3 56.657112 118.87765491264001 0
113 106 -7 55.92958048 117.33480350362113 0
116 107 -9 55.843558644999995 117.16197899289942 0
111 105 -6 56.001238719999996 117.48011107360257 0
110 104 -6 56.03384337999999 117.54664578832552 0
110 112 2 56.55015824499999 118.64025983846612 0
108 110 2 56.578777779999996 118.70337333092009 0
110 102 -8 55.87536808 117.22568724436928 0
113 102 -11 55.673151999999995 116.82446921216001 0
109 104 -5 56.039755379999995 117.55873885756249 0
107 103 -4 56.143868004999995 117.77319237179827 0
107 108 1 56.51041128 118.5530887474541 0
107 106 -1 56.388203919999995 118.28842878176705 0
109 105 -4 56.180155379999995 117.84862127809754 0
110 110 0 56.44960767999999 118.42078909816833 0
109 111 2 56.551524179999994 118.64326542459769 0
110 109 -1 56.383995445 118.27940165511453 0
113 124 11 57.105217679999996 119.92400917712833 0
112 121 9 56.989141124999996 119.64406572226126 0
116 115 -1 56.3403445 118.18609996751002 0
122 110 -12 55.65138802 116.78180192425816 0
118 110 -8 55.89800540499999 117.27116706907434 0
114 112 -2 56.26359592 118.02347031461697 0
112 128 16 57.438507279999996 120.77002506032193 0
113 118 5 56.77397248 119.14205136269312 0
119 112 -7 55.999753125 117.47708583328125 0
121 115 -6 56.04566242 117.57083067559498 0
116 117 1 56.52414657999999 118.5831498340033 0
115 119 4 56.666495604999994 118.89868680017814 0
117 133 16 57.37612161999999 120.60638748627466 0
119 124 5 56.74894444499999 119.08496435898999 0
125 124 -1 56.398012845 118.30949073582082 0
126 126 0 56.41479280499999 118.34559271040158 0
124 128 4 56.69855264499999 118.97079450917742 0
125 125 0 56.446829619999995 118.41477414180137 0
127 135 8 56.912830125 119.46362759306626 0
126 128 2 56.56380364499999 118.67031485496442 0
130 121 -9 55.90854562 117.29238373356665 0
130 124 -6 56.055987804999994 117.59198837798408 0
123 120 -3 56.227758044999995 117.94812806906123 0
123 119 -4 56.210487044999994 117.91195128098829 0
121 129 8 56.92818160499999 119.49970673565214 0
120 122 2 56.541956125 118.62222590907626 0
124 118 -6 56.079531644999996 117.6403348738396 0
124 116 -8 55.891975605 117.25904120152438 0
120 118 -2 56.27502311999999 118.04757271913664 0
117 116 -1 56.39941288 118.3124994354925 0
117 130 13 57.242648845 120.26475709980032 0
117 118 1 56.522774444999996 118.58014382924752 0
122 115 -7 56.004208979999994 117.48616130702713 0
121 115 -6 56.032364605 117.54362232428664 0
117 118 1 56.48146624499999 118.48995241696463 0
116 114 -2 56.32053352 118.14395011700417 0
117 125 8 56.925626124999994 119.49369327797376 0
116 116 0 56.445440125 118.41176661620375 0
119 113 -6 56.014595125 117.50733454542876 0
119 113 -6 56.064826045 117.61012056981531 0
115 116 1 56.51178620499999 118.55609496197448 0
114 114 0 56.456547404999995 118.43582594356768 0
115 128 13 57.21981778 120.20740792458008 0
116 120 4 56.69855264499999 118.97079450917742 0
120 116 -4 56.20616232 117.90290576688577 0
122 116 -6 56.066297999999996 117.61314233688 0
118 116 -2 56.33610440499999 118.17706859994534 0
117 117 0 56.448218804999996 118.41778163573494 0
117 129 12 57.184754604999995 120.11992052635088 0
117 123 6 56.796271125 119.19313161964875 0
122 120 -2 56.32053352 118.14395011700417 0
124 122 -2 56.280729279999996 118.05962267643393 0
121 121 0 56.452384499999994 118.42680392919002 0
121 120 -1 56.361503125 118.23125093796875 0
121 132 11 57.103983805 119.92099694131994 0
120 127 7 56.83930098 119.29229702349913 0
125 121 -4 56.17725951999999 117.84258843631616 0
127 121 -6 56.07365312499999 117.62825004671876 0
122 121 -1 56.403611125 118.32152531175126 0
121 122 1 56.500778125 118.53204456109376 0
121 131 10 57.06060288 119.8155992888525 0
121 124 3 56.601845845 118.75445998868071 0
126 121 -5 56.146778125 117.77922818140627 0
125 125 0 56.417585124999995 118.35160920245876 0
122 123 1 56.500778125 118.53204456109376 0
122 122 0 56.418980819999994 118.35461739574777 0
123 133 10 57.0080445 119.68919375901001 0
122 127 5 56.76081378 119.11200528299594 0
126 122 -4 56.184496845 117.85767007265632 0
128 123 -5 56.145323219999995 117.77621030980345 0
123 122 -1 56.396612499999996 118.30648199875 0
122 121 -1 56.368540499999995 118.24629915117 0
122 131 9 56.94985312 119.55082569777665 0
121 122 1 56.49664498 118.52302524825689 0
124 120 -4 56.207604204999996 117.90592099755504 0
123 122 -1 56.382591999999995 118.27639253504 0
120 126 6 56.822390125 119.25323008723376 0
121 124 3 56.63291298 118.82357133426889 0
123 135 12 57.14576164499999 120.02344232239793 0
124 124 0 56.42734848 118.37266582745089 0
128 121 -7 55.986368819999996 117.44985493262377 0
125 121 -4 56.17725951999999 117.84258843631616 0
121 121 0 56.444050319999995 118.40875905877824 0
120 121 1 56.484228805 118.49596590073509 0
120 128 8 56.91154881999999 119.46062116765626 0
120 123 3 56.63291298 118.82357133426889 0
123 118 -5 56.10446002 117.69168234682218 0
123 117 -6 56.06335378 117.60709872733594 0
119 117 -2 56.334690419999994 118.17405805509097 0
117 118 1 56.47317112499999 118.47191129878877 0
117 123 6 56.827599045 119.26525041334179 0
117 117 0 56.41618912 118.34860097406465 0
119 111 -8 55.920572979999996 117.31662579620888 0
118 115 -3 56.232068819999995 117.95717097111626 0
113 114 1 56.4800845 118.48694563381001 0
113 112 -1 56.355867645 118.21921161851992 0
114 123 9 57.031888644999995 119.7463682229306 0
113 115 2 56.551524179999994 118.64326542459769 0
116 112 -4 56.151140979999994 117.78828139943913 0
117 114 -3 56.201834805 117.89385971710108 0
113 111 -2 56.27930320499999 118.05661026401854 0
113 108 -5 56.09274017999999 117.66752143493832 0
112 121 9 57.01809778 119.71326548885993 0
110 113 3 56.630218 118.81756187768 0
113 110 -3 56.230632205 117.95415672722048 0
115 112 -3 56.21480898 117.92099626383289 0
112 111 -1 56.338931445 118.183089555991 0
111 109 -2 56.30918568 118.11986043277633 0
112 117 5 56.79758002 119.19613642976216 0
111 114 3 56.603199999999994 118.75746496000001 0
113 112 -1 56.35163777999999 118.21018168519993 0
115 112 -3 56.234941119999995 117.96319928935937 0
113 111 -2 56.303504319999995 118.10781445057025 0
112 108 -4 56.146778125 117.77922818140627 0
112 129 17 57.478459605 120.87623509356838 0
110 116 6 56.83930098 119.29229702349913 0
115 112 -3 56.232068819999995 117.95717097111626 0
117 111 -6 56.03088552 117.54059878122817 0
113 109 -4 56.178707605 117.84560488852364 0
112 109 -3 56.24068199999999 117.97525525224 0
111 118 7 56.871674604999995 119.36743374538338 0
110 112 2 56.55015824499999 118.64025983846612 0
113 106 -7 55.947562 117.37114919864001 0
113 110 -3 56.22344448 117.93908465344514 0
109 108 -1 56.33186152 118.16803683089985 0
109 107 -2 56.29639564499999 118.0927558830841 0
109 119 10 57.086677005 119.87883086057728 0
109 111 2 56.55015824499999 118.64025983846612 0
112 109 -3 56.234941119999995 117.96319928935937 0
113 110 -3 56.216249004999995 117.92401114082178 0
110 110 0 56.421771279999994 118.36063367766593 0
110 108 -2 56.287855005 118.07468397679528 0
110 116 6 56.828900499999996 119.26825553123001 0
109 114 5 56.74630340499999 119.07895532261634 0
111 110 -1 56.36572647999999 118.24027998955714 0
114 110 -4 56.175811124999996 117.83957192131126 0
111 108 -3 56.2263205 117.94511365447 0
110 109 -1 56.338931445 118.183089555991 0
110 113 3 56.646369279999995 118.85361808068609 0
109 110 1 56.50215522 118.53505094794056 0
111 108 -3 56.23781217999999 117.96922738263032 0
111 110 -1 56.382591999999995 118.27639253504 0
109 117 8 57.00049152 119.67114155433985 0
110 109 -1 56.378379804999994 118.26736493895145 0
113 116 3 56.65845344499999 118.88065948598052 0
111 115 4 56.717170124999996 119.01285683505375 0
112 114 2 56.555620125 118.65228206838376 0
114 120 6 56.80673360499999 119.21717041603988 0
113 117 4 56.725130445 119.03088357657202 0
115 115 0 56.42874200499999 118.37567377959229 0
116 124 8 56.962559219999996 119.58089971101145 0
114 121 7 56.90128722 119.43657066354457 0
117 115 -2 56.324783845 118.1529829782947 0
120 117 -3 56.247851125 117.99032395634876 0
116 120 4 56.661135404999996 118.88666861402818 0
115 116 1 56.50766049999999 118.54707624587002 0
116 128 12 57.184754604999995 120.11992052635088 0
116 120 4 56.691888819999996 118.95577220916377 0
119 121 2 56.555620125 118.65228206838376 0
120 121 1 56.49802300499999 118.52603171141578 0
118 123 5 56.77134321999999 119.13604208807656 0
119 120 1 56.513160819999996 118.55910115253225 0
120 131 11 57.09780977999999 119.90593651544809 0
119 124 5 56.768712719999996 119.13003284410945 0
122 119 -3 56.2263205 117.94511365447 0
123 122 -1 56.357276979999995 118.2222215114449 0
118 122 4 56.711857044999995 119.00083902844172 0
118 121 3 56.63964500499999 118.83859481447473 0
119 133 14 57.245045604999994 120.27079528689438 0
119 126 7 56.869091845 119.36142237512132 0
123 123 0 56.417585124999995 118.35160920245876 0
125 123 -2 56.29924004499999 118.09877945652272 0
121 123 2 56.574697645 118.6943575833101 0
120 118 -2 56.27930320499999 118.05661026401854 0
120 130 10 57.06806657999999 119.83366337457673 0
117 123 6 56.828900499999996 119.26825553123001 0
120 119 -1 56.344581805 118.19513093801808 0
122 117 -5 56.114698605 117.71281941485488 0
118 117 -1 56.353048044999994 118.2131917055613 0
115 114 -1 56.37416481999999 118.25833698562425 0
115 126 11 57.122459379999995 119.96618586533849 0
113 120 7 56.90770304499999 119.45160204292623 0
117 114 -3 56.211928 117.91496633408 0
119 117 -2 56.29355000499999 118.08673211285723 0
114 116 2 56.53374284499999 118.6041912468092 0
113 115 2 56.599136605 118.74845000643464 0
114 128 14 57.319908819999995 120.46114717570377 0
113 124 11 57.11753938 119.95413434490152 0
118 118 0 56.40640840499999 118.32754237859884 0
122 122 0 56.41339617999999 118.3425844113057 0
117 123 6 56.841898 119.29830755512 0
117 122 5 56.76608098 119.12402362948089 0
119 131 12 57.143314045 120.01741439439931 0
119 124 5 56.74894444499999 119.08496435898999 0
123 121 -2 56.29355000499999 118.08673211285723 0
122 124 2 56.576057999999996 118.69736284872002 0
119 127 8 56.90128722 119.43657066354457 0
119 125 6 56.789722 119.17810772744001 0
122 135 13 57.21740799999999 120.20137257472001 0
122 132 10 57.031888644999995 119.7463682229306 0
125 126 1 56.50215522 118.53505094794056 0
129 125 -4 56.204720124999994 117.89989047669626 0
124 124 0 56.409204445 118.3335592997825 0
122 121 -1 56.341757245 118.18911033491162 0
120 125 5 56.762131045 119.1150098596803 0
118 122 4 56.70786898 118.99182567708712 0
119 116 -3 56.25644384499999 118.00840459572782 0
120 121 1 56.475937404999996 118.47792511730233 0
115 121 6 56.796271125 119.19313161964875 0
115 118 3 56.620775804999994 118.79652846525208 0
117 130 13 57.2053405 120.17119973933 0
116 123 7 56.856159444999996 119.33136669470503 0
119 119 0 56.444050319999995 118.40875905877824 0
121 122 1 56.478702444999996 118.483938822924 0
117 118 1 56.503532005 118.53805730967774 0
117 121 4 56.69855264499999 118.97079450917742 0
116 129 13 57.228242245 120.2285337365834 0
116 122 6 56.83930098 119.29229702349913 0
121 122 1 56.49802300499999 118.52603171141578 0
120 124 4 56.70520872 118.98581677544257 0
118 124 6 56.802812499999995 119.20815578125001 0
119 122 3 56.624824319999995 118.80554284670977 0
120 135 15 57.344589805 120.52466613095395 0
119 127 8 56.944762 119.53879694936 0
123 123 0 56.41199924499999 118.33957607661313 0
125 124 -1 56.379784179999994 118.27037417712233 0
120 121 1 56.514535124999995 118.56210731929126 0
119 120 1 56.48560961999999 118.49897260167864 0
118 126 8 56.92306940499999 119.48767992894219 0
116 122 6 56.80673360499999 119.21717041603988 0
119 120 1 56.46763484499999 118.45988331784233 0
119 117 -2 56.333276125 118.17104746546376 0
116 117 1 56.488370319999994 118.50498592250177 0
115 117 2 56.54879199999999 118.63725423296 0
114 126 12 57.16407912 120.06865901305537 0
113 121 8 56.92818160499999 119.49970673565214 0
117 117 0 56.40500992 118.32453386346496 0
118 115 -3 56.207604204999996 117.90592099755504 0
114 115 1 56.520029244999996 118.5741317516169 0
112 116 4 56.70520872 118.98581677544257 0
112 125 13 57.259400125 120.30703028809626 0
112 120 8 56.92945888 119.50271350564353 0
116 117 1 56.478702444999996 118.483938822924 0
117 119 2 56.585571804999994 118.71839926045195 0
114 115 1 56.51178620499999 118.55609496197448 0
114 115 1 56.49802300499999 118.52603171141578 0
113 125 12 57.168952 120.08071899584002 0
112 117 5 56.738372845 119.06092831742832 0
115 114 -1 56.369947044999996 118.24930867063422 0
115 114 -1 56.368540499999995 118.24629915117 0
112 114 2 56.56107704499999 118.6643039987958 0
111 112 1 56.51178620499999 118.55609496197448 0
111 121 10 57.08543847999999 119.87581936401088 0
110 112 2 56.55971328 118.66129854369794 0
113 113 0 56.42734848 118.37266582745089 0
111 112 1 56.509036044999995 118.55008250880722 0
110 112 2 56.58964449999999 118.72741463549 0
110 108 -2 56.304925125 118.11082601827876 0
