117 96 -21 54.35361448 114.37361135879489 0
110 95 -15 54.744838419999994 115.07613211221305 0
106 96 -10 55.085876125 115.70319655203626 0
104 104 0 55.8723445 117.21962164399001 0
103 98 -5 55.460753125 116.41200560421876 0
105 96 -9 55.142325645 115.8085209483616 0
110 99 -11 55.02739199999999 115.59455978496001 0
105 97 -8 55.239431679999996 115.99082136543232 0
104 96 -8 55.24434044499999 116.00007548824202 0
106 106 0 55.88292160499999 117.24084956424964 0
105 105 0 55.88292160499999 117.24084956424964 0
105 100 -5 55.455968979999994 116.40281226377289 0
113 101 -12 54.971902005 115.49192518270775 0
111 99 -12 54.96346498 115.47635669413688 0
108 97 -11 55.057516979999995 115.65045773935513 0
108 110 2 55.97892224499999 117.43472371865411 0
106 100 -6 55.43360608 116.35989322127872 0
107 99 -8 55.273734444999995 116.05556977466 0
114 98 -16 54.677216124999994 114.95351869917626 0
108 99 -9 55.17536384499999 115.8703831329722 0
107 99 -8 55.21648722 115.94761605899545 0
106 104 -2 55.72267007999999 116.9219084244173 0
107 101 -6 55.41438952 116.32308321687617 0
107 98 -9 55.18360402 115.88583807698984 0
111 100 -11 55.024038579999996 115.58834525064873 0
108 103 -5 55.48304224499999 116.4548912740459 0
106 100 -6 55.412786125 116.32001477968626 0
108 114 6 56.26359592 118.02347031461697 0
110 111 1 55.916065044999996 117.3075357120423 0
110 101 -9 55.162163445 115.84564643565052 0
119 101 -18 54.586319605 114.78951907082838 0
115 104 -11 55.112485244999995 115.75278616408761 0
108 105 -3 55.602980124999995 116.68723990699627 0
109 120 11 56.61942567999999 118.7935236499437 0
112 114 2 56.010145779999995 117.4982607895921 0
114 109 -5 55.478271119999995 116.44570377471936 0
124 109 -15 54.844532879999996 115.25789076877248 0
119 110 -9 55.226327999999995 115.96613654592001 0
115 110 -5 55.479861805 116.44876641244943 0
116 120 4 56.140956644999996 117.76715629592542 0
116 124 8 56.391008019999994 118.29444667319817 0
118 117 -1 55.762669779999996 117.00099262867192 0
127 116 -11 55.152250124999995 115.82708677196626 0
126 117 -9 55.31277020499999 116.12948219415847 0
122 116 -6 55.476680124999994 116.44264099881626 0
122 124 2 56.001238719999996 117.48011107360257 0
123 122 -1 55.767271644999994 117.01011296126792 0
124 110 -14 54.946567679999994 115.44520547463169 0
128 111 -17 54.74829352 115.08241126212417 0
122 112 -10 55.1770125 115.87347445875001 0
117 113 -4 55.59200808 116.66587071243073 0
118 124 6 56.253580845 118.0023779328232 0
119 120 1 55.917567999999996 117.31056583168001 0
122 110 -12 55.090871379999996 115.71249804849353 0
128 112 -16 54.839401845 115.2485063241862 0
122 112 -10 55.203348819999995 115.92291284608376 0
118 114 -4 55.585731519999996 116.65365696745985 0
119 122 3 56.064826045 117.61012056981531 0
119 123 4 56.085405205 117.65241852054348 0
122 115 -7 55.419197845 116.3322876607367 0
128 119 -9 55.304652479999994 116.11409121357313 0
125 120 -5 55.562150245 116.6078372363474 0
123 117 -6 55.436804499999994 116.36602621571001 0
125 129 4 56.07659300499999 117.63429260848673 0
125 125 0 55.835964819999994 117.14680394011577 0
126 121 -5 55.547968 116.58033144832001 0
132 121 -11 55.203348819999995 115.92291284608376 0
128 121 -7 55.428806124999994 116.35069265851376 0
127 122 -5 55.530600045 116.5466988449848 0
127 130 3 56.022004499999994 117.52245585429 0
127 130 3 56.01607761999999 117.51035896851737 0
130 129 -1 55.77646700499999 117.02835071869274 0
134 127 -7 55.419197845 116.3322876607367 0
134 127 -7 55.451182044999996 116.3936176591233 0
133 124 -9 55.328982405 116.16025254701518 0
132 134 2 55.99232049999999 117.46195838903 0
131 138 7 56.260736019999996 118.01744418710585 0
133 127 -6 55.524275124999996 116.53446483590875 0
141 127 -14 55.03744482 115.61319899157577 0
135 134 -1 55.777998479999994 117.03138996990913 0
132 130 -2 55.75345768 116.98274903359169 0
135 138 3 56.032364605 117.54362232428664 0
136 139 3 56.019041679999994 117.51640757239232 0
138 136 -2 55.725754419999994 116.92799449070105 0
143 134 -9 55.35970018 116.21867408786169 0
141 133 -8 55.436804499999994 116.36602621571001 0
139 131 -8 55.403159245 116.3016011080944 0
138 138 0 55.86931968 117.21355565740033 0
137 146 9 56.327615845 118.15900465594932 0
139 136 -3 55.67780780499999 116.83360918181658 0
146 135 -11 55.247611405 116.00624409351167 0
142 138 -4 55.63112420499999 116.74216122331248 0
140 128 -12 55.14563504499999 115.81471024285023 0
141 139 -2 55.736539844999996 116.94929219437732 0
135 135 0 55.867806804999994 117.21052251886694 0
137 127 -10 55.263947605 116.03707744977638 0
141 128 -13 55.142325645 115.8085209483616 0
134 124 -10 55.263947605 116.03707744977638 0
133 123 -10 55.24924642 116.00932815365705 0
131 136 5 56.154047999999996 117.79431654912001 0
129 134 5 56.154047999999996 117.79431654912001 0
133 126 -7 55.465534479999995 116.42119768488513 0
139 129 -10 55.254149604999995 116.01857936610165 0
134 128 -6 55.52585682 116.53752353789977 0
132 124 -8 55.35970018 116.21867408786169 0
133 133 0 55.867806804999994 117.21052251886694 0
131 134 3 56.047138405 117.57385343583134 0
132 125 -7 55.411182419999996 116.31694619760505 0
138 128 -10 55.265579519999996 116.04015990288384 0
133 127 -6 55.508441125 116.50387045080126 0
131 124 -7 55.452777999999995 116.39668266808002 0
133 127 -6 55.532180499999996 116.54975701493001 0
131 133 2 55.953545919999996 117.38326158882305 0
131 120 -11 55.18030888 115.87965660451648 0
135 123 -12 55.112485244999995 115.75278616408761 0
129 119 -10 55.214846005 115.94452873561627 0
127 117 -10 55.193481999999996 115.90437846776001 0
127 128 1 55.941573119999994 117.35903539470337 0
124 129 5 56.168564499999995 117.82448839859 0
126 119 -7 55.419197845 116.3322876607367 0
134 119 -15 54.96684071999999 115.48258465729344 0
129 119 -10 55.252515519999996 116.01549578978816 0
125 116 -9 55.307900499999995 116.12024807227002 0
125 125 0 55.86629361999999 117.20748928328936 0
124 126 2 55.96848402 117.41353644792986 0
125 120 -5 55.549545044999995 116.58338816865772 0
131 121 -10 55.252515519999996 116.01549578978816 0
128 117 -11 55.168766125 115.85801614007376 0
126 115 -11 55.178660844999996 115.87656561587681 0
125 129 4 56.113236879999995 117.70980004454849 0
123 120 -3 55.674704245 116.82751598634812 0
125 115 -10 55.211562644999994 115.93835359404741 0
129 116 -13 55.059187644999994 115.65356145818009 0
124 116 -8 55.31114728 116.12640430879809 0
122 113 -9 55.270473405 116.04940630404633 0
122 124 2 55.961018845 117.3984001044372 0
121 115 -6 55.475088819999996 116.43957808457625 0
122 108 -14 54.914377404999996 115.38596532899768 0
125 113 -12 55.07254180499999 115.67838473228194 0
119 112 -7 55.370989044999995 116.2401840766118 0
116 106 -10 55.15555580499999 115.83327400921544 0
119 123 4 56.082469044999996 117.64637684408822 0
117 116 -1 55.770338005 117.01619264343077 0
116 109 -7 55.369377279999995 116.23711166984194 0
125 107 -18 54.65457058 114.91257469897928 0
120 104 -16 54.729275125 115.04786549402877 0
115 103 -12 55.017328019999994 115.57591397600186 0
113 108 -5 55.532180499999996 116.54975701493001 0
111 111 0 55.83292512 117.14073321675265 0
112 110 -2 55.735 116.94625 0
116 108 -8 55.275364499999995 116.05865127141001 0
117 105 -12 55.005572605 115.55415214037114 0
117 103 -14 54.86844082 115.30166098466776 0
114 113 -1 55.754993805 116.98578990515009 0
112 111 -1 55.754993805 116.98578990515009 0
112 104 -8 55.247611405 116.00624409351167 0
119 103 -16 54.774167244999994 115.12947816738162 0
116 102 -14 54.83084391999999 115.23286154928705 0
111 100 -11 55.052503124999994 115.64114549953126 0
111 109 -2 55.731919379999994 116.94016527718153 0
109 106 -3 55.671599445 116.8214223201175 0
110 98 -12 54.98706912 115.51993658113537 0
116 101 -15 54.753473844999995 115.0918284103647 0
112 101 -11 55.05083121999999 115.63804105792745 0
107 101 -6 55.43040642 116.35375965580297 0
109 107 -2 55.67780780499999 116.83360918181658 0
109 103 -6 55.440001679999995 116.37215864040769 0
110 100 -10 55.119125125 115.76517653922126 0
113 105 -8 55.299778124999996 116.10485475609376 0
111 115 4 56.13075712 117.74602791460865 0
109 102 -7 55.369377279999995 116.23711166984194 0
114 118 4 56.102996125 117.68866248302376 0
117 116 -1 55.79329618 117.06177663995433 0
113 108 -5 55.492576125 116.47326255972376 0
123 107 -16 54.77761180499999 115.13575020984808 0
119 105 -14 54.89568978 115.35163640246809 0
115 104 -11 55.05083121999999 115.63804105792745 0
114 118 4 56.091273805 117.66450099731745 0
112 114 2 55.99232049999999 117.46195838903 0
114 106 -8 55.303028004999994 116.11101255050174 0
122 104 -18 54.665028879999994 114.93147650956354 0
118 108 -10 55.160512 115.84255358464002 0
113 106 -7 55.345163604999996 116.19100755866988 0
113 124 11 56.59507042 118.73943493158905 0
115 115 0 55.843558644999995 117.16197899289942 0
116 111 -5 55.49416402 116.47632396127017 0
125 112 -13 55.035770125 115.61009291413376 0
120 114 -6 55.435205444999994 116.362959789793 0
118 108 -10 55.17041602 115.86110814209417 0
119 116 -3 55.67004658 116.81837531005672 0
118 109 -9 55.25088112499999 116.01241205236126 0
117 103 -14 54.89909032 115.35787978469824 0
120 107 -13 54.96346498 115.47635669413688 0
115 106 -9 55.214846005 115.94452873561627 0
112 107 -5 55.479861805 116.44876641244943 0
114 118 4 56.13658727999999 117.75810168000193 0
114 113 -1 55.78565120499999 117.04658462858947 0
116 107 -9 55.20663527999999 115.92908964220993 0
122 106 -16 54.74829352 115.08241126212417 0
118 108 -10 55.19183644499999 115.9012888211185 0
114 106 -8 55.304652479999994 116.11409121357313 0
114 125 11 56.571976004999996 118.68834700305123 0
115 122 7 56.31769842 118.13792797769305 0
117 115 -2 55.719584499999996 116.91582190769 0
129 116 -13 55.019006125 115.57902207082626 0
125 113 -12 55.085876125 115.70319655203626 0
122 113 -9 55.267211124999996 116.04324219618876 0
121 120 -1 55.822276405 117.11948250077084 0
120 115 -5 55.559000805 116.60172574963295 0
121 107 -14 54.897390204999994 115.35475819159097 0
124 109 -15 54.839401845 115.2485063241862 0
119 110 -9 55.25578338 116.02166278146552 0
115 109 -6 55.436804499999994 116.36602621571001 0
116 121 5 56.161310125 117.80940328135375 0
117 117 0 55.84811121999999 117.17108282726744 0
118 112 -6 55.476680124999994 116.44264099881626 0
125 115 -10 55.23779480499999 115.98773633319894 0
121 120 -1 55.811612499999995 117.09822678875001 0
120 126 6 56.224882644999994 117.9420991826526 0
123 134 11 56.52826112499999 118.59216771399876 0
128 133 5 56.155501044999994 117.79733402574972 0
134 122 -12 55.148943204999995 115.82089885028148 0
138 118 -20 54.68243458 114.96296209374472 0
131 122 -9 55.28188161999999 116.07097567185465 0
126 124 -2 55.72112744499999 116.91886522244101 0
125 135 10 56.42874200499999 118.37567377959229 0
128 128 0 55.86629361999999 117.20748928328936 0
133 124 -9 55.293274645 116.09253728962892 0
135 125 -10 55.25578338 116.02166278146552 0
131 124 -7 55.460753125 116.41200560421876 0
130 124 -6 55.497338879999994 116.48244635492352 0
130 130 0 55.88141152 117.23781729174017 0
130 134 4 56.081000499999995 117.64335589577001 0
132 121 -11 55.16381457999999 115.84873911653528 0
137 121 -16 54.933027519999996 115.42027073590785 0
130 124 -6 55.468720499999996 116.42732504097 0
127 120 -7 55.407974079999995 116.31080859811328 0
128 132 4 56.07218272 117.62522865426945 0
127 129 2 55.966991605 117.41050935201788 0
129 121 -8 55.35970018 116.21867408786169 0
135 126 -9 55.306276645 116.1171697207746 0
130 124 -6 55.470313045 116.43038851019622 0
128 123 -5 55.574735604999994 116.63227801677564 0
130 135 5 56.172913404999996 117.83353870225368 0
129 129 0 55.870832244999995 117.2165886990534 0
133 124 -9 55.294900979999994 116.09561689136089 0
136 122 -14 55.04915900499999 115.63493643521929 0
131 186 55 58.38392780499999 123.70219310232409 0
129 216 87 59.23618498 128.1638804306169 0
140 172 32 57.43047124499999 120.74879746023713 0
183 143 -40 53.96388944499999 113.6881521657875 0
143 134 -9 55.38226272 116.26168675693057 0
136 131 -5 55.59200808 116.66587071243073 0
141 130 -11 55.25088112499999 116.01241205236126 0
137 130 -7 55.44319761999999 116.37829049668264 0
136 141 5 56.143868004999995 117.77319237179827 0
135 128 -7 55.465534479999995 116.42119768488513 0
139 123 -16 54.887183005 115.33602451088424 0
136 122 -14 55.03074418 115.60077358567769 0
130 123 -7 55.406369444999996 116.30773958037503 0
128 119 -9 55.28351012499999 116.07405637614626 0
128 137 9 56.372759204999994 118.25532758769748 0
126 127 1 55.925078125 117.32571505859376 0
130 126 -4 55.617064719999995 116.71470557716545 0
135 122 -13 55.052503124999994 115.64114549953126 0
132 123 -9 55.29815272 116.10177562442945 0
129 121 -8 55.377433005 116.25247221381328 0
128 127 -1 55.790239119999995 117.05570015177537 0
128 132 4 56.09567199999999 117.67356209344001 0
129 122 -7 55.43040642 116.35375965580297 0
134 123 -11 55.198416804999994 115.91364640626557 0
131 120 -11 55.1770125 115.87347445875001 0
128 117 -11 55.15555580499999 115.83327400921544 0
127 127 0 55.83900328 117.15287426153793 0
124 124 0 55.878390419999995 117.23175245984905 0
126 119 -7 55.403159245 116.3016011080944 0
131 122 -9 55.28676620499999 116.08021731089303 0
127 120 -7 55.390306044999996 116.27704137088472 0
126 115 -11 55.1770125 115.87347445875001 0
126 125 -1 55.823798579999995 117.12251862190874 0
124 122 -2 55.74423442 116.96450150249896 0
124 115 -9 55.24434044499999 116.00007548824202 0
129 117 -12 55.12907564499999 115.78375687361591 0
124 116 -8 55.319258805 116.14179218673243 0
122 112 -10 55.21648722 115.94761605899545 0
123 132 9 56.398012845 118.30949073582082 0
121 122 1 55.938576819999994 117.35297795930025 0
123 110 -13 55.02739199999999 115.59455978496001 0
131 114 -17 54.787938045 115.1545613628313 0
122 113 -9 55.242704499999995 115.99699094279 0
118 111 -7 55.383872005 116.26475797507524 0
120 119 -1 55.781060499999995 117.03746815237001 0
119 123 4 56.105923604999994 117.69470213963014 0
120 114 -6 55.43360608 116.35989322127872 0
126 115 -11 55.152250124999995 115.82708677196626 0
124 114 -10 55.188544404999995 115.89510902614285 0
120 109 -11 55.13570312499999 115.79614029296876 0
121 127 6 56.23350512499999 117.96018515844126 0
119 116 -3 55.676256179999996 116.83056264284569 0
120 108 -12 55.024038579999996 115.58834525064873 0
126 109 -17 54.715420005 115.02272519388724 0
119 109 -10 55.196772179999996 115.9105572601697 0
115 107 -8 55.328982405 116.16025254701518 0
116 116 0 55.86629361999999 117.20748928328936 0
116 118 2 55.998267219999995 117.47406051033545 0
117 108 -9 55.25578338 116.02166278146552 0
123 110 -13 54.961776645 115.47324242820292 0
120 107 -13 54.95670978 115.46389849101193 0
116 108 -8 55.285138319999994 116.07713692243777 0
116 112 -4 55.590439405 116.66281746616033 0
114 108 -6 55.436804499999994 116.36602621571001 0
116 107 -9 55.20827804499999 115.9321777916388 0
118 110 -8 55.299778124999996 116.10485475609376 0
115 112 -3 55.64983112499999 116.77875336504876 0
115 111 -4 55.59827968 116.67808243539969 0
117 116 -1 55.77646700499999 117.02835071869274 0
118 112 -6 55.467127645 116.4242614325876 0
119 105 -14 54.89909032 115.35787978469824 0
121 106 -15 54.818849805 115.21095035878145 0
117 107 -10 55.188544404999995 115.89510902614285 0
113 107 -6 55.415992605 116.32615150933864 0
114 120 6 56.265025404999996 118.02648329884184 0
115 119 4 56.116160019999995 117.71583871531784 0
117 110 -7 55.345163604999996 116.19100755866988 0
125 110 -15 54.870146205 115.30478593232554 0
121 111 -10 55.196772179999996 115.9105572601697 0
117 112 -5 55.54165671999999 116.56810325569857 0
117 123 6 56.216249004999995 117.92401114082178 0
118 122 4 56.09567199999999 117.67356209344001 0
121 117 -4 55.606112204999995 116.69334426164704 0
128 112 -16 54.82741858 115.22660222363129 0
125 119 -6 55.495751604999995 116.47938522628215 0
121 114 -7 55.370989044999995 116.2401840766118 0
120 123 3 56.050089445 117.579898724325 0
123 120 -3 55.63424512499999 116.74826112874126 0
122 108 -14 54.910982444999995 115.37972546177602 0
127 109 -18 54.68243458 114.96296209374472 0
120 112 -8 55.33707688 116.17563196025154 0
115 112 -3 55.660722879999994 116.8000907621325 0
117 123 6 56.25214887999999 117.99936452028354 0
119 118 -1 55.777998479999994 117.03138996990913 0
121 111 -10 55.158860245 115.8394605633399 0
126 115 -11 55.14067048 115.80542604306113 0
121 117 -4 55.628002044999995 116.73606082876921 0
118 117 -1 55.80856288 117.09215280266753 0
122 124 2 56.002724005 117.48313623146323 0
123 118 -5 55.532180499999996 116.54975701493001 0
125 114 -11 55.14067048 115.80542604306113 0
126 117 -9 55.265579519999996 116.04015990288384 0
122 114 -8 55.322501245 116.1479462559929 0
121 111 -10 55.18360402 115.88583807698984 0
122 127 5 56.138044044999994 117.7611199524768 0
119 120 1 55.920572979999996 117.31662579620888 0
121 114 -7 55.428806124999994 116.35069265851376 0
128 114 -14 54.993801999999995 115.53238121384001 0
123 106 -17 54.741382079999994 115.06985211990529 0
121 113 -8 55.296527004999994 116.09869633623978 0
118 125 7 56.30066178 118.10179116985609 0
115 122 7 56.306345619999995 118.11383753777338 0
122 118 -4 55.612372644999994 116.70555147345492 0
129 119 -10 55.25578338 116.02166278146552 0
126 121 -5 55.55585012499999 116.59561374365376 0
124 119 -5 55.53849921999999 116.56198837033145 0
126 134 8 56.31628040499999 118.13491683801068 0
126 124 -2 55.75960032 116.99491186546177 0
129 127 -2 55.735 116.94625 0
132 126 -6 55.516361999999994 116.51916932136001 0
130 126 -4 55.643600445 116.76655792344951 0
131 126 -5 55.566872079999996 116.61700349566529 0
131 138 7 56.267883444999995 118.0325091090495 0
131 127 -4 55.618628124999994 116.71775669734376 0
136 122 -14 55.045813644999996 115.62872664583442 0
134 124 -10 55.27210408 116.05248811892673 0
129 121 -8 55.366152819999996 116.23096640819176 0
128 121 -7 55.44319761999999 116.37829049668264 0
128 133 5 56.168564499999995 117.82448839859 0
126 126 0 55.849628124999995 117.17411724015626 0
131 122 -9 55.28839377999999 116.08329754167593 0
133 127 -6 55.530600045 116.5466988449848 0
129 126 -3 55.70722978 116.89147131012808 0
129 122 -7 55.406369444999996 116.30773958037503 0
132 132 0 55.878390419999995 117.23175245984905 0
129 125 -4 55.585731519999996 116.65365696745985 0
131 122 -9 55.328982405 116.16025254701518 0
132 127 -5 55.58416160499999 116.65060321405038 0
128 133 5 56.175811124999996 117.83957192131126 0
129 128 -1 55.823798579999995 117.12251862190874 0
135 138 3 56.019041679999994 117.51640757239232 0
135 127 -8 55.361313804999995 116.22174739298258 0
137 130 -7 55.43360608 116.35989322127872 0
134 133 -1 55.816184605 117.10733699498087 0
133 132 -1 55.777998479999994 117.03138996990913 0
136 125 -11 55.226327999999995 115.96613654592001 0
137 135 -2 55.762669779999996 117.00099262867192 0
132 131 -1 55.813136844999995 117.10126362704881 0
134 120 -14 55.01564960499999 115.57280569679588 0
137 122 -15 54.955020205 115.46078346493904 0
129 119 -10 55.234520124999996 115.98156578080376 0
126 122 -4 55.59200808 116.66587071243073 0
126 132 6 56.198948245 117.88782871745862 0
125 120 -5 55.547968 116.58033144832001 0
130 120 -10 55.252515519999996 116.01549578978816 0
129 119 -10 55.231244204999996 115.97539457674497 0
125 115 -10 55.21812812499999 115.95070321765625 0
125 114 -11 55.122443204999996 115.77137067981604 0
123 129 6 56.207604204999996 117.90592099755504 0
121 122 1 55.94905844499999 117.37417742831552 0
124 121 -3 55.643600445 116.76655792344951 0
130 124 -6 55.475088819999996 116.43957808457625 0
127 119 -8 55.362927119999995 116.22482054796865 0
127 118 -9 55.273734444999995 116.05556977466 0
126 132 6 56.213368644999996 117.91798132830692 0
124 125 1 55.92357672 117.32268539550145 0
127 121 -6 55.470313045 116.43038851019622 0
132 120 -12 55.14563504499999 115.81471024285023 0
128 122 -6 55.463941004999995 116.41813379769874 0
126 118 -8 55.328982405 116.16025254701518 0
126 130 4 56.094206244999995 117.6705418002579 0
125 123 -2 55.72112744499999 116.91886522244101 0
127 119 -8 55.34678002 116.19408222237786 0
130 121 -9 55.303028004999994 116.11101255050174 0
126 123 -3 55.66693992 116.81228093522498 0
125 121 -4 55.58887041999999 116.65976409335097 0
127 125 -2 55.758065124999995 116.99187132092126 0
127 118 -9 55.270473405 116.04940630404633 0
128 115 -13 55.047486479999996 115.63183163124289 0
126 115 -11 55.152250124999995 115.82708677196626 0
122 111 -11 55.10916344499999 115.746589926927 0
121 112 -9 55.23779480499999 115.98773633319894 0
119 133 14 56.70254722 118.97980787167545 0
118 118 0 55.85569264499999 117.1862539032451 0
123 119 -4 55.585731519999996 116.65365696745985 0
127 117 -10 55.241068244999994 115.9939062352414 0
124 114 -10 55.22960577999999 115.97230872993208 0
123 111 -12 55.074209679999996 115.68148683444034 0
122 121 -1 55.796352 117.06785270784002 0
119 111 -8 55.309524044999996 116.12332626822322 0
120 107 -13 55.002211124999995 115.54793280574876 0
121 110 -11 55.142325645 115.8085209483616 0
116 108 -8 55.320880179999996 116.14486929847833 0
115 109 -6 55.451182044999996 116.3936176591233 0
116 121 5 56.168564499999995 117.82448839859 0
116 115 -1 55.790239119999995 117.05570015177537 0
119 109 -10 55.158860245 115.8394605633399 0
123 110 -13 54.98706912 115.51993658113537 0
119 106 -13 54.992119245 115.5292703360869 0
116 106 -10 55.193481999999996 115.90437846776001 0
116 117 1 55.952050404999994 117.38023362324319 0
114 114 0 55.884431379999995 117.24388174135353 0
116 106 -10 55.162163445 115.84564643565052 0
122 106 -16 54.80340647999999 115.18276416443713 0
117 105 -12 55.047486479999996 115.63183163124289 0
114 104 -10 55.12741799999999 115.78066058568001 0
114 110 -4 55.574735604999994 116.63227801677564 0
113 108 -5 55.527438204999996 116.54058210663354 0
113 107 -6 55.441599804999996 116.37522463951608 0
116 109 -7 55.388698 116.27397074312 0
115 119 4 56.114698605 117.71281941485488 0
115 108 -7 55.356472 116.21252702656001 0
118 116 -2 55.735 116.94625 0
119 113 -6 55.465534479999995 116.42119768488513 0
117 115 -2 55.696403124999996 116.87015854203125 0
121 113 -8 55.296527004999994 116.09869633623978 0
120 111 -9 55.278623679999995 116.06481378861568 0
120 113 -7 55.364540125 116.22789355298376 0
118 125 7 56.31628040499999 118.13491683801068 0
118 118 0 55.825320444999996 117.1255546412505 0
122 113 -9 55.247611405 116.00624409351167 0
126 116 -10 55.18525112499999 115.88892856115126 0
121 119 -2 55.742696124999995 116.96145986216376 0
120 118 -2 55.719584499999996 116.91582190769 0
122 132 10 56.448218804999996 118.41778163573494 0
124 124 0 55.879901124999996 117.23478492366127 0
127 123 -4 55.624878644999995 116.7299599438006 0
131 120 -11 55.16711592 115.85492396858305 0
128 127 -1 55.822276405 117.11948250077084 0
126 121 -5 55.56372449999999 116.61089278539 0
127 135 8 56.3403445 118.18609996751002 0
128 121 -7 55.39673512499999 116.28932241172876 0
131 116 -15 54.910982444999995 115.37972546177602 0
128 117 -11 55.148943204999995 115.82089885028148 0
123 117 -6 55.457564004999995 116.40587685083678 0
122 118 -4 55.617064719999995 116.71470557716545 0
122 135 13 56.645025045 118.85061344358022 0
123 132 9 56.40780658 118.33055085731672 0
128 124 -4 55.606112204999995 116.69334426164704 0
137 125 -12 55.172065605 115.86419997480814 0
131 125 -6 55.487810579999994 116.4640775342393 0
129 121 -8 55.38226272 116.26168675693057 0
129 138 9 56.371353279999994 118.25231814942208 0
127 130 3 56.01311232 117.50431004135424 0
131 122 -9 55.280252804999996 116.06789480939908 0
136 120 -16 54.90079012499999 115.36100118195375 0
129 120 -9 55.328982405 116.16025254701518 0
125 120 -5 55.55585012499999 116.59561374365376 0
125 136 11 56.53374284499999 118.6041912468092 0
125 125 0 55.831404805 117.13769770393358 0
130 119 -11 55.181956604999996 115.88274742483287 0
132 121 -11 55.17041602 115.86110814209417 0
126 125 -1 55.805512019999995 117.08607840284617 0
125 128 3 56.038277844999996 117.55571570796332 0
127 144 17 56.843196045 119.30131284561472 0
130 136 6 56.190281125 117.86973426513876 0
138 131 -7 55.43040642 116.35375965580297 0
141 132 -9 55.33384002 116.16948065388218 0
136 134 -2 55.718041244999995 116.9127784800004 0
135 132 -3 55.705684045 116.88842697303072 0
136 147 11 56.437096645 118.39372078849709 0
136 141 5 56.120542404999995 117.72489619928484 0
142 140 -2 55.75960032 116.99491186546177 0
145 139 -6 55.552698205 116.58950121709898 0
144 137 -7 55.50209884499999 116.49162892426281 0
143 138 -5 55.56372449999999 116.61089278539 0
141 149 8 56.27930320499999 118.05661026401854 0
141 135 -6 55.552698205 116.58950121709898 0
146 125 -21 54.69633682 114.98813496535976 0
141 127 -14 55.065867204999996 115.66597453226798 0
132 125 -7 55.44319761999999 116.37829049668264 0
130 124 -6 55.478271119999995 116.44570377471936 0
130 147 17 56.817176245 119.24120998597212 0
128 133 5 56.1395005 117.76413815773 0
135 130 -5 55.565298444999996 116.61394820510802 0
138 129 -9 55.31114728 116.12640430879809 0
135 128 -7 55.424003379999995 116.3414908064745 0
133 125 -8 55.38548098 116.26782904537913 0
132 137 5 56.17146407999999 117.83052199787329 0
130 128 -2 55.718041244999995 116.9127784800004 0
134 122 -12 55.16381457999999 115.84873911653528 0
134 124 -10 55.278623679999995 116.06481378861568 0
129 124 -5 55.530600045 116.5466988449848 0
127 120 -7 55.422401844999996 116.33842323519131 0
128 132 4 56.082469044999996 117.64637684408822 0
126 129 3 56.029406124999994 117.53757515898626 0
128 121 -7 55.407974079999995 116.31080859811328 0
133 124 -9 55.33060191999999 116.16332873583104 0
128 126 -2 55.72112744499999 116.91886522244101 0
126 129 3 56.067769645 117.61616402869392 0
129 139 10 56.41339617999999 118.3425844113057 0
131 132 1 55.894991125 117.26510432348876 0
137 122 -15 54.988752805 115.52304801989844 0
137 129 -8 55.380653124999995 116.25861539078126 0
129 127 -2 55.727296124999995 116.93103735533626 0
129 125 -4 55.587301124999996 116.65671059383877 0
131 136 5 56.16276162 117.81242043334537 0
129 132 3 56.06335378 117.60709872733594 0
133 121 -12 55.11414567999999 115.75588402002369 0
137 124 -13 55.105840404999995 115.74039298828934 0
128 123 -5 55.536920005 116.55893072981027 0
126 119 -7 55.436804499999994 116.36602621571001 0
127 134 7 56.29212672 118.08372015353856 0
125 127 2 55.989345279999995 117.45590682836993 0
128 118 -10 55.201705125 115.91982419905875 0
133 116 -17 54.832556124999996 115.23599090842376 0
125 119 -6 55.467127645 116.4242614325876 0
122 117 -5 55.549545044999995 116.58338816865772 0
122 119 -3 55.676256179999996 116.83056264284569 0
123 122 -1 55.773403124999994 117.02227189546876 0
123 113 -10 55.17041602 115.86110814209417 0
125 114 -11 55.11414567999999 115.75588402002369 0
121 110 -11 55.12907564499999 115.78375687361591 0
118 110 -8 55.28188161999999 116.07097567185465 0
118 122 4 56.123462444999994 117.7309341757165 0
116 115 -1 55.796352 117.06785270784002 0
119 110 -9 55.247611405 116.00624409351167 0
123 109 -14 54.95839904499999 115.4670133268043 0
118 110 -8 55.290021044999996 116.0863776149503 0
116 108 -8 55.31114728 116.12640430879809 0
116 120 4 56.12200257999999 117.72791522201274 0
116 106 -10 55.12576004499999 115.7775641241773 0
117 104 -13 54.982016204999994 115.51060114020447 0
117 104 -13 54.924554844999996 115.4046802708577 0
113 101 -12 54.98706912 115.51993658113537 0
112 101 -11 55.067536319999995 115.66907735130624 0
111 122 11 56.60726060499999 118.76647979670938 0
110 114 4 56.097137444999994 117.67658231464853 0
113 105 -8 55.319258805 116.14179218673243 0
122 105 -17 54.72408177999999 115.03843947653608 0
116 104 -12 55.020683919999996 115.58212998143297 0
113 100 -13 54.912680079999994 115.38284549265728 0
113 115 2 55.96549888 117.40748216987649 0
111 105 -6 55.417595379999995 116.32921965723753 0
111 102 -9 55.221409005 115.95687704147824 0
116 104 -12 55.008932845 115.56037073287919 0
112 101 -11 55.05083121999999 115.63804105792745 0
111 100 -11 55.052503124999994 115.64114549953126 0
111 111 0 55.870832244999995 117.2165886990534 0
110 106 -4 55.535340479999995 116.55587295717889 0
111 99 -12 54.95670978 115.46389849101193 0
115 103 -12 55.013970879999995 115.56969723304448 0
111 104 -7 55.33384002 116.16948065388218 0
109 99 -10 55.12741799999999 115.78066058568001 0
111 108 -3 55.676256179999996 116.83056264284569 0
111 103 -8 55.254149604999995 116.01857936610165 0
110 96 -14 54.791377645 115.16083009338992 0
113 101 -12 54.993801999999995 115.53238121384001 0
110 99 -11 55.03911920499999 115.61630488660253 0
107 98 -9 55.153903119999995 115.83018047606336 0
110 102 -8 55.265579519999996 116.04015990288384 0
109 100 -9 55.18030888 115.87965660451648 0
109 97 -12 54.95839904499999 115.4670133268043 0
110 101 -9 55.224688645 115.9630502083931 0
109 108 -1 55.761135204999995 116.99795230132403 0
108 108 0 55.820753919999994 117.11644627767296 0
111 116 5 56.198948245 117.88782871745862 0
114 112 -2 55.694855219999994 116.86711340059945 0
116 107 -9 55.254149604999995 116.01857936610165 0
119 105 -14 54.92285937999999 115.40156159832154 0
116 107 -9 55.227967045 115.96922271971172 0
114 105 -9 55.254149604999995 116.01857936610165 0
113 116 3 56.06335378 117.60709872733594 0
113 114 1 55.916065044999996 117.3075357120423 0
115 106 -9 55.188544404999995 115.89510902614285 0
120 105 -15 54.84282284499999 115.25476282189081 0
116 108 -8 55.293274645 116.09253728962892 0
113 108 -5 55.52269312 116.53140600049664 0
113 126 13 56.711857044999995 119.00083902844172 0
115 119 4 56.114698605 117.71281941485488 0
118 110 -8 55.324121999999996 116.15102305944 0
125 110 -15 54.890586645 115.3422698573671 0
119 110 -9 55.23615762 115.98465113837737 0
116 108 -8 55.319258805 116.14179218673243 0
116 127 11 56.5351125 118.60719707625 0
115 114 -1 55.770338005 117.01619264343077 0
118 111 -7 55.35324258 116.20637936275273 0
122 108 -14 54.912680079999994 115.38284549265728 0
118 111 -7 55.367765205 116.23403911375654 0
116 114 -2 55.724212404999996 116.92495151378267 0
115 130 15 56.7766005 119.14806066927001 0
117 117 0 55.85114471999999 117.17715155403457 0
123 111 -12 55.067536319999995 115.66907735130624 0
124 113 -11 55.132390005 115.78994892944277 0
119 117 -2 55.694855219999994 116.86711340059945 0
117 114 -3 55.637364805 116.75436054636644 0
119 122 3 56.05746162 117.59501059999465 0
120 120 0 55.85114471999999 117.17715155403457 0
121 119 -2 55.735 116.94625 0
124 113 -11 55.14563504499999 115.81471024285023 0
123 123 0 55.85569264499999 117.1862539032451 0
120 120 0 55.85114471999999 117.17715155403457 0
121 127 6 56.24928402 117.99333753221018 0
125 124 -1 55.820753919999994 117.11644627767296 0
126 119 -7 55.393521205 116.28318218502199 0
128 122 -6 55.503684879999994 116.49468950906049 0
124 120 -4 55.617064719999995 116.71470557716545 0
124 120 -4 55.593576445 116.668923832326 0
124 134 10 56.47317112499999 118.47191129878877 0
123 127 4 56.07659300499999 117.63429260848673 0
128 121 -7 55.411182419999996 116.31694619760505 0
131 125 -6 55.489399405 116.46713934637218 0
126 126 0 55.85569264499999 117.1862539032451 0
126 130 4 56.07365312499999 117.62825004671876 0
128 139 11 56.47178751999999 118.46890434678785 0
130 133 3 56.04123260499999 117.56176192896137 0
136 125 -11 55.18030888 115.87965660451648 0
137 131 -6 55.486221445 116.46101558491651 0
130 126 -4 55.64515857999999 116.7696069648913 0
130 125 -5 55.533760644999994 116.55281505227342 0
130 142 12 56.513160819999996 118.55910115253225 0
128 125 -3 55.64515857999999 116.7696069648913 0
133 118 -15 54.938107405 115.42962270273233 0
129 121 -8 55.340312499999996 116.18178265625001 0
124 119 -5 55.549545044999995 116.58338816865772 0
123 116 -7 55.377433005 116.25247221381328 0
123 132 9 56.383995445 118.27940165511453 0
121 127 6 56.232068819999995 117.95717097111626 0
124 125 1 55.888958845 117.25297770187032 0
131 128 -3 55.665386125 116.80923357012625 0
128 127 -1 55.81770802 117.11037352494185 0
128 126 -2 55.74423442 116.96450150249896 0
130 137 7 56.24211644499999 117.97826910358152 0
129 135 6 56.219128125 117.93004071984376 0
133 124 -9 55.348396124999994 116.19715673447627 0
137 128 -9 55.31763712 116.13871492059137 0
129 130 1 55.943070805 117.36206397880045 0
128 125 -3 55.696403124999996 116.87015854203125 0
131 134 3 56.05893512499999 117.59803274577126 0
129 130 1 55.913058205 117.30147519720104 0
131 122 -9 55.306276645 116.1171697207746 0
133 133 0 55.873856445 117.22265449237402 0
127 142 15 56.706539004999996 118.98882122644824 0
129 140 11 56.506284644999994 118.5440699584786 0
139 150 11 56.442660204999996 118.40575146936098 0
142 153 11 56.43013522 118.37868169793946 0
146 141 -5 55.58416160499999 116.65060321405038 0
152 143 -9 55.374211644999995 116.24632844286042 0
144 141 -3 55.724212404999996 116.92495151378267 0
143 141 -2 55.733459845 116.9432076943227 0
143 150 7 56.24928402 117.99333753221018 0
142 145 3 56.005693644999994 117.4891863004581 0
146 139 -7 55.473497204999994 116.43651503183548 0
147 139 -8 55.41438952 116.32308321687617 0
142 139 -3 55.697950719999994 116.87320356806657 0
140 133 -7 55.484632 116.45795349824002 0
140 144 4 56.07806247999999 117.63731377813312 0
136 139 3 56.014595125 117.50733454542876 0
139 133 -6 55.51002592 116.50693049437697 0
141 133 -8 55.383872005 116.26475797507524 0
136 133 -3 55.70722978 116.89147131012808 0
134 130 -4 55.61393697999999 116.7086029653849 0
134 139 5 56.161310125 117.80940328135375 0
132 137 5 56.155501044999994 117.79733402574972 0
135 134 -1 55.796352 117.06785270784002 0
139 136 -3 55.66693992 116.81228093522498 0
136 131 -5 55.568445405 116.62005865722568 0
136 127 -9 55.35970018 116.21867408786169 0
134 137 3 56.055987804999994 117.59198837798408 0
130 138 8 56.29924004499999 118.09877945652272 0
133 135 2 55.952050404999994 117.38023362324319 0
138 135 -3 55.6886605 116.85493167763 0
137 135 -2 55.74423442 116.96450150249896 0
136 125 -11 55.204992204999996 115.92600132707955 0
136 137 1 55.90553568 117.28632229498369 0
129 128 -1 55.81770802 117.11037352494185 0
131 121 -10 55.24597608 116.00315987176128 0
132 123 -9 55.322501245 116.1479462559929 0
126 122 -4 55.579449999999994 116.64144119000001 0
124 121 -3 55.63892418 116.75741007266234 0
124 145 21 57.025624719999996 119.73132092484545 0
123 129 6 56.24641792 117.98731032571905 0
130 125 -5 55.54165671999999 116.56810325569857 0
133 127 -6 55.478271119999995 116.44570377471936 0
128 121 -7 55.393521205 116.28318218502199 0
127 118 -9 55.307900499999995 116.12024807227002 0
125 125 0 55.834445124999995 117.14376862875875 0
122 127 5 56.191726419999995 117.87275015954296 0
123 119 -4 55.612372644999994 116.70555147345492 0
127 119 -8 55.38226272 116.26168675693057 0
124 114 -10 55.20663527999999 115.92908964220993 0
122 114 -8 55.33384002 116.16948065388218 0
120 127 7 56.304925125 118.11082601827876 0
118 121 3 56.0515645 117.58292125291001 0
121 114 -7 55.403159245 116.3016011080944 0
125 116 -9 55.26884242 116.04632432985497 0
120 113 -7 55.399947805 116.29546205231594 0
118 113 -5 55.492576125 116.47326255972376 0
118 120 2 56.01311232 117.50431004135424 0
117 119 2 55.966991605 117.41050935201788 0
119 110 -9 55.270473405 116.04940630404633 0
122 110 -12 55.08421041999999 115.70009569810905 0
118 112 -6 55.428806124999994 116.35069265851376 0
115 111 -4 55.58887041999999 116.65976409335097 0
116 117 1 55.891975605 117.25904120152438 0
116 115 -1 55.76880498 117.01315285619688 0
117 114 -3 55.63580511999999 116.75131089844737 0
119 119 0 55.84659400499999 117.16804831520429 0
118 119 1 55.94456818 117.36509247404634 0
119 118 -1 55.781060499999995 117.03746815237001 0
121 133 12 56.59235808 118.73342481212929 0
121 130 9 56.40640840499999 118.32754237859884 0
125 124 -1 55.767271644999994 117.01011296126792 0
132 119 -13 55.047486479999996 115.63183163124289 0
127 119 -8 55.332221125 116.16640477139876 0
123 120 -3 55.679359119999994 116.83665560342465 0
121 138 17 56.87038337999999 119.36442805019449 0
122 127 5 56.190281125 117.86973426513876 0
128 121 -7 55.438403244999996 116.36909249919361 0
131 124 -7 55.43360608 116.35989322127872 0
125 127 2 55.952050404999994 117.38023362324319 0
124 128 4 56.091273805 117.66450099731745 0
126 143 17 56.828900499999996 119.26825553123001 0
128 134 6 56.193171405 117.87576599278833 0
134 134 0 55.864780124999996 117.20445595050376 0
136 135 -1 55.82836324499999 117.13162637520112 0
134 138 4 56.10738687999999 117.69772186161153 0
135 135 0 55.857208 117.18928782272 0
137 146 9 56.3403445 118.18609996751002 0
136 138 2 55.97892224499999 117.43472371865411 0
140 131 -9 55.33869484499999 116.1787073844652 0
140 133 -7 55.484632 116.45795349824002 0
133 129 -4 55.626440499999994 116.73301044767001 0
132 129 -3 55.66693992 116.81228093522498 0
131 139 8 56.327615845 118.15900465594932 0
129 131 2 55.989345279999995 117.45590682836993 0
134 128 -6 55.48304224499999 116.4548912740459 0
133 125 -8 55.35324258 116.20637936275273 0
129 127 -2 55.719584499999996 116.91582190769 0
126 126 0 55.831404805 117.13769770393358 0
126 140 14 56.690555124999996 118.95276774330875 0
127 128 1 55.894991125 117.26510432348876 0
132 124 -8 55.39673512499999 116.28932241172876 0
130 124 -6 55.48145218 116.45182891217033 0
126 127 1 55.91456178 117.30450550060394 0
125 123 -2 55.74731008 116.97058445238272 0
126 135 9 56.36572647999999 118.24027998955714 0
125 125 0 55.8723445 117.21962164399001 0
128 121 -7 55.452777999999995 116.39668266808002 0
128 122 -6 55.503684879999994 116.49468950906049 0
124 125 1 55.934080044999995 117.34389113571521 0
123 123 0 55.873856445 117.22265449237402 0
125 138 13 56.596426124999994 118.74243997028626 0
125 129 4 56.12784017999999 117.73999062432169 0
129 126 -3 55.64983112499999 116.77875336504876 0
132 125 -7 55.460753125 116.41200560421876 0
127 126 -1 55.771870719999995 117.01923232313345 0
126 126 0 55.88141152 117.23781729174017 0
126 139 13 56.631565644999995 118.82056661074591 0
126 132 6 56.23350512499999 117.96018515844126 0
132 130 -2 55.71495380499999 116.90669128514995 0
134 131 -3 55.685561279999995 116.84884011950592 0
130 131 1 55.9025245 117.28026048461001 0
130 129 -1 55.811612499999995 117.09822678875001 0
130 143 13 56.56652900499999 118.67632564018928 0
130 136 6 56.232068819999995 117.95717097111626 0
134 130 -4 55.642042 116.76350876104001 0
137 131 -6 55.490987919999995 116.47020102147906 0
132 131 -1 55.799406579999996 117.0739283567433 0
130 132 2 55.950554579999995 117.3772055697953 0
130 142 12 56.521401999999995 118.57713780184001 0
131 133 2 55.99529448 117.4680096159149 0
135 131 -4 55.615501005 116.71165433323378 0
135 134 -1 55.82836324499999 117.13162637520112 0
131 133 2 55.955041124999994 117.38628946669876 0
132 131 -1 55.81466087999999 117.10430036240449 0
133 143 10 56.417585124999995 118.35160920245876 0
131 137 6 56.219128125 117.93004071984376 0
136 131 -5 55.59671224499999 116.67502969364662 0
138 133 -5 55.565298444999996 116.61394820510802 0
132 132 0 55.85417698 117.18321988541513 0
131 130 -1 55.822276405 117.11948250077084 0
131 141 10 56.41199924499999 118.33957607661313 0
130 131 1 55.947562 117.37114919864001 0
134 130 -4 55.610808 116.70249985728 0
133 132 -1 55.782591045 117.04050708394222 0
130 136 6 56.213368644999996 117.91798132830692 0
130 134 4 56.085405205 117.65241852054348 0
133 146 13 56.55971328 118.66129854369794 0
134 134 0 55.83292512 117.14073321675265 0
138 130 -8 55.407974079999995 116.31080859811328 0
135 130 -5 55.58416160499999 116.65060321405038 0
130 131 1 55.89348352 117.26207280963584 0
129 130 1 55.92958048 117.33480350362113 0
130 138 8 56.306345619999995 118.11383753777338 0
129 133 4 56.081000499999995 117.64335589577001 0
133 127 -6 55.503684879999994 116.49468950906049 0
133 126 -7 55.46234722 116.41506977086456 0
128 127 -1 55.774935219999996 117.02531136060057 0
126 127 1 55.90553568 117.28632229498369 0
126 133 7 56.265025404999996 118.02648329884184 0
126 126 0 55.84811121999999 117.17108282726744 0
129 120 -9 55.299778124999996 116.10485475609376 0
127 124 -3 55.66693992 116.81228093522498 0
122 123 1 55.89348352 117.26207280963584 0
122 121 -1 55.767271644999994 117.01011296126792 0
123 133 10 56.459321124999995 118.44184046696125 0
122 124 2 55.96549888 117.40748216987649 0
125 121 -4 55.576307379999996 116.63533253580954 0
126 122 -4 55.63112420499999 116.74216122331248 0
122 119 -3 55.690209644999996 116.85797728228641 0
122 117 -5 55.503684879999994 116.49468950906049 0
121 130 9 56.43570498 118.39071303666313 0
119 122 3 56.029406124999994 117.53757515898626 0
122 119 -3 55.640483245 116.7604594774989 0
124 120 -4 55.63580511999999 116.75131089844737 0
120 119 -1 55.810087845 117.0951898473442 0
120 118 -2 55.710320319999994 116.89755964173824 0
120 127 7 56.273595805 118.04456010108458 0
119 122 3 56.07218272 117.62522865426945 0
122 121 -1 55.762669779999996 117.00099262867192 0
123 121 -2 55.718041244999995 116.9127784800004 0
121 120 -1 55.777998479999994 117.03138996990913 0
121 116 -5 55.552698205 116.58950121709898 0
120 139 19 56.973968205 119.60796904686899 0
119 125 6 56.24211644499999 117.97826910358152 0
123 121 -2 55.71495380499999 116.90669128514995 0
126 120 -6 55.460753125 116.41200560421876 0
122 118 -4 55.58887041999999 116.65976409335097 0
120 118 -2 55.710320319999994 116.89755964173824 0
119 127 8 56.344581805 118.19513093801808 0
119 120 1 55.947562 117.37114919864001 0
121 114 -7 55.4208 116.33535552000001 0
122 119 -3 55.63424512499999 116.74826112874126 0
118 116 -2 55.72267007999999 116.9219084244173 0
117 115 -2 55.75192124499999 116.97970805269962 0
118 128 10 56.491129779999994 118.51099913633193 0
117 119 2 56.008662044999994 117.49523604157672 0
120 118 -2 55.705684045 116.88842697303072 0
122 118 -4 55.626440499999994 116.73301044767001 0
119 118 -1 55.81770802 117.11037352494185 0
119 116 -3 55.682460819999996 116.84274809520777 0
119 125 6 56.230632205 117.95415672722048 0
118 122 4 56.14241248 117.77017436722689 0
120 119 -1 55.767271644999994 117.01011296126792 0
123 119 -4 55.59200808 116.66587071243073 0
120 116 -4 55.626440499999994 116.73301044767001 0
119 117 -2 55.735 116.94625 0
118 122 4 56.11031249999999 117.70376109375002 0
118 119 1 55.89348352 117.26207280963584 0
119 117 -2 55.702591645 116.88233795543209 0
120 119 -1 55.784121279999994 117.0435459092941 0
118 127 9 56.400812605 118.31550809792888 0
118 118 0 55.840522045 117.1559092719308 0
122 125 3 56.07365312499999 117.62825004671876 0
120 124 4 56.12200257999999 117.72791522201274 0
121 123 2 55.964005844999996 117.40445490134182 0
123 129 6 56.22919528 117.95114242659008 0
122 127 5 56.140956644999996 117.76715629592542 0
124 124 0 55.85114471999999 117.17715155403457 0
126 134 8 56.337518079999995 118.18007910019074 0
123 131 8 56.3262 118.15599384000001 0
126 124 -2 55.754993805 116.98578990515009 0
129 126 -3 55.69175848 116.86102277089088 0
125 129 4 56.091273805 117.66450099731745 0
124 125 1 55.92958048 117.33480350362113 0
126 138 12 56.56652900499999 118.67632564018928 0
125 129 4 56.12200257999999 117.72791522201274 0
128 130 2 55.998267219999995 117.47406051033545 0
129 130 1 55.94456818 117.36509247404634 0
127 133 6 56.211928 117.91496633408 0
128 130 2 55.955041124999994 117.38628946669876 0
129 141 12 56.55425511999999 118.64927653939264 0
128 134 6 56.21480898 117.92099626383289 0
132 128 -4 55.621754005 116.72385856709573 0
133 131 -2 55.758065124999995 116.99187132092126 0
127 132 5 56.15259464499999 117.7912990070711 0
127 131 4 56.079531644999996 117.6403348738396 0
129 143 14 56.643680499999995 118.84760879857001 0
128 136 8 56.31628040499999 118.13491683801068 0
133 132 -1 55.81770802 117.11037352494185 0
134 132 -2 55.764204045 117.0040328476693 0
130 133 3 56.026446404999994 117.53152767629668 0
129 127 -2 55.72267007999999 116.9219084244173 0
129 141 12 56.52414657999999 118.5831498340033 0
126 133 7 56.266454579999994 118.02949623026473 0
130 128 -2 55.730378605 116.93712274841263 0
132 126 -6 55.508441125 116.50387045080126 0
127 126 -1 55.788710124999994 117.05266174966626 0
124 123 -1 55.796352 117.06785270784002 0
124 136 12 56.558349205 118.65829307037254 0
122 130 8 56.327615845 118.15900465594932 0
126 123 -3 55.642042 116.76350876104001 0
128 126 -2 55.733459845 116.9432076943227 0
123 125 2 55.952050404999994 117.38023362324319 0
122 124 2 56.01311232 117.50431004135424 0
123 138 15 56.756860124999996 119.10299159039626 0
122 133 11 56.54332391999999 118.62523161391297 0
127 127 0 55.843558644999995 117.16197899289942 0
131 131 0 55.867806804999994 117.21052251886694 0
126 133 7 56.27930320499999 118.05661026401854 0
126 132 6 56.201834805 117.89385971710108 0
129 141 12 56.53785087999999 118.61320867176448 0
129 134 5 56.13367282 117.75206493273177 0
132 130 -2 55.750384499999996 116.97666696231 0
132 134 2 55.974450579999996 117.42564397256072 0
128 136 8 56.350227204999996 118.20717162203204 0
129 134 5 56.175811124999996 117.83957192131126 0
131 146 15 56.68655217999999 118.94375433108969 0
131 142 11 56.49664498 118.52302524825689 0
135 136 1 55.91155431999999 117.29844480166977 0
139 135 -4 55.62956328 116.73911108726209 0
134 133 -1 55.81466087999999 117.10430036240449 0
131 130 -1 55.796352 117.06785270784002 0
130 135 5 56.15259464499999 117.7912990070711 0
127 132 5 56.148232719999996 117.78224598677056 0
129 125 -4 55.637364805 116.75436054636644 0
129 130 1 55.922075004999996 117.31965564142777 0
124 130 6 56.22344448 117.93908465344514 0
124 127 3 56.04566242 117.57083067559498 0
126 140 14 56.65174312 118.86563655334336 0
125 132 7 56.28927922 118.07769608567145 0
129 128 -1 55.825320444999996 117.1255546412505 0
130 131 1 55.92958048 117.33480350362113 0
126 127 1 55.93557928 117.34692016652609 0
126 131 5 56.13367282 117.75206493273177 0
125 139 14 56.671850844999994 118.91070490180682 0
125 132 7 56.272168179999994 118.04154743121369 0
130 132 2 55.94905844499999 117.37417742831552 0
130 134 4 56.094206244999995 117.6705418002579 0
127 134 7 56.244984405 117.98429664015718 0
128 132 4 56.067769645 117.61616402869392 0
129 146 17 56.809346125 119.22318023272626 0
128 137 9 56.39381088 118.30046441175553 0
133 132 -1 55.813136844999995 117.10126362704881 0
134 134 0 55.84659400499999 117.16804831520429 0
129 131 2 55.961018845 117.3984001044372 0
128 129 1 55.928080005 117.33177411248974 0
127 136 9 56.367133644999996 118.2432895908656 0
126 131 5 56.17725951999999 117.84258843631616 0
128 129 1 55.90854562 117.29238373356665 0
128 127 -1 55.773403124999994 117.02227189546876 0
125 126 1 55.916065044999996 117.3075357120423 0
124 126 2 55.972959405 117.42261721992784 0
123 135 12 56.596426124999994 118.74243997028626 0
122 130 8 56.34881632 118.20416151589377 0
126 126 0 55.837484204999996 117.14983915098753 0
127 123 -4 55.642042 116.76350876104001 0
123 124 1 55.937078205 117.34994910766648 0
121 125 4 56.116160019999995 117.71583871531784 0
121 135 14 56.685217245 118.94074985491912 0
121 129 8 56.344581805 118.19513093801808 0
125 126 1 55.90553568 117.28632229498369 0
126 129 3 56.019041679999994 117.51640757239232 0
123 124 1 55.92958048 117.33480350362113 0
123 124 1 55.916065044999996 117.3075357120423 0
122 134 12 56.59507042 118.73943493158905 0
121 126 5 56.149687005 117.78526372606024 0
124 123 -1 55.790239119999995 117.05570015177537 0
124 123 -1 55.790239119999995 117.05570015177537 0
120 123 3 56.032364605 117.54362232428664 0
120 121 1 55.91456178 117.30450550060394 0
120 130 10 56.49940072 118.52903814897346 0
119 121 2 55.958030605 117.39234495999314 0
121 122 1 55.904030244999994 117.28329143635261 0
120 121 1 55.91155431999999 117.29844480166977 0
118 121 3 56.053039244999994 117.58594370460563 0
118 117 -1 55.765738 117.00707295848001 0
