87 71 -16 56.61807524499999 118.79051882361762 0
81 71 -10 57.080481279999994 119.86377385582593 0
78 71 -7 57.41089192 120.69726405255105 0
77 77 0 58.07661922 122.63172469169146 0
77 73 -4 57.64647202 121.33597982717384 0
78 71 -7 57.39701728 120.66090367927809 0
82 73 -9 57.261788204999995 120.31307044697104 0
78 72 -6 57.48640449999999 120.89749190021001 0
77 71 -6 57.51578111999999 120.97649053863937 0
79 79 0 58.042862244999995 122.5225943691059 0
78 78 0 58.064125245 122.59116295115513 0
78 74 -4 57.685484499999994 121.44599402219 0
84 75 -9 57.22944449999999 120.23155197699 0
82 73 -9 57.26775298 120.32817210232889 0
80 72 -8 57.336377999999996 120.50348914392 0
80 81 1 58.164471205 122.92288364925054 0
79 74 -5 57.643202845 121.32681950975082 0
79 74 -5 57.56279298 121.10425864877112 0
84 72 -12 57.0080445 119.68919375901001 0
80 73 -7 57.44767272 120.79429096645057 0
79 73 -6 57.50902049999999 120.95825373147002 0
78 77 -1 57.989048319999995 122.35157150388225 0
79 75 -4 57.69194752 121.46434625417217 0
79 73 -6 57.478459605 120.87623509356838 0
82 74 -8 57.323443045 120.4702191232338 0
80 76 -4 57.731556205 121.57762616374448 0
79 74 -5 57.624624819999994 121.27493241270426 0
80 84 4 58.398400499999994 123.75658168977002 0
81 82 1 58.15048288 122.87580253557249 0
81 74 -7 57.477323379999994 120.87319881705449 0
88 75 -13 56.89229204499999 119.4155277378533 0
85 77 -8 57.405116245 120.6821122937879 0
80 77 -3 57.83751682 121.88784900692025 0
81 89 8 58.65561088 124.8015437092045 0
83 85 2 58.188552404999996 123.00460370292268 0
85 80 -5 57.68116962 121.43376186008138 0
92 80 -12 57.12 119.96016 0
88 81 -7 57.507892645 120.9552146377826 0
85 81 -4 57.744311124999996 121.61440632224875 0
86 89 3 58.29343844499999 123.371014340252 0
86 92 6 58.49476402 124.12970571597018 0
88 86 -2 57.93329247999999 122.17800159181313 0
94 86 -8 57.431620179999996 120.7518296872417 0
93 87 -6 57.60044968 121.2078373442797 0
91 86 -5 57.67684978 121.42153181310809 0
91 92 1 58.139241999999996 122.83817145704 0
91 90 -1 57.99102162 122.35778075776537 0
92 82 -10 57.218613045 120.20439021673371 0
95 82 -13 57.024371005 119.72831158620377 0
91 83 -8 57.39933282 120.66696282808826 0
87 84 -3 57.8022 121.78324776000001 0
87 92 5 58.419521124999996 123.83669854260125 0
88 89 1 58.123241005 122.78491161917378 0
90 82 -8 57.398175204999994 120.66393320831348 0
95 83 -12 57.11261441999999 119.94208366018105 0
90 83 -7 57.50224872 120.94002076311745 0
87 84 -3 57.85504084499999 121.94021704773682 0
88 91 3 58.246936405 123.20638672191083 0
88 91 3 58.26492100499999 123.26963153500624 0
91 85 -6 57.624624819999994 121.27493241270426 0
95 88 -7 57.55388049999999 121.07990666543 0
93 89 -4 57.771793644999995 121.69416712409442 0
91 86 -5 57.69839938 121.48270330419848 0
93 95 2 58.218815219999996 123.10853524996057 0
92 92 0 58.085238204999996 122.65982525663898 0
93 90 -3 57.813665244999996 121.81706994314763 0
97 90 -7 57.530390845 121.0160169587532 0
95 90 -5 57.668195219999994 121.39707802261945 0
94 90 -4 57.780207645 121.71872864844009 0
94 96 2 58.206017679999995 123.06441406943169 0
94 96 2 58.201432405 123.04866690165734 0
96 95 -1 58.011666405 122.42302197114334 0
100 94 -6 57.620240499999994 121.26272890817 0
99 94 -5 57.71982498 121.54392872237689 0
98 92 -6 57.627909804999994 121.28408633912144 0
98 99 1 58.160747805 122.91032406615659 0
97 102 5 58.398400499999994 123.75658168977002 0
99 94 -5 57.73474912 121.58681930369536 0
104 94 -10 57.34810449999999 120.53374322729002 0
100 99 -1 57.992007805 122.36088565665594 0
98 96 -2 57.95630984499999 122.24922237962983 0
100 102 2 58.208765125 123.07386498942127 0
101 103 2 58.18208962 122.98258795422137 0
102 100 -2 57.961291919999994 122.26471738408898 0
105 99 -6 57.68009012499999 121.43070415045376 0
104 99 -5 57.718756645 121.54086615046292 0
103 97 -6 57.65517618 121.36041293822569 0
102 102 0 58.08619431999999 122.66294852569024 0
101 108 7 58.47844721999999 124.06511892756457 0
103 100 -3 57.90302337999999 122.08524122890553 0
108 100 -8 57.52477792 121.00081231419905 0
105 102 -3 57.874520499999996 121.99880052953 0
103 94 -9 57.46936112499999 120.85194772956126 0
104 103 -1 57.985097999999994 122.33915516712001 0
100 100 0 58.07085927999999 122.61299979891393 0
101 94 -7 57.56390564499999 121.1073031602141 0
104 95 -9 57.44767272 120.79429096645057 0
99 92 -7 57.54941681999999 121.06773339551977 0
98 91 -7 57.55388049999999 121.07990666543 0
97 101 4 58.3119805 123.43767684907002 0
95 99 4 58.346053045 123.5617579359638 0
98 94 -4 57.75173088 121.63587083048449 0
103 95 -8 57.519157244999995 120.9856103928409 0
99 95 -4 57.78755362 121.74022771970937 0
98 92 -6 57.60265362 121.21393446833065 0
99 99 0 58.037037205 122.50390988337548 0
97 99 2 58.22428128 123.12745754193409 0
98 92 -6 57.649738404999994 121.34514128716884 0
102 95 -7 57.54718311999999 121.06164743641665 0
98 94 -4 57.790697245 121.7494438328484 0
97 92 -5 57.7069845 121.50718692681001 0
98 94 -4 57.811583445 121.810919087587 0
97 98 1 58.145804604999995 122.86011928605913 0
97 89 -8 57.455676204999996 120.81552876517698 0
100 91 -9 57.388903125 120.63969950296875 0
96 88 -8 57.451104645 120.8033922902011 0
94 86 -8 57.47049951999999 120.85498329519616 0
94 95 1 58.138303244999996 122.8350368805589 0
92 96 4 58.3119805 123.43767684907002 0
93 88 -5 57.697324845 121.47964345977232 0
99 88 -11 57.270136719999996 120.33421327118145 0
95 88 -7 57.56056672 121.09816996921856 0
93 86 -7 57.539355404999995 121.04035010541185 0
93 93 0 58.038980124999995 122.51013728731627 0
92 93 1 58.14486802 122.85698326001818 0
93 89 -4 57.761248245 121.66347835999612 0
97 90 -7 57.521406445 120.99169083591153 0
95 87 -8 57.42702258 120.73970135053273 0
93 85 -8 57.476186844999994 120.87016264258632 0
93 96 3 58.248740444999996 123.2127071179105 0
91 89 -2 57.910111125 122.10687171268876 0
93 85 -8 57.44996098 120.80035841755912 0
96 86 -10 57.304561604999996 120.42184364138788 0
92 86 -6 57.56279298 121.10425864877112 0
90 84 -6 57.565017999999995 121.11034778632002 0
90 92 2 58.175611645 122.9605826976921 0
90 85 -5 57.695174845 121.4735241747177 0
90 80 -10 57.23064644499999 120.23457028470402 0
93 84 -9 57.318730124999995 120.45812335293375 0
88 83 -5 57.641021845 121.3207132640462 0
86 78 -8 57.423571124999995 120.73060609435126 0
88 91 3 58.261334004999995 123.25697528514428 0
87 86 -1 57.960296125 122.26161803097627 0
86 81 -5 57.621337045 121.26577959936422 0
93 79 -14 56.914111119999994 119.46663404399936 0
89 77 -12 57.01055967999999 119.69521146131969 0
85 76 -9 57.314012244999994 120.44602885618411 0
84 80 -4 57.75173088 121.63587083048449 0
82 82 0 58.058341125 122.57245320730127 0
83 82 -1 57.952318604999995 122.23682953818513 0
86 80 -6 57.534875604999996 121.02818264886187 0
87 78 -9 57.259400125 120.30703028809626 0
86 76 -10 57.212584719999995 120.18930266171456 0
85 83 -2 57.928267004999995 122.16253091017978 0
83 82 -1 57.970240125 122.29261952148376 0
83 77 -6 57.512402205 120.96737165299048 0
88 77 -11 57.07676012499999 119.85474022208376 0
86 75 -11 57.11261441999999 119.94208366018105 0
82 74 -8 57.351616404999994 120.54282107686669 0
82 81 -1 57.97123282 122.29572064635178 0
81 79 -2 57.877586005 122.00805588155629 0
81 73 -8 57.31283199999999 120.44300542976 0
86 74 -12 57.036894204999996 119.75840679708247 0
83 75 -8 57.328151004999995 120.48231617757128 0
79 75 -4 57.705912444999996 121.504125999254 0
81 79 -2 57.883708645 122.0265709866531 0
81 77 -4 57.66927812499999 121.40013428890626 0
82 74 -8 57.34810449999999 120.53374322729002 0
84 78 -6 57.539355404999995 121.04035010541185 0
82 85 3 58.30757812499999 123.42179537109376 0
81 76 -5 57.604856319999996 121.22003207397377 0
85 87 2 58.22610082 123.13376674415225 0
87 86 -1 57.980153124999994 122.32363880328126 0
83 80 -3 57.79802152 121.77095332206017 0
91 79 -12 57.07676012499999 119.85474022208376 0
88 78 -10 57.194453245 120.14404966673112 0
85 77 -8 57.346933244999995 120.5307174450364 0
84 87 3 58.29255207999999 123.36784252417473 0
83 84 1 58.17283071999999 122.95115507142657 0
84 79 -5 57.60375512499999 121.21698321087126 0
91 77 -14 56.905137644999996 119.4455894177176 0
87 80 -7 57.467083405 120.84587690082368 0
84 78 -6 57.580558419999996 121.15298468317306 0
83 92 9 58.702175125 125.00954281197126 0
85 85 0 58.064125245 122.59116295115513 0
86 82 -4 57.73474912 121.58681930369536 0
93 83 -10 57.284413119999996 120.37046645198336 0
89 84 -5 57.679010319999996 121.42764657285825 0
87 80 -7 57.476186844999994 120.87016264258632 0
88 86 -2 57.90909952 122.10378114064386 0
88 81 -7 57.46936112499999 120.85194772956126 0
86 77 -9 57.242648845 120.26475709980032 0
89 79 -10 57.237851604999996 120.25268155361965 0
85 78 -7 57.49998898 120.93394395395289 0
83 79 -4 57.725162005 121.55924365664774 0
84 88 4 58.32863884499999 123.4980808402972 0
84 84 0 58.03412049999999 122.49457019497001 0
86 79 -7 57.47049951999999 120.85498329519616 0
91 78 -13 56.986615404999995 119.63804926379568 0
87 80 -7 57.496597045 120.9248295297183 0
84 79 -5 57.604856319999996 121.22003207397377 0
84 93 9 58.66755328 124.85425187233793 0
85 90 5 58.45539538 123.97487846153754 0
86 85 -1 57.99397924499999 122.3670959991544 0
96 86 -10 57.266560645 120.32515162681092 0
92 84 -8 57.409737404999994 120.69423351637019 0
90 84 -6 57.56168000499999 121.10121425182724 0
90 89 -1 58.003817845 122.3981586485967 0
89 85 -4 57.790697245 121.7494438328484 0
90 79 -11 57.15309700499999 120.04152745566275 0
92 80 -12 57.11507751999999 119.94810889873216 0
88 82 -6 57.534875604999996 121.02818264886187 0
85 81 -4 57.703767404999994 121.49800455187234 0
86 89 3 58.31022048 123.43132354586112 0
86 87 1 58.104301604999996 122.72232833279038 0
88 83 -5 57.677930204999996 121.42458912713099 0
92 85 -7 57.552765044999994 121.0768631785798 0
90 89 -1 57.99397924499999 122.3670959991544 0
89 93 4 58.35903232 123.60957976551424 0
91 99 8 58.612421125 124.61440466346127 0
95 98 3 58.299634319999996 123.39322362182978 0
99 90 -9 57.440800499999995 120.77609095473001 0
102 88 -14 56.99040352 119.64707400444418 0
97 90 -7 57.54941681999999 121.06773339551977 0
93 92 -1 57.96726018 122.2833172137017 0
93 100 7 58.502875919999994 124.16203999557698 0
95 95 0 58.056410604999996 122.56621816904689 0
99 91 -8 57.522530579999994 120.99473122001929 0
100 92 -8 57.522530579999994 120.99473122001929 0
97 92 -5 57.713410319999994 121.52555535658178 0
96 92 -4 57.76547012499999 121.67575212263375 0
96 97 1 58.10240084499999 122.71607443734432 0
96 99 3 58.26939777999999 123.28545700190008 0
98 89 -9 57.420116879999995 120.72151168726849 0
101 90 -11 57.252228445 120.288911519922 0
96 91 -5 57.740064445 121.60214401357752 0
94 89 -5 57.668195219999994 121.39707802261945 0
95 97 2 58.229736179999996 123.14638781379432 0
94 95 1 58.15981617999999 122.90718469668569 0
96 90 -6 57.584987379999994 121.16517085038953 0
100 93 -7 57.569464319999994 121.12252744065026 0
96 92 -4 57.740064445 121.60214401357752 0
95 91 -4 57.80011137999999 121.77710023993353 0
96 100 4 58.345185279999995 123.55857177300993 0
95 96 1 58.110944499999995 122.74422329201 0
98 92 -6 57.59714144499999 121.198692558321 0
101 91 -10 57.31047057999999 120.43695881308074 0
97 137 40 59.552192444999996 133.02896619063353 0.052053669019916204
95 160 65 59.16124648 142.2883383270829 0.1817674241013569
103 128 25 59.230332444999995 128.116254571914 0
135 105 -30 56.27930320499999 118.05661026401854 0
105 99 -6 57.70054751999999 121.48882339766786 0
100 97 -3 57.879628124999996 122.01422693015627 0
104 96 -8 57.54941681999999 121.06773339551977 0
102 96 -6 57.65952082 121.37263256682778 0
100 104 4 58.347787645 123.56813099437241 0
100 95 -5 57.715549779999996 121.53167926165193 0
103 91 -12 57.170169445 120.08373413891252 0
100 90 -10 57.36446952 120.57611304120385 0
96 91 -5 57.68224880499999 121.43681970190494 0
95 88 -7 57.534875604999996 121.02818264886187 0
95 101 6 58.474348645 124.04898914656692 0
94 94 0 58.07278049999999 122.61924064893 0
96 93 -3 57.872475279999996 121.99263110684993 0
100 90 -10 57.332854004999994 120.49441452643323 0
97 91 -6 57.61804648 121.25662789467714 0
96 90 -6 57.60265362 121.21393446833065 0
94 94 0 58.06123457999999 122.58180721004473 0
94 98 4 58.31637512499999 123.45356427009126 0
95 90 -5 57.723028125 121.55311726734377 0
99 91 -8 57.487538244999996 120.90052899898862 0
97 89 -8 57.452248 120.80642626112001 0
95 87 -8 57.415506879999995 120.70938712433153 0
94 94 0 58.051578879999994 122.55063393636354 0
92 92 0 58.067975125 122.60363998440876 0
93 88 -5 57.68332767999999 121.43987767608834 0
97 90 -7 57.55388049999999 121.07990666543 0
94 88 -6 57.653001999999994 121.35430389416001 0
93 85 -8 57.475049999999996 120.86712657000001 0
94 93 -1 57.985097999999994 122.33915516712001 0
92 90 -2 57.952318604999995 122.23682953818513 0
92 85 -7 57.50111900499999 120.93698230579179 0
96 87 -9 57.370299445 120.591249178655 0
92 86 -6 57.570575125 121.12557264252877 0
90 83 -7 57.514655125 120.97345080269126 0
91 98 7 58.511763204999994 124.19763944355854 0
89 91 2 58.176537999999994 122.96372566552 0
91 82 -9 57.31755112 120.45509960976065 0
97 84 -13 57.079241204999995 119.86076259748054 0
90 83 -7 57.539355404999995 121.04035010541185 0
88 82 -6 57.592726125 121.18650118371376 0
89 88 -1 57.987073779999996 122.34536297410409 0
88 91 3 58.281001124999996 123.32663016016127 0
89 84 -5 57.677930204999996 121.42458912713099 0
93 85 -8 57.451104645 120.8033922902011 0
92 84 -8 57.448817004999995 120.79732464303024 0
89 81 -8 57.400490125 120.66999253876627 0
89 94 5 58.417838605 123.83028328959489 0
88 86 -2 57.915164499999996 122.12232709741002 0
89 80 -9 57.295091125 120.39766339494875 0
93 80 -13 57.033140499999995 119.74937780467002 0
88 81 -7 57.480731125 120.88230795338876 0
85 80 -5 57.604856319999996 121.22003207397377 0
86 86 0 58.06316199999999 122.58804417736 0
86 87 1 58.175611645 122.9605826976921 0
86 80 -6 57.57723344499999 121.14384628810302 0
91 81 -10 57.254620245 120.29495082588262 0
89 79 -10 57.23064644499999 120.23457028470402 0
86 80 -6 57.542711999999995 121.04947686336001 0
86 83 -3 57.821980045 121.8416794856373 0
85 80 -5 57.642112499999996 121.32376632375001 0
86 79 -7 57.471637605 120.85801896189363 0
87 81 -6 57.59603808 121.19564453571073 0
85 83 -2 57.894904499999996 122.06053068879001 0
85 82 -3 57.849896019999996 121.92480994185416 0
87 86 -1 57.965272 122.27711656256001 0
88 83 -5 57.66927812499999 121.40013428890626 0
88 78 -10 57.198085119999995 120.15309912203264 0
89 78 -11 57.160421205 120.05961464035948 0
86 79 -7 57.51578111999999 120.97649053863937 0
84 79 -5 57.645382604999995 121.33292626129888 0
84 89 5 58.432936645 123.88805785818542 0
85 88 3 58.29343844499999 123.371014340252 0
86 81 -5 57.66060620499999 121.37568779586553 0
93 81 -12 57.12491752 119.97221194222786 0
89 82 -7 57.51803217999999 120.98257033355033 0
86 83 -3 57.83751682 121.88784900692025 0
87 91 4 58.336490579999996 123.52672353360073 0
87 90 3 58.291665404999996 123.36467094221433 0
90 87 -3 57.8126245 121.81399443911002 0
94 83 -11 57.17868288 120.10484180938752 0
93 88 -5 57.711269619999996 121.51943199995866 0
90 84 -6 57.599347245 121.20478896244163 0
89 91 2 58.21607800499999 123.09907708537078 0
91 88 -3 57.875542644999996 122.00188548430742 0
91 80 -11 57.14576164499999 120.02344232239793 0
94 81 -13 56.98029568 119.62300872773633 0
89 83 -6 57.588305844999994 121.17431171187933 0
85 83 -2 57.905049999999996 122.09142053000001 0
86 91 5 58.437112719999995 123.90412130613058 0
88 87 -1 58.003817845 122.3981586485967 0
90 82 -8 57.402803805 120.67605223348744 0
93 85 -8 57.440800499999995 120.77609095473001 0
89 87 -2 57.908087605 122.10069073651638 0
88 87 -1 57.974209044999995 122.30502509007181 0
90 92 2 58.210595205 123.08016669686404 0
91 87 -4 57.783357779999996 121.72794164824009 0
93 84 -9 57.383098 120.62455634888002 0
94 86 -8 57.481866419999996 120.88534453702297 0
90 84 -6 57.61365472 121.24442733868545 0
90 82 -8 57.42587240499999 120.73666950385484 0
90 94 4 58.323390405 123.47899655638318 0
88 89 1 58.12607121999999 122.79430611129257 0
90 85 -5 57.651914444999996 121.35124956411249 0
95 85 -10 57.26298177999999 120.31609063392393 0
91 79 -12 57.041894805 119.77044603653644 0
89 83 -6 57.609258 121.23222873528002 0
87 93 6 58.457049999999995 123.98131727 0
85 90 5 58.44627280499999 123.93948394524094 0
90 88 -2 57.875542644999996 122.00188548430742 0
95 88 -7 57.56390564499999 121.1073031602141 0
93 90 -3 57.821980045 121.8416794856373 0
92 88 -4 57.769687045 121.6880282075258 0
93 99 6 58.462006419999994 124.00064007450297 0
93 92 -1 58.000869519999995 122.38883793463617 0
95 94 -1 57.99397924499999 122.3670959991544 0
98 93 -5 57.744311124999996 121.61440632224875 0
97 94 -3 57.825092979999994 121.85091060038889 0
97 93 -4 57.809500404999994 121.80476884142934 0
97 102 5 58.40433380499999 123.77899828965744 0
97 94 -3 57.85504084499999 121.94021704773682 0
100 91 -9 57.37844832 120.61244342155777 0
99 92 -7 57.55611048 121.08599397885888 0
96 90 -6 57.59162152 121.18345363777985 0
95 90 -5 57.68116962 121.43376186008138 0
95 99 4 58.309340004999996 123.42814725042975 0
94 93 -1 58.007744605 122.41058883675338 0
97 90 -7 57.55611048 121.08599397885888 0
98 94 -4 57.81054208 121.80784388841474 0
95 94 -1 57.96924711999999 122.28951857452864 0
96 90 -6 57.629004179999995 121.28713789604234 0
97 98 1 58.132664205 122.81623375085249 0
95 92 -3 57.864281999999996 121.96795988376002 0
97 91 -6 57.593830419999996 121.18954884857098 0
98 94 -4 57.805330604999995 121.79247017207938 0
95 99 4 58.31549681999999 123.45038630946026 0
96 95 -1 58.000869519999995 122.38883793463617 0
100 102 2 58.19867752 123.03922121310785 0
100 94 -6 57.620240499999994 121.26272890817 0
101 96 -5 57.71982498 121.54392872237689 0
99 99 0 58.042862244999995 122.5225943691059 0
98 97 -1 58.028278719999996 122.47589590495745 0
101 93 -8 57.477323379999994 120.87319881705449 0
101 100 -1 58.011666405 122.42302197114334 0
98 97 -1 58.007744605 122.41058883675338 0
99 89 -10 57.316371804999996 120.45207594602059 0
101 90 -11 57.273710005 120.34327557145974 0
95 88 -7 57.543830244999995 121.05251933889012 0
93 90 -3 57.852983845 121.9340537288322 0
93 97 4 58.368506124999996 123.64468433548626 0
93 89 -4 57.760191999999996 121.66041028096001 0
96 89 -7 57.541593445 121.0464344993795 0
95 88 -7 57.542711999999995 121.04947686336001 0
93 85 -8 57.456818319999996 120.81856313084225 0
93 84 -9 57.36680242 120.58216723707497 0
91 95 4 58.361619805 123.61915077112394 0
89 91 2 58.1857845 122.99516709369001 0
91 89 -2 57.93831020499999 122.19347656969848 0
96 92 -4 57.744311124999996 121.61440632224875 0
94 88 -6 57.626815119999996 121.28103490636738 0
94 87 -7 57.54494818 121.05556192613369 0
94 98 4 58.314618204999995 123.44720858720649 0
92 93 1 58.107150419999996 122.73171068031097 0
94 89 -5 57.725162005 121.55924365664774 0
98 89 -9 57.402803805 120.67605223348744 0
95 90 -5 57.70054751999999 121.48882339766786 0
93 87 -6 57.61475312499999 121.24747729421877 0
93 96 3 58.282781605 123.33296796298964 0
92 91 -1 57.98608604499999 122.34225898034472 0
94 88 -6 57.61145698 121.23832779356489 0
96 90 -6 57.588305844999994 121.17431171187933 0
93 91 -2 57.920210125 122.13778670464626 0
93 89 -4 57.79593042 121.76480700506906 0
94 93 -1 57.980153124999994 122.32363880328126 0
94 87 -7 57.541593445 121.0464344993795 0
94 85 -9 57.388903125 120.63969950296875 0
93 85 -8 57.451104645 120.8033922902011 0
91 82 -9 57.33402898 120.49743931714713 0
90 83 -7 57.476186844999994 120.87016264258632 0
88 98 10 58.743956004999994 125.20214612452628 0
87 87 0 58.090970244999994 122.6785678354074 0
91 88 -3 57.83131048 121.86937700530113 0
94 87 -7 57.514655125 120.97345080269126 0
92 85 -7 57.48640449999999 120.89749190021001 0
91 82 -9 57.36096784499999 120.56703239189332 0
90 90 0 58.036065279999995 122.5007964650701 0
88 82 -6 57.584987379999994 121.16517085038953 0
89 80 -9 57.27490048 120.34629648474113 0
90 82 -8 57.38774272 120.63667069394945 0
86 80 -6 57.57723344499999 121.14384628810302 0
85 81 -4 57.716619044999995 121.5347414202643 0
86 89 3 58.31637512499999 123.45356427009126 0
86 85 -1 57.996934079999996 122.37641287715329 0
88 80 -8 57.44309248 120.78215723634689 0
91 81 -10 57.277280499999996 120.35233853207001 0
88 79 -9 57.286788179999995 120.37650968896634 0
86 79 -7 57.457960125 120.82159759560375 0
86 87 1 58.136424805 122.82876834670644 0
84 85 1 58.119463044999996 122.7723884821563 0
86 79 -7 57.429322 120.74576532856001 0
90 79 -11 57.123688605 119.96919887725738 0
87 78 -9 57.29864488 120.40673041045953 0
84 77 -7 57.440800499999995 120.77609095473001 0
84 81 -3 57.849896019999996 121.92480994185416 0
84 80 -4 57.747492879999996 121.62360454274753 0
84 79 -5 57.668195219999994 121.39707802261945 0
86 81 -5 57.639930879999994 121.31766033047553 0
85 88 3 58.291665404999996 123.36467094221433 0
85 80 -5 57.630098245 121.2901895772939 0
88 86 -2 57.90909952 122.10378114064386 0
88 84 -4 57.72729464499999 121.5653706016086 0
86 85 -1 57.97321728 122.30192343048193 0
89 83 -6 57.61035764499999 121.23527820364993 0
89 82 -7 57.53599602 121.03122434698585 0
89 83 -6 57.61475312499999 121.24747729421877 0
88 93 5 58.40009728 123.76298515959809 0
87 87 0 58.06508818 122.59428191859368 0
90 83 -7 57.54494818 121.05556192613369 0
93 86 -7 57.483001404999996 120.88838122335834 0
90 88 -2 57.934296644999996 122.1810962430346 0
89 87 -2 57.93329247999999 122.17800159181313 0
91 98 7 58.502875919999994 124.16203999557698 0
92 92 0 58.069898205 122.60987966617354 0
94 91 -3 57.864281999999996 121.96795988376002 0
97 89 -8 57.44309248 120.78215723634689 0
95 94 -1 58.01851762 122.44478707724265 0
93 90 -3 57.828203124999995 121.86014310546877 0
94 100 6 58.46448044499999 124.010305073118 0
95 89 -6 57.638839604999994 121.31460752287414 0
97 86 -11 57.19929512499999 120.15611573300876 0
95 86 -9 57.408582579999994 120.69120307256729 0
91 86 -5 57.716619044999995 121.5347414202643 0
90 88 -2 57.87860721999999 122.01114132435545 0
90 100 10 58.714529279999994 125.06588353732609 0
91 98 7 58.519810005 124.23003161079724 0
95 92 -3 57.827166719999994 121.85706544902146 0
101 93 -8 57.478459605 120.87623509356838 0
97 92 -5 57.73793924499999 121.59601370714691 0
95 90 -5 57.68009012499999 121.43070415045376 0
96 102 6 58.456222845 123.9780977330617 0
94 96 2 58.19867752 123.03922121310785 0
97 90 -7 57.548300125 121.06469035978375 0
100 89 -11 57.240250845 120.2587191891457 0
95 89 -6 57.631192 121.29324138304001 0
93 89 -4 57.76652482 121.67882092573576 0
93 101 8 58.58384658 124.49344774635674 0
93 92 -1 58.009706124999994 122.41680503501377 0
96 88 -8 57.476186844999994 120.87016264258632 0
97 89 -8 57.49998898 120.93394395395289 0
93 93 0 58.03995112 122.51325127327937 0
92 95 3 58.255044819999995 123.23483563427577 0
94 107 13 58.8385045 125.66150993471001 0
97 100 3 58.294324499999995 123.37418639061002 0
102 97 -5 57.69839938 121.48270330419848 0
104 97 -7 57.625720124999994 121.27798359761627 0
101 99 -2 57.92323378 122.14706450431592 0
100 98 -2 57.92927271999999 122.16562470378945 0
101 108 7 58.519810005 124.23003161079724 0
101 104 3 58.26581698 123.27279616965514 0
105 104 -1 57.989048319999995 122.35157150388225 0
108 103 -5 57.75596391999999 121.64813940639297 0
106 102 -4 57.79174449999999 121.75251616849 0
106 102 -4 57.79906660499999 121.77402670580464 0
105 110 5 58.378798405 123.68301451297134 0
104 100 -4 57.823018 121.84475636968001 0
108 93 -15 56.99923160499999 119.66813298342038 0
104 94 -10 57.374957804999994 120.60335965015409 0
98 93 -5 57.679010319999996 121.42764657285825 0
96 92 -4 57.74855284499999 121.6266709007392 0
96 109 13 58.832471845 125.63113623498131 0
95 98 3 58.286338844999996 123.34564635773032 0
100 96 -4 57.80428737999999 121.78939588357049 0
102 95 -7 57.58941138 121.1773589020265 0
100 94 -6 57.67684978 121.42153181310809 0
98 93 -5 57.679010319999996 121.42764657285825 0
97 102 5 58.37451537999999 123.66703924100248 0
96 94 -2 57.961291919999994 122.26471738408898 0
99 91 -8 57.455676204999996 120.81552876517698 0
99 92 -7 57.56279298 121.10425864877112 0
95 92 -3 57.813665244999996 121.81706994314763 0
94 89 -5 57.68224880499999 121.43681970190494 0
95 98 3 58.238802879999994 123.17795609610752 0
93 95 2 58.229736179999996 123.14638781379432 0
95 89 -6 57.64864992 121.34208733994497 0
99 92 -7 57.55722500499999 121.08903780576529 0
95 93 -2 57.930278124999994 122.16871866859375 0
94 96 2 58.19315938 123.02033569262153 0
95 103 8 58.55168720499999 124.35988011357205 0
97 97 0 58.095738419999996 122.69419210091306 0
101 91 -10 57.30574402 120.42486651980985 0
101 95 -6 57.67144300499999 121.40624721282424 0
96 94 -2 57.917183679999994 122.1285104324557 0
95 92 -3 57.864281999999996 121.96795988376002 0
97 101 4 58.319885244999995 123.4662784996649 0
96 98 2 58.206017679999995 123.06441406943169 0
98 89 -9 57.428172444999994 120.7427332920465 0
101 92 -9 57.415506879999995 120.70938712433153 0
95 91 -4 57.76652482 121.67882092573576 0
94 88 -6 57.638839604999994 121.31460752287414 0
94 99 5 58.42707711999999 123.86557998116865 0
93 94 1 58.14486802 122.85698326001818 0
95 87 -8 57.457960125 120.82159759560375 0
98 86 -12 57.15920128 120.05659996561408 0
93 88 -5 57.685484499999994 121.44599402219 0
90 87 -3 57.819903204999996 121.83552617935604 0
90 88 -2 57.93128322 122.17181280475657 0
91 90 -1 57.996934079999996 122.37641287715329 0
91 83 -8 57.452248 120.80642626112001 0
92 84 -8 57.436212819999994 120.76395955181177 0
90 82 -8 57.374957804999994 120.60335965015409 0
88 81 -7 57.498858645 120.93090570743692 0
87 90 3 58.314618204999995 123.44720858720649 0
86 85 -1 58.001852604999996 122.39194465607864 0
88 81 -7 57.52702402 121.00689384409017 0
91 81 -10 57.251032079999995 120.28589197265472 0
88 81 -7 57.506764479999994 120.95217565056514 0
86 80 -6 57.567241779999996 121.11643738317609 0
86 89 3 58.278328079999994 123.31712519540929 0
86 78 -8 57.3947005 120.65484489277002 0
87 77 -10 57.236651519999995 120.24966283862017 0
87 77 -10 57.1811125 120.11087311375002 0
83 75 -8 57.33050312499999 120.48836518953125 0
83 75 -8 57.34341762 120.52164059879738 0
82 91 9 58.680155125 124.91034112362877 0
81 84 3 58.300518204999996 123.39639731674103 0
84 78 -6 57.55722500499999 121.08903780576529 0
90 78 -12 57.045641999999994 119.77947590904 0
86 77 -9 57.29627601999999 120.40068565691418 0
84 74 -10 57.17138658 120.0867493412633 0
83 85 2 58.208765125 123.07386498942127 0
82 78 -4 57.690871125 121.46128721521126 0
82 76 -6 57.510148044999994 120.96129293179122 0
86 77 -9 57.283225124999994 120.36744494584126 0
83 75 -8 57.328151004999995 120.48231617757128 0
82 74 -8 57.351616404999994 120.54282107686669 0
82 82 0 58.09001567999999 122.67544357765632 0
81 78 -3 57.819903204999996 121.83552617935604 0
82 73 -9 57.259400125 120.30703028809626 0
85 76 -9 57.311651444999995 120.4399820821135 0
82 77 -5 57.61365472 121.24442733868545 0
81 73 -8 57.379611204999996 120.61547152104804 0
83 80 -3 57.83958312 121.89400759062337 0
82 76 -6 57.540474579999994 121.04339224678473 0
82 71 -11 57.033140499999995 119.74937780467002 0
84 75 -9 57.249835405 120.28287249564434 0
81 73 -8 57.36096784499999 120.56703239189332 0
80 72 -8 57.35979999999999 120.56400568000001 0
81 75 -6 57.572795805 121.13166339338794 0
80 74 -6 57.519157244999995 120.9856103928409 0
80 72 -8 57.309289405 120.43393562249784 0
82 75 -7 57.448817004999995 120.79732464303024 0
81 80 -1 57.95730688 122.25232102862849 0
80 80 0 58.03022722 122.48211991622458 0
82 86 4 58.363343244999996 123.6255326765664 0
85 83 -2 57.875542644999996 122.00188548430742 0
86 79 -7 57.514655125 120.97345080269126 0
88 78 -10 57.221022205 120.21042569842298 0
86 79 -7 57.49093762 120.90964091710265 0
84 78 -6 57.559453125 121.09512580078126 0
84 86 2 58.212424045 123.0864692811293 0
84 84 0 58.089060804999995 122.67231951797294 0
85 78 -7 57.476186844999994 120.87016264258632 0
89 78 -11 57.121229844999995 119.96317290630732 0
86 80 -6 57.550533204999994 121.07077654378854 0
83 80 -3 57.825092979999994 121.85091060038889 0
84 94 10 58.721754579999995 125.0990682860953 0
85 88 3 58.291665404999996 123.36467094221433 0
88 82 -6 57.53823591999999 121.03730807509697 0
93 82 -11 57.144538 120.02042833048 0
88 81 -7 57.51690680499999 120.97953038220444 0
86 80 -6 57.5761245 121.14080038989002 0
86 94 8 58.604740125 124.58167378470375 0
85 84 -1 57.999886124999996 122.38573139618626 0
88 82 -6 57.56390564499999 121.1073031602141 0
90 80 -10 57.228242245 120.2285337365834 0
87 82 -5 57.658435125 121.36957746670876 0
86 84 -2 57.940315125 122.19966776839127 0
85 96 11 58.799873604999995 125.46961587077988 0
87 87 0 58.03022722 122.48211991622458 0
91 82 -9 57.35512552 120.55189968410818 0
92 84 -8 57.395859044999995 120.65787424081822 0
88 86 -2 57.932288005 122.17490711244174 0
87 84 -3 57.843712 121.90632664064 0
88 90 2 58.2406125 123.18427243875001 0
89 89 0 58.04770791999999 122.53816999843906 0
90 88 -2 57.92726097999999 122.1594372876009 0
92 84 -8 57.407427444999996 120.68817272097851 0
91 91 0 58.067975125 122.60363998440876 0
89 89 0 58.04770791999999 122.53816999843906 0
89 94 5 58.430427279999996 123.87842292064194 0
92 92 0 58.07278049999999 122.61924064893 0
93 88 -5 57.674687999999996 121.41541757952001 0
95 91 -4 57.735812804999995 121.58988396423844 0
92 89 -3 57.83958312 121.89400759062337 0
92 89 -3 57.818864319999996 121.83244975678977 0
92 99 7 58.554058 124.36963698728002 0
91 94 3 58.254145124999994 123.23167373725876 0
95 89 -6 57.651914444999996 121.35124956411249 0
97 92 -5 57.739002 121.59907878984001 0
93 93 0 58.083325044999995 122.65357931011772 0
93 96 3 58.26581698 123.27279616965514 0
95 103 8 58.55089631999999 124.35662839205378 0
96 99 3 58.236992019999995 123.17164065060616 0
100 92 -8 57.504507219999994 120.94609799488458 0
101 97 -4 57.767579205 121.68188987414254 0
96 94 -2 57.896936079999996 122.06670732680129 0
96 92 -4 57.79802152 121.77095332206017 0
96 105 9 58.611654419999994 124.61113023940105 0
95 92 -3 57.862230579999995 121.96179368834073 0
99 87 -12 57.187181124999995 120.12595244070125 0
95 89 -6 57.642112499999996 121.32376632375001 0
92 88 -4 57.779156979999996 121.71565794359513 0
91 86 -5 57.643202845 121.32681950975082 0
91 97 6 58.502066125 124.15880533392627 0
90 94 4 58.346920499999996 123.56494434303002 0
92 92 0 58.078536719999995 122.63796788705858 0
97 95 -2 57.896936079999996 122.06670732680129 0
95 94 -1 58.013625444999995 122.429239646453 0
95 93 -2 57.950321124999995 122.23063416789876 0
96 101 5 58.400945205 123.76618727608349 0
95 100 5 58.399249045 123.75978329754822 0
98 92 -6 57.645382604999995 121.33292626129888 0
102 95 -7 57.542711999999995 121.04947686336001 0
96 97 1 58.104301604999996 122.72232833279038 0
95 93 -2 57.908087605 122.10069073651638 0
97 99 2 58.234273404999996 123.16216916162618 0
96 96 0 58.077578124999995 122.63484619140625 0
97 90 -7 57.57168562 121.12861796005338 0
99 99 0 58.043831999999995 122.52570911424002 0
94 105 11 58.741820499999996 125.19215720653001 0
95 104 9 58.621597404999996 124.65372100644234 0
103 111 8 58.537403845 124.3013925341547 0
105 113 8 58.540586605 124.31438184997538 0
108 104 -4 57.83131048 121.86937700530113 0
113 106 -7 57.60705777999999 121.22613016251992 0
107 105 -2 57.924241045 122.1501574444103 0
106 104 -2 57.949321919999996 122.22753674479105 0
106 111 5 58.383073679999995 123.69899604341569 0
105 107 2 58.19867752 123.03922121310785 0
108 103 -5 57.732620819999994 121.58069040361225 0
109 103 -6 57.66169128 121.37874315398594 0
105 103 -2 57.934296644999996 122.1810962430346 0
104 99 -5 57.712340125 121.52249360979626 0
104 107 3 58.229736179999996 123.14638781379432 0
101 103 2 58.178389779999996 122.97001224076809 0
103 98 -5 57.752789605 121.63893775953588 0
105 98 -7 57.60265362 121.21393446833065 0
101 99 -2 57.913144079999995 122.11614443796674 0
99 96 -3 57.86633218 121.97412672200969 0
99 103 4 58.332131605 123.51080851075788 0
98 102 4 58.296980805 123.38370394900707 0
100 99 -1 58.00872552 122.41369684373186 0
103 100 -3 57.89287168 122.05435471327233 0
101 97 -4 57.78964968 121.74637164628032 0
101 94 -7 57.60044968 121.2078373442797 0
99 102 3 58.246033919999995 123.20322686263297 0
96 102 6 58.44544162 123.93626784590538 0
99 100 1 58.110944499999995 122.74422329201 0
102 100 -2 57.92927271999999 122.16562470378945 0
101 100 -1 57.994964499999995 122.37020144309001 0
101 92 -9 57.457960125 120.82159759560375 0
101 101 0 58.085238204999996 122.65982525663898 0
96 95 -1 57.996934079999996 122.37641287715329 0
97 90 -7 57.51578111999999 120.97649053863937 0
98 91 -7 57.569464319999994 121.12252744065026 0
93 90 -3 57.84164817999999 121.90016680142634 0
92 89 -3 57.859151125 121.95254559765127 0
92 107 15 58.95020031999999 126.25443704397824 0
91 96 5 58.392452004999996 123.73417754116477 0
96 92 -4 57.805330604999995 121.79247017207938 0
98 94 -4 57.76335980499999 121.66961495168857 0
95 89 -6 57.635563919999996 121.30544985424706 0
94 88 -6 57.5761245 121.14080038989002 0
92 92 0 58.08428178 122.65670218483609 0
90 94 4 58.366786405 123.63829945743669 0
91 88 -3 57.856068879999995 121.94329894595649 0
94 88 -6 57.645382604999995 121.33292626129888 0
92 84 -8 57.464804445 120.83980647437002 0
90 84 -6 57.623529205 121.27188135146748 0
89 94 5 58.42456124499999 123.85595050376713 0
87 90 3 58.255044819999995 123.23483563427577 0
90 84 -6 57.630098245 121.2901895772939 0
93 86 -7 57.503378125 120.94305932609376 0
89 84 -5 57.647561124999996 121.33903352000127 0
88 83 -5 57.69302360499999 121.46740542696764 0
87 89 2 58.22337104499999 123.12430327340222 0
87 88 1 58.12889864499999 122.8037024420606 0
88 82 -6 57.548300125 121.06469035978375 0
90 82 -8 57.39122300499999 120.64575738945673 0
87 83 -4 57.714480204999994 121.52861724047904 0
85 82 -3 57.84164817999999 121.90016680142634 0
86 86 0 58.08428178 122.65670218483609 0
86 85 -1 57.978173004999995 122.3174335157533 0
87 84 -3 57.840615805 121.89708711755544 0
88 88 0 58.06316199999999 122.58804417736 0
87 88 1 58.16633104499999 122.9291647062178 0
88 87 -1 58.005781845 122.40437337505132 0
90 99 9 58.629969779999996 124.68979886697193 0
90 96 6 58.486621119999995 124.09739874791937 0
93 91 -2 57.953316879999996 122.23992748569154 0
97 88 -9 57.384259645 120.62758480182391 0
94 88 -6 57.599347245 121.20478896244163 0
91 89 -2 57.915164499999996 122.12232709741002 0
90 102 12 58.8318 125.62776312000001 0
90 94 4 58.365065445 123.63191557156702 0
95 90 -5 57.67684978 121.42153181310809 0
97 92 -5 57.68979442 121.45822830992105 0
92 94 2 58.183013804999995 122.98573241748994 0
92 95 3 58.24783857999999 123.20954680694874 0
93 106 13 58.843179205 125.68515346948004 0
95 99 4 58.330385844999995 123.50444419320182 0
99 99 0 58.08428178 122.65670218483609 0
101 100 -1 58.019495125 122.44789712057126 0
99 102 3 58.288115604999994 123.35198695226438 0
100 100 0 58.06123457999999 122.58180721004473 0
101 108 7 58.488252179999996 124.10385796447034 0
101 102 1 58.14767684499999 122.8663919615112 0
104 97 -7 57.57834208 121.14689230294529 0
104 99 -5 57.713410319999994 121.52555535658178 0
99 96 -3 57.826130004999996 121.85398794738278 0
98 95 -3 57.880648719999996 122.01731269912257 0
97 103 6 58.452082419999996 123.96200402630505 0
96 97 1 58.142993919999995 122.85071183048706 0
99 94 -5 57.7496125 121.62973740125001 0
99 92 -7 57.57723344499999 121.14384628810302 0
96 94 -2 57.910111125 122.10687171268876 0
94 93 -1 57.99102162 122.35778075776537 0
94 104 10 58.686790419999994 124.94007191854905 0
94 94 0 58.098595605 122.70356904751564 0
98 92 -6 57.636656125 121.30850228492376 0
96 92 -4 57.750671845 121.63280404444382 0
93 94 1 58.132664205 122.81623375085249 0
92 91 -1 58.00872552 122.41369684373186 0
93 100 7 58.50125601999999 124.15557094686585 0
93 93 0 58.044801445 122.52882404957651 0
95 90 -5 57.690871125 121.46128721521126 0
95 91 -4 57.735812804999995 121.58988396423844 0
92 93 1 58.116626319999995 122.76299826301377 0
91 91 0 58.08428178 122.65670218483609 0
92 102 10 58.692667379999996 124.96652062329049 0
92 96 4 58.32951249999999 123.50126239625001 0
96 93 -3 57.848866125 121.92172899657376 0
97 93 -4 57.76652482 121.67882092573576 0
94 93 -1 57.99299368 122.36399073706433 0
93 94 1 58.104301604999996 122.72232833279038 0
93 103 10 58.702175125 125.00954281197126 0
93 98 5 58.396702479999995 123.75017923637313 0
97 96 -1 57.99102162 122.35778075776537 0
99 97 -2 57.92927271999999 122.16562470378945 0
96 97 1 58.120408 122.77551896128001 0
96 96 0 58.04189218 122.51947981401034 0
97 105 8 58.591611279999995 124.52609911030592 0
96 101 5 58.392452004999996 123.73417754116477 0
99 96 -3 57.891854804999994 122.05126697353893 0
102 97 -5 57.701621124999996 121.49188364703876 0
97 97 0 58.06316199999999 122.58804417736 0
96 97 1 58.161679119999995 122.91346364598465 0
96 105 9 58.617779379999995 124.63733397191848 0
97 99 2 58.18116512499999 122.97944370507876 0
100 97 -3 57.849896019999996 121.92480994185416 0
100 100 0 58.036065279999995 122.5007964650701 0
97 98 1 58.146740879999996 122.86325551983553 0
98 97 -1 58.009706124999994 122.41680503501377 0
98 106 8 58.55168720499999 124.35988011357205 0
97 102 5 58.365065445 123.63191557156702 0
100 97 -3 57.883708645 122.0265709866531 0
102 98 -4 57.82094178 121.83860275558393 0
98 98 0 58.043831999999995 122.52570911424002 0
97 96 -1 58.03314764499999 122.49145734284761 0
97 104 7 58.518203125 124.22355095703125 0
96 97 1 58.157951999999995 122.90090658816001 0
99 96 -3 57.864281999999996 121.96795988376002 0
98 97 -1 58.032174479999995 122.48834467912513 0
96 101 5 58.37794242 123.67981895855496 0
96 99 3 58.272973619999995 123.29812151184937 0
98 108 10 58.659351404999995 124.81800653969584 0
99 99 0 58.05737601999999 122.56933559192585 0
102 96 -6 57.677930204999996 121.42458912713099 0
100 96 -4 57.821980045 121.8416794856373 0
97 97 0 58.044801445 122.52882404957651 0
96 96 0 58.092878445 122.68481694576802 0
96 102 6 58.451253404999996 123.95878607939369 0
96 98 2 58.22063847999999 123.11484179614914 0
98 94 -4 57.785456319999994 121.73408438746625 0
99 94 -5 57.677930204999996 121.42458912713099 0
95 94 -1 57.977182479999996 122.31433114090689 0
93 94 1 58.12607121999999 122.79430611129257 0
93 98 5 58.421202404999995 123.84311482842485 0
93 93 0 58.07661922 122.63172469169146 0
95 89 -6 57.604856319999996 121.22003207397377 0
94 92 -2 57.899981125 122.07597352886125 0
91 91 0 58.045770579999996 122.53193917527929 0
90 89 -1 58.01068642 122.41991341076297 0
91 98 7 58.56036648 124.39566787979713 0
90 92 2 58.179315204999995 122.97315584851597 0
93 89 -4 57.784407204999994 121.73101294380798 0
93 91 -2 57.888802319999996 122.04200474447426 0
90 88 -2 57.944321245 122.2120522430529 0
90 86 -4 57.778106005 121.71258738602124 0
90 97 7 58.510150124999996 124.19116433403377 0
88 90 2 58.21699072 123.10222958649345 0
90 88 -2 57.899981125 122.07597352886125 0
92 89 -3 57.856068879999995 121.94329894595649 0
89 88 -1 58.011666405 122.42302197114334 0
89 87 -2 57.925247999999996 122.15325055488 0
89 94 5 58.398400499999994 123.75658168977002 0
88 91 3 58.253245119999995 123.22851206731265 0
90 89 -1 58.006763379999995 122.40748101391449 0
91 89 -2 57.948322405 122.22443949615518 0
90 89 -1 57.96427744499999 122.2740165027115 0
89 86 -3 57.84164817999999 121.90016680142634 0
89 103 14 58.917803279999994 126.07608166022209 0
88 93 5 58.39160097999999 123.7309779616609 0
91 89 -2 57.94632244499999 122.21824552164352 0
94 89 -5 57.66060620499999 121.37568779586553 0
90 87 -3 57.85504084499999 121.94021704773682 0
89 87 -2 57.924241045 122.1501574444103 0
88 94 6 58.473527999999995 124.04576399808002 0
88 89 1 58.149547845 122.87266546921582 0
90 85 -5 57.645382604999995 121.33292626129888 0
90 88 -2 57.893888245 122.05744261830141 0
87 86 -1 57.9752005 122.30812692823001 0
87 85 -2 57.944321245 122.2120522430529 0
87 95 8 58.603970319999995 124.57840232693826 0
87 88 1 58.164471205 122.92288364925054 0
89 87 -2 57.920210125 122.13778670464626 0
90 88 -2 57.887784204999996 122.03891766428498 0
88 88 0 58.038980124999995 122.51013728731627 0
88 86 -2 57.921218319999994 122.14087913459778 0
88 92 4 58.383073679999995 123.69899604341569 0
87 91 4 58.32951249999999 123.50126239625001 0
89 88 -1 57.974209044999995 122.30502509007181 0
91 88 -3 57.83751682 121.88784900692025 0
89 86 -3 57.850925605 121.92789104554814 0
88 87 -1 57.96726018 122.2833172137017 0
87 90 3 58.304050645 123.40909445394092 0
87 88 1 58.123241005 122.78491161917378 0
88 86 -2 57.93831020499999 122.19347656969848 0
89 88 -1 57.990035125 122.35467604022875 0
87 94 7 58.53501351999999 124.29165350676416 0
87 87 0 58.077578124999995 122.63484619140625 0
90 93 3 58.270292205 123.28862278419298 0
89 92 3 58.27654449999999 123.31078970999002 0
89 91 2 58.19683938 123.03292517305849 0
91 96 5 58.378798405 123.68301451297134 0
90 94 4 58.325141124999995 123.48535702319876 0
92 92 0 58.044801445 122.52882404957651 0
93 99 6 58.479266005 124.06834569262374 0
91 97 6 58.456222845 123.9780977330617 0
94 92 -2 57.924241045 122.1501574444103 0
96 93 -3 57.885747044999995 122.03274399717172 0
92 95 3 58.298750125 123.39005016234626 0
92 93 1 58.11283967999999 122.75048080723968 0
93 102 9 58.6541125 124.79496072625001 0
92 96 4 58.32426592 123.48217666978306 0
95 96 1 58.168189645 122.93544660854641 0
96 97 1 58.105251519999996 122.72545558121985 0
94 98 4 58.362481679999995 123.62234160023233 0
95 96 1 58.131723279999996 122.81310061590209 0
96 105 9 58.59857300499999 124.55551039379424 0
95 99 4 58.346920499999996 123.56494434303002 0
98 95 -3 57.83958312 121.89400759062337 0
98 97 -1 58.01068642 122.41991341076297 0
94 98 4 58.31373927999999 123.4440311031661 0
94 97 3 58.253245119999995 123.22851206731265 0
95 106 11 58.723916124999995 125.10902997482376 0
95 101 6 58.429590205 123.87521179568154 0
98 98 0 58.06219844499999 122.5849255970445 0
99 98 -1 57.99890241999999 122.38262504056505 0
96 98 2 58.22428128 123.12745754193409 0
96 94 -2 57.913144079999995 122.11614443796674 0
96 104 8 58.575269604999995 124.45756490424415 0
93 98 5 58.423722 123.85274119656 0
96 95 -1 57.972225204999994 122.29882194929654 0
97 93 -4 57.808458419999994 121.80169394646697 0
94 93 -1 58.006763379999995 122.40748101391449 0
92 91 -1 57.996934079999996 122.37641287715329 0
91 101 10 58.680155125 124.91034112362877 0
90 96 6 58.47516898 124.0522145640729 0
93 91 -2 57.89795140499999 122.06979589465169 0
95 93 -2 57.940315125 122.19966776839127 0
91 92 1 58.15048288 122.87580253557249 0
90 92 2 58.219727004999996 123.11168841263273 0
91 102 11 58.779832719999995 125.37241120346945 0
91 99 8 58.57605088 124.46082552919553 0
94 94 0 58.0535125 122.55686705375001 0
97 97 0 58.07278049999999 122.61924064893 0
93 98 5 58.432936645 123.88805785818542 0
93 98 5 58.371083379999995 123.65426351576554 0
95 104 9 58.645849244999994 124.7587762026769 0
95 99 4 58.330385844999995 123.50444419320182 0
98 96 -2 57.954314845 122.24302560832521 0
98 99 1 58.145804604999995 122.86011928605913 0
95 101 6 58.45539538 123.97487846153754 0
95 99 4 58.3642045 123.62872400029002 0
97 108 11 58.725355605 125.11567271091815 0
97 105 8 58.58384658 124.49344774635674 0
100 101 1 58.108099405 122.73483853130034 0
103 100 -3 57.86017792 121.95562813444097 0
99 99 0 58.04189218 122.51947981401034 0
97 96 -1 58.01068642 122.41991341076297 0
96 100 4 58.32776488 123.49489952517953 0
94 98 4 58.31022048 123.43132354586112 0
95 93 -2 57.908087605 122.10069073651638 0
95 96 1 58.154219919999996 122.88835288818497 0
92 96 4 58.356442044999994 123.60001097903672 0
92 94 2 58.210595205 123.08016669686404 0
93 103 10 58.71742312 125.07915358790336 0
92 98 6 58.458703379999996 123.98775714077449 0
95 95 0 58.07278049999999 122.61924064893 0
96 97 1 58.142993919999995 122.85071183048706 0
93 94 1 58.15141760499999 122.87893981048387 0
93 97 4 58.31549681999999 123.45038630946026 0
93 103 10 58.687526125 124.94337690678626 0
93 98 5 58.378798405 123.68301451297134 0
96 97 1 58.158884244999996 122.90404553740812 0
96 99 3 58.281001124999996 123.32663016016127 0
94 99 5 58.388193779999995 123.71818216997593 0
95 97 2 58.22701012499999 123.13692167816626 0
96 108 12 58.786772819999996 125.40589802170825 0
95 102 7 58.490696445 124.11354882824152 0
98 98 0 58.05737601999999 122.56933559192585 0
100 99 -1 58.001852604999996 122.39194465607864 0
96 97 1 58.11851778 122.76925820617993 0
95 96 1 58.108099405 122.73483853130034 0
94 100 6 58.485805125 124.09416954694126 0
93 97 4 58.351253125 123.58088004578127 0
95 95 0 58.0919245 122.68169229139002 0
95 94 -1 57.976191645 122.31122894512043 0
93 93 0 58.083325044999995 122.65357931011772 0
91 93 2 58.219727004999996 123.11168841263273 0
91 100 9 58.66308418 124.83447706243768 0
90 96 6 58.490696445 124.11354882824152 0
93 93 0 58.06701312 122.60052043505665 0
94 91 -3 57.87860721999999 122.01114132435545 0
91 92 1 58.13736418 122.83190251050233 0
90 93 3 58.253245119999995 123.22851206731265 0
89 100 11 58.760235519999995 125.27882583842818 0
90 95 5 58.437947005 123.90733478000024 0
93 93 0 58.073740644999994 122.62236136653343 0
93 95 2 58.22063847999999 123.11484179614914 0
91 92 1 58.130782045 122.80996768622921 0
91 92 1 58.119463044999996 122.7723884821563 0
90 99 9 58.67867720499999 124.90373771957798 0
89 93 4 58.350387219999995 123.57769241569545 0
92 91 -1 57.99299368 122.36399073706433 0
92 91 -1 57.992007805 122.36088565665594 0
89 91 2 58.202350079999995 123.05181589942273 0
89 90 1 58.10240084499999 122.71607443734432 0
88 97 9 58.641326205 124.73905474551448 0
88 89 1 58.157951999999995 122.90090658816001 0
90 90 0 58.073740644999994 122.62236136653343 0
89 89 0 58.09954737999999 122.70669509524953 0
88 90 2 58.183013804999995 122.98573241748994 0
88 86 -2 57.93730728 122.19038122943809 0
