92 76 -16 56.191726419999995 117.87275015954296 0
86 75 -11 56.631565644999995 118.82056661074591 0
83 75 -8 56.95493928 119.56285493059393 0
82 82 0 57.647561124999996 121.33903352000127 0
81 77 -4 57.283225124999994 120.36744494584126 0
82 75 -7 57.03063648 119.74335868211713 0
87 78 -9 56.82369281999999 119.25623514727177 0
83 76 -7 57.033140499999995 119.74937780467002 0
82 76 -6 57.056866844999995 119.8065678515812 0
84 84 0 57.622433279999996 121.26883041374208 0
82 83 1 57.724095219999995 121.55618039262058 0
83 78 -5 57.240250845 120.2587191891457 0
89 79 -10 56.800196879999994 119.20214608297152 0
88 78 -10 56.74233952 119.06994180176385 0
84 77 -7 56.97776561999999 119.61699275391337 0
85 86 1 57.757021404999996 121.65120690912585 0
84 79 -5 57.201714204999995 120.16214914475754 0
84 78 -6 57.11753938 119.95413434490152 0
90 77 -13 56.488370319999994 118.50498592250177 0
85 78 -7 57.004269404999995 119.68016748873035 0
84 77 -7 57.061847605 119.81860985711388 0
83 82 -1 57.559453125 121.09512580078126 0
84 79 -5 57.252228445 120.288911519922 0
84 77 -7 57.03063648 119.74335868211713 0
87 78 -9 56.887145124999996 119.40350371632127 0
85 81 -4 57.29864488 120.40673041045953 0
83 79 -4 57.270136719999996 120.33421327118145 0
85 89 4 58.009706124999994 122.41680503501377 0
86 87 1 57.747492879999996 121.62360454274753 0
86 79 -7 57.04064511999999 119.76743616372737 0
94 79 -15 56.39381088 118.30046441175553 0
90 82 -8 56.98535208 119.63504108718529 0
85 82 -3 57.41089192 120.69726405255105 0
86 95 9 58.296980805 123.38370394900707 0
88 90 2 57.79802152 121.77095332206017 0
90 85 -5 57.27251921999999 120.34025473154857 0
97 85 -12 56.725130445 119.03088357657202 0
93 86 -7 57.105217679999996 119.92400917712833 0
91 86 -5 57.25701080499999 120.30099041483709 0
91 95 4 57.924241045 122.1501574444103 0
91 98 7 58.14111858 122.84444122993129 0
93 92 -1 57.54941681999999 121.06773339551977 0
100 91 -9 56.97776561999999 119.61699275391337 0
99 92 -7 57.148208004999994 120.02947047440078 0
96 91 -5 57.295091125 120.39766339494875 0
96 98 2 57.779156979999996 121.71565794359513 0
97 95 -2 57.54941681999999 121.06773339551977 0
98 87 -11 56.74894444499999 119.08496435898999 0
101 87 -14 56.56380364499999 118.67031485496442 0
96 88 -8 57.0080445 119.68919375901001 0
92 89 -3 57.407427444999996 120.68817272097851 0
92 98 6 58.064125245 122.59116295115513 0
93 94 1 57.750671845 121.63280404444382 0
96 87 -9 56.92306940499999 119.48767992894219 0
100 88 -12 56.730431124999996 119.04290144061126 0
96 88 -8 57.031888644999995 119.7463682229306 0
92 90 -2 57.462524245 120.8337364488894 0
93 96 3 57.88268898 122.02348472720713 0
94 96 2 57.828203124999995 121.86014310546877 0
96 91 -5 57.240250845 120.2587191891457 0
100 94 -6 57.183540879999995 120.1169046611245 0
98 95 -3 57.400490125 120.66999253876627 0
96 92 -4 57.316371804999996 120.45207594602059 0
98 101 3 57.871452205 121.98954663861954 0
98 98 0 57.65517618 121.36041293822569 0
99 95 -4 57.371464499999995 120.59427666591 0
103 95 -8 57.094101644999995 119.8969008565621 0
101 95 -6 57.22944449999999 120.23155197699 0
100 96 -4 57.341072319999995 120.51558978343425 0
100 102 2 57.79279144499999 121.75558865336902 0
100 102 2 57.78755362 121.74022771970937 0
102 101 -1 57.594934405 121.19259663251535 0
106 99 -7 57.20050481999999 120.15913240719577 0
105 100 -5 57.3010125 120.41277547125001 0
104 98 -6 57.20050481999999 120.15913240719577 0
104 105 1 57.762304179999994 121.66654658351769 0
103 108 5 58.013625444999995 122.429239646453 0
105 100 -5 57.31519218 120.44905236154969 0
110 100 -10 56.935840604999996 119.51774777367687 0
106 105 -1 57.590516605 121.18040621060538 0
104 102 -2 57.543830244999995 121.05251933889012 0
106 108 2 57.82094178 121.83860275558393 0
107 109 2 57.796976125 121.76788008853626 0
109 107 -2 57.49998898 120.93394395395289 0
112 105 -7 57.21740799999999 120.20137257472001 0
111 105 -6 57.253424499999994 120.29193113761 0
109 103 -6 57.24863841999999 120.27985308872697 0
108 109 1 57.697324845 121.47964345977232 0
107 114 7 58.115680125 122.75986859549626 0
109 107 -2 57.507892645 120.9552146377826 0
115 106 -9 57.06806657999999 119.83366337457673 0
111 108 -3 57.48640449999999 120.89749190021001 0
110 100 -10 56.98787842 119.64105747543304 0
111 109 -2 57.53375488 121.02514106114049 0
106 106 0 57.67360664499999 121.4123606596271 0
108 100 -8 57.07676012499999 119.85474022208376 0
110 101 -9 57.03814482 119.76141654416425 0
106 97 -9 57.051881124999994 119.79452655329877 0
104 97 -7 57.123688605 119.96919887725738 0
103 107 4 57.920210125 122.13778670464626 0
101 105 4 57.948322405 122.22443949615518 0
104 99 -5 57.329327219999996 120.48534064301545 0
109 101 -8 57.1076845 119.93003380069001 0
105 101 -4 57.370299445 120.591249178655 0
104 97 -7 57.17381992 120.09277992445504 0
105 105 0 57.634471405 121.30239754888417 0
103 105 2 57.825092979999994 121.85091060038889 0
104 98 -6 57.22343012499999 120.21646144475376 0
109 100 -9 57.06557991999999 119.82764183170497 0
104 100 -4 57.370299445 120.591249178655 0
103 98 -5 57.27847004499999 120.35535966644522 0
104 100 -4 57.392382479999995 120.64878646725313 0
103 104 1 57.74112657999999 121.60520937852328 0
103 94 -9 57.016842204999996 119.71025638741705 0
106 96 -10 56.96002048 119.57488465829888 0
102 93 -9 57.006786444999996 119.68618496465601 0
99 92 -7 57.09286498 119.89388906872313 0
99 101 2 57.790697245 121.7494438328484 0
97 101 4 57.96726018 122.2833172137017 0
99 94 -5 57.249835405 120.28287249564434 0
105 94 -11 56.834103219999996 119.28027615314345 0
101 94 -7 57.11630860499999 119.95112159578264 0
98 91 -7 57.160421205 120.05961464035948 0
98 98 0 57.68224880499999 121.43681970190494 0
97 99 2 57.78964968 121.74637164628032 0
98 94 -4 57.39006322 120.64272840141658 0
103 95 -8 57.08543847999999 119.87581936401088 0
101 92 -9 56.97776561999999 119.61699275391337 0
99 91 -8 57.020607999999996 119.71928380928 0
98 101 3 57.90403684499999 122.0883307959037 0
96 94 -2 57.53823591999999 121.03730807509697 0
98 90 -8 57.06806657999999 119.83366337457673 0
102 91 -11 56.85745408 119.3343721776333 0
97 91 -6 57.17989784499999 120.1078574312742 0
96 89 -7 57.096574045 119.90292457976072 0
96 97 1 57.74218840499999 121.60827488484118 0
95 90 -5 57.309289405 120.43393562249784 0
96 85 -11 56.7502645 119.08796888441002 0
98 89 -9 56.9320125 119.50872712875001 0
94 88 -6 57.165297804999994 120.07167392065344 0
91 83 -8 57.009302245 119.69220259117662 0
94 96 2 57.825092979999994 121.85091060038889 0
92 91 -1 57.573905679999996 121.13470894269634 0
91 86 -5 57.214996979999995 120.19533748753513 0
98 84 -14 56.518656179999994 118.57112567841433 0
94 81 -13 56.600491379999994 118.75145500421354 0
91 81 -10 56.809346125 119.22318023272626 0
89 85 -4 57.341072319999995 120.51558978343425 0
87 87 0 57.654089244999994 121.35735835214312 0
88 87 -1 57.54718311999999 121.06164743641665 0
91 85 -6 57.12491752 119.97221194222786 0
92 82 -10 56.845791205 119.30732347679198 0
92 81 -11 56.709198644999994 118.9948301275231 0
90 88 -2 57.530390845 121.0160169587532 0
88 87 -1 57.565017999999995 121.11034778632002 0
88 81 -7 57.086677005 119.87883086057728 0
93 81 -12 56.663816125 118.89267771832377 0
91 80 -11 56.690555124999996 118.95276774330875 0
87 79 -8 56.915391805 119.46964052061944 0
87 86 -1 57.56168000499999 121.10121425182724 0
86 84 -2 57.457960125 120.82159759560375 0
86 77 -9 56.87038337999999 119.36442805019449 0
91 79 -12 56.612670404999996 118.77849940485935 0
88 79 -9 56.89614897999999 119.42454599389289 0
84 80 -4 57.26775298 120.32817210232889 0
85 84 -1 57.54718311999999 121.06164743641665 0
86 81 -5 57.240250845 120.2587191891457 0
87 79 -8 56.91154881999999 119.46062116765626 0
89 83 -6 57.118769844999996 119.95714714625271 0
87 90 3 57.921218319999994 122.14087913459778 0
86 80 -6 57.172603405 120.08976460305618 0
90 92 2 57.847835919999994 121.91864820954305 0
92 91 -1 57.594934405 121.19259663251535 0
88 85 -3 57.384259645 120.62758480182391 0
97 84 -13 56.59778152 118.74544499518018 0
94 83 -11 56.70254722 118.97980787167545 0
90 81 -9 56.925626124999994 119.49369327797376 0
89 92 3 57.913144079999995 122.11614443796674 0
88 90 2 57.781257999999994 121.72179950072001 0
89 83 -6 57.187181124999995 120.12595244070125 0
96 82 -14 56.500778125 118.53204456109376 0
93 85 -8 56.979030804999994 119.62000072380295 0
89 83 -6 57.162860124999995 120.06564416391626 0
89 98 9 58.28722738 123.34881653843048 0
90 90 0 57.674687999999996 121.41541757952001 0
91 87 -4 57.332854004999994 120.49441452643323 0
98 88 -10 56.897434004999994 119.42755212580678 0
94 89 -5 57.287975245 120.3795314201349 0
93 85 -8 56.989141124999996 119.64406572226126 0
94 91 -3 57.44767272 120.79429096645057 0
93 86 -7 57.066823404999994 119.83065258038384 0
92 81 -11 56.741017604999996 119.06693730314637 0
94 84 -10 56.832803004999995 119.27727097478328 0
90 83 -7 57.084199645 119.87280791541642 0
88 84 -4 57.30810792 120.43091251020097 0
90 93 3 57.87656448 122.00497060159489 0
89 89 0 57.63774801999999 121.31155484107816 0
91 84 -7 57.05811249999999 119.80957828625002 0
96 83 -13 56.58421362 118.71539410542937 0
92 85 -7 57.090390719999995 119.88786563974656 0
89 83 -6 57.187181124999995 120.12595244070125 0
89 98 9 58.323390405 123.47899655638318 0
90 96 6 58.094785404999996 122.69106685036567 0
92 90 -2 57.52702402 121.00689384409017 0
101 91 -10 56.89100577999999 119.41252169852794 0
98 89 -9 56.944762 119.53879694936 0
95 89 -6 57.17138658 120.0867493412633 0
95 95 0 57.632285444999994 121.29629331344452 0
94 91 -3 57.405116245 120.6821122937879 0
95 84 -11 56.74894444499999 119.08496435898999 0
98 85 -13 56.642335644999996 118.8446041454916 0
93 87 -6 57.13473767999999 119.99631839151169 0
90 86 -4 57.29627601999999 120.40068565691418 0
91 95 4 57.942318805 122.20585965907244 0
92 92 0 57.645382604999995 121.33292626129888 0
93 88 -5 57.282036819999995 120.36442351438025 0
98 91 -7 57.094101644999995 119.8969008565621 0
95 95 0 57.622433279999996 121.26883041374208 0
94 99 5 58.006763379999995 122.40748101391449 0
97 105 8 58.22428128 123.12745754193409 0
101 104 3 57.89795140499999 122.06979589465169 0
106 96 -10 56.939665919999996 119.52676867485697 0
109 93 -16 56.48975020499999 118.50799254270905 0
103 95 -8 57.113846124999995 119.94509625358626 0
99 97 -2 57.534875604999996 121.02818264886187 0
99 106 7 58.11189224499999 122.74735194870662 0
101 101 0 57.63774801999999 121.31155484107816 0
105 97 -8 57.095338 119.89991269352001 0
106 98 -8 57.099045204999996 119.90894850074598 0
103 98 -5 57.284413119999996 120.37046645198336 0
102 97 -5 57.33402898 120.49743931714713 0
102 102 0 57.690871125 121.46128721521126 0
102 105 3 57.870428819999994 121.98646233224378 0
104 95 -9 56.984088445 119.63203294543803 0
107 95 -12 56.82499520499999 119.25924022152654 0
102 97 -5 57.30810792 120.43091251020097 0
99 94 -5 57.29864488 120.40673041045953 0
100 103 3 57.891854804999994 122.05126697353893 0
100 101 1 57.74324992 121.61134053269505 0
102 95 -7 57.14698498 120.0264563703169 0
106 99 -7 57.148208004999994 120.02947047440078 0
102 97 -5 57.309289405 120.43393562249784 0
101 97 -4 57.36680242 120.58216723707497 0
102 106 4 57.95132002 122.23373176564218 0
101 101 0 57.695174845 121.4735241747177 0
104 97 -7 57.16773424499999 120.0777039118819 0
107 96 -11 56.883281679999996 119.39448593432769 0
103 146 43 59.46250721999999 130.66105088105547 0.027343399179218353
101 170 69 59.43003432 138.48355736601025 0.12323442414464639
110 135 25 58.94032127999999 126.19945076846594 0
144 112 -32 55.782591045 117.04050708394222 0
112 106 -6 57.23905137999999 120.25570033707353 0
107 103 -4 57.40396018 120.67908221785834 0
111 102 -9 57.075519119999996 119.85172910470465 0
108 102 -6 57.249835405 120.28287249564434 0
106 111 5 57.970240125 122.29261952148376 0
106 101 -5 57.29982884499999 120.4097529023672 0
109 96 -13 56.74894444499999 119.08496435898999 0
106 96 -10 56.935840604999996 119.51774777367687 0
102 96 -6 57.24863841999999 120.27985308872697 0
100 93 -7 57.162860124999995 120.06564416391626 0
100 107 7 58.153286124999994 122.88521498662627 0
99 100 1 57.72089300499999 121.54699143238578 0
102 99 -3 57.446528125 120.79125738765626 0
106 96 -10 56.902571005 119.43957689066873 0
103 96 -7 57.184754604999995 120.11992052635088 0
101 95 -6 57.236651519999995 120.24966283862017 0
100 100 0 57.63774801999999 121.31155484107816 0
100 104 4 57.91213340499999 122.11305336118633 0
101 96 -5 57.286788179999995 120.37650968896634 0
105 97 -8 57.05811249999999 119.80957828625002 0
103 94 -9 57.01307361999999 119.70122931619065 0
100 92 -8 57.039395125 119.76442633299126 0
100 100 0 57.627909804999994 121.28408633912144 0
98 98 0 57.636656125 121.30850228492376 0
99 93 -6 57.235451125 120.24664419191126 0
103 96 -7 57.118769844999996 119.95714714625271 0
100 94 -6 57.20775648 120.17723378892289 0
99 91 -8 57.01809778 119.71326548885993 0
99 99 0 57.627909804999994 121.28408633912144 0
97 96 -1 57.58609384499999 121.16821768622471 0
98 90 -8 57.04064511999999 119.76743616372737 0
101 92 -9 56.997971379999996 119.66512444916648 0
98 91 -7 57.11261441999999 119.94208366018105 0
96 88 -8 57.044393244999995 119.7764659090289 0
96 104 8 58.180240319999996 122.97629966989825 0
95 96 1 57.73793924499999 121.59601370714691 0
97 87 -10 56.845791205 119.30732347679198 0
103 90 -13 56.630218 118.81756187768 0
96 89 -7 57.069309444999995 119.8366742144475 0
93 87 -6 57.193242 120.14103330696001 0
94 93 -1 57.61035764499999 121.23527820364993 0
93 97 4 57.918192805 122.13160235373908 0
94 89 -5 57.286788179999995 120.37650968896634 0
99 90 -9 56.99292738 119.65309067552954 0
97 89 -8 57.061847605 119.81860985711388 0
95 86 -9 56.92179058 119.48467329475929 0
95 100 5 57.999886124999996 122.38573139618626 0
93 91 -2 57.53151249999999 121.01905821625002 0
94 85 -9 56.89100577999999 119.41252169852794 0
99 85 -14 56.56380364499999 118.67031485496442 0
94 86 -8 56.997971379999996 119.66512444916648 0
91 84 -7 57.111382405 119.93907111835269 0
91 91 0 57.677930204999996 121.42458912713099 0
91 93 2 57.796976125 121.76788008853626 0
92 85 -7 57.08791522 119.88184240527944 0
97 86 -11 56.780540204999994 119.15707469192847 0
94 84 -10 56.82499520499999 119.25924022152654 0
91 85 -6 57.133511244999994 119.99330489622962 0
91 88 -3 57.423571124999995 120.73060609435126 0
90 85 -5 57.23184807999999 120.2375886598893 0
91 84 -7 57.059357844999994 119.81258876528582 0
92 86 -6 57.193242 120.14103330696001 0
90 88 -2 57.495465779999996 120.92179159818792 0
90 87 -3 57.448817004999995 120.79732464303024 0
92 91 -1 57.579450404999996 121.14993843458069 0
93 88 -5 57.273710005 120.34327557145974 0
94 83 -11 56.706539004999996 118.98882122644824 0
95 83 -12 56.67318888 118.9137094152365 0
92 84 -8 57.024371005 119.72831158620377 0
89 84 -5 57.22944449999999 120.23155197699 0
89 94 5 58.06508818 122.59428191859368 0
90 93 3 57.919201619999996 122.13469444441465 0
92 86 -6 57.175036125 120.09579530562377 0
98 86 -12 56.73307960499999 119.04891038747164 0
95 87 -8 57.04314418 119.77345595158232 0
92 88 -4 57.36096784499999 120.56703239189332 0
92 96 4 57.974209044999995 122.30502509007181 0
93 96 3 57.852983845 121.9340537288322 0
95 92 -3 57.431620179999996 120.7518296872417 0
100 88 -12 56.717170124999996 119.01285683505375 0
98 94 -4 57.33872578 120.50953929891209 0
95 89 -6 57.21017122 120.18326809594745 0
95 97 2 57.780207645 121.71872864844009 0
96 94 -2 57.50111900499999 120.93698230579179 0
96 85 -11 56.74630340499999 119.07895532261634 0
100 86 -14 56.513160819999996 118.55910115253225 0
94 88 -6 57.194453245 120.14404966673112 0
91 88 -3 57.42702258 120.73970135053273 0
92 97 5 58.006763379999995 122.40748101391449 0
93 93 0 57.623529205 121.27188135146748 0
95 87 -8 57.006786444999996 119.68618496465601 0
99 90 -9 56.98282449999999 119.62902483839001 0
95 92 -3 57.452248 120.80642626112001 0
93 92 -1 57.592726125 121.18650118371376 0
96 98 2 57.779156979999996 121.71565794359513 0
97 93 -4 57.33050312499999 120.48836518953125 0
98 89 -9 56.99923160499999 119.66813298342038 0
99 92 -7 57.103983805 119.92099694131994 0
96 89 -7 57.14698498 120.0264563703169 0
95 87 -8 57.03063648 119.74335868211713 0
96 99 3 57.900995519999995 122.07906259554817 0
94 94 0 57.679010319999996 121.42764657285825 0
95 90 -5 57.264175044999995 120.3191108927723 0
101 90 -11 56.80804001999999 119.22017531825784 0
97 84 -13 56.562440499999994 118.66730943583 0
95 88 -7 57.138415124999995 120.00535920517126 0
93 98 5 58.03314764499999 122.49145734284761 0
91 96 5 58.01068642 122.41991341076297 0
96 93 -3 57.42242001999999 120.72757453119786 0
101 94 -7 57.12 119.96016 0
99 95 -4 57.379611204999996 120.61547152104804 0
98 93 -5 57.321087205 120.46417107823454 0
99 105 6 58.066050804999996 122.59740107983959 0
99 98 -1 57.569464319999994 121.12252744065026 0
101 100 -1 57.57168562 121.12861796005338 0
104 99 -5 57.322265279999996 120.46719506068993 0
102 99 -3 57.472775379999995 120.86105472981752 0
103 99 -4 57.38542097999999 120.63061334354089 0
103 108 5 58.020472319999996 122.45100735000577 0
103 100 -3 57.432768804999995 120.75486200973758 0
107 96 -11 56.87941544499999 119.385468348123 0
106 98 -8 57.059357844999994 119.81258876528582 0
102 95 -7 57.15309700499999 120.04152745566275 0
101 95 -6 57.24145 120.26173811000001 0
100 105 5 57.9752005 122.30812692823001 0
99 99 0 57.651914444999996 121.35124956411249 0
103 96 -7 57.121229844999995 119.96317290630732 0
105 100 -5 57.322265279999996 120.46719506068993 0
101 99 -2 57.546065805 121.05860462525457 0
101 96 -5 57.264175044999995 120.3191108927723 0
103 104 1 57.72729464499999 121.5653706016086 0
101 98 -3 57.43391712 120.75789442788864 0
103 96 -7 57.160421205 120.05961464035948 0
104 100 -4 57.38542097999999 120.63061334354089 0
101 105 4 57.91617424499999 122.12541868040061 0
102 101 -1 57.582773519999996 121.15907753188417 0
106 108 2 57.81054208 121.80784388841474 0
106 99 -7 57.20050481999999 120.15913240719577 0
108 102 -6 57.240250845 120.2587191891457 0
105 105 0 57.639930879999994 121.31766033047553 0
104 103 -1 57.620240499999994 121.26272890817 0
107 98 -9 57.05562087999999 119.80355746111553 0
107 106 -1 57.61475312499999 121.24747729421877 0
104 103 -1 57.59824449999999 121.20174070051002 0
105 94 -11 56.881993245 119.39148005072363 0
108 96 -12 56.7766005 119.14806066927001 0
101 93 -8 57.099045204999996 119.90894850074598 0
99 96 -3 57.41320001999999 120.70332540270218 0
99 103 4 57.96427744499999 122.2740165027115 0
98 94 -4 57.388903125 120.63969950296875 0
102 94 -8 57.10151512499999 119.91497262082876 0
101 93 -8 57.09780977999999 119.90593651544809 0
99 90 -9 56.99923160499999 119.66813298342038 0
98 89 -9 56.981560245 119.62601676587741 0
97 101 4 57.94732258 122.22134242182729 0
95 96 1 57.747492879999996 121.62360454274753 0
97 95 -2 57.494334204999994 120.91875377132504 0
102 97 -5 57.31283199999999 120.44300542976 0
99 94 -5 57.254620245 120.29495082588262 0
100 92 -8 57.095338 119.89991269352001 0
99 104 5 57.978173004999995 122.3174335157533 0
97 98 1 57.7496125 121.62973740125001 0
100 95 -5 57.283225124999994 120.36744494584126 0
104 95 -9 56.96763298 119.59293020071112 0
100 96 -4 57.33520364499999 120.5004641895881 0
99 92 -7 57.16407912 120.06865901305537 0
99 102 3 57.871452205 121.98954663861954 0
98 96 -2 57.54941681999999 121.06773339551977 0
100 93 -7 57.165297804999994 120.07167392065344 0
102 95 -7 57.15065312499999 120.03549885171876 0
99 97 -2 57.48413608 120.89141801255873 0
98 95 -3 57.42702258 120.73970135053273 0
100 98 -2 57.552765044999994 121.0768631785798 0
100 92 -8 57.09286498 119.89388906872313 0
100 91 -9 56.934564879999996 119.51474086378049 0
99 90 -9 56.994188845 119.6560990647597 0
96 87 -9 56.94094040499999 119.52977569962684 0
95 88 -7 57.081721044999995 119.8667851614878 0
94 104 10 58.358169204999996 123.60638992366998 0
92 93 1 57.712340125 121.52249360979626 0
96 93 -3 57.455676204999996 120.81552876517698 0
100 92 -8 57.064336125 119.82463112837627 0
97 90 -7 57.10151512499999 119.91497262082876 0
97 87 -10 56.89100577999999 119.41252169852794 0
96 95 -1 57.592726125 121.18650118371376 0
94 87 -7 57.1076845 119.93003380069001 0
94 84 -10 56.87038337999999 119.36442805019449 0
95 87 -8 56.99040352 119.64707400444418 0
92 85 -7 57.08791522 119.88184240527944 0
91 86 -5 57.228242245 120.2285337365834 0
91 95 4 57.948322405 122.22443949615518 0
91 90 -1 57.608158044999996 121.2291793882913 0
93 85 -8 57.039395125 119.76442633299126 0
97 86 -11 56.804119844999995 119.21116064769981 0
93 84 -9 56.878126079999994 119.38246252879873 0
91 84 -7 57.045641999999994 119.77947590904 0
91 92 1 57.75596391999999 121.64813940639297 0
90 90 0 57.65082658 121.34819536183673 0
91 83 -8 57.01558632 119.70724732493377 0
96 84 -12 56.64099048 118.84159948418113 0
92 83 -9 56.885857619999996 119.40049776696264 0
89 82 -7 57.01809778 119.71326548885993 0
89 86 -3 57.444238004999995 120.78519052276829 0
89 85 -4 57.336377999999996 120.50348914392 0
89 84 -5 57.253424499999994 120.29193113761 0
91 86 -5 57.233049404999996 120.24060710270967 0
90 93 3 57.917183679999994 122.1285104324557 0
90 85 -5 57.21981778 120.20740792458008 0
93 91 -2 57.52477792 121.00081231419905 0
94 89 -5 57.25701080499999 120.30099041483709 0
92 90 -2 57.504507219999994 120.94609799488458 0
95 88 -7 57.138415124999995 120.00535920517126 0
94 87 -7 57.13964032 120.00837291954177 0
94 88 -6 57.221022205 120.21042569842298 0
93 98 5 58.046739405 122.53505449151217 0
93 92 -1 57.608158044999996 121.2291793882913 0
96 89 -7 57.075519119999996 119.85172910470465 0
99 91 -8 57.026878124999996 119.73433030359377 0
95 94 -1 57.559453125 121.09512580078126 0
94 93 -1 57.55388049999999 121.07990666543 0
96 103 7 58.170047004999994 122.94172935754727 0
97 98 1 57.710198805 121.51637052690508 0
100 97 -3 57.429322 120.74576532856001 0
103 94 -9 57.004269404999995 119.68016748873035 0
101 100 -1 57.59714144499999 121.198692558321 0
99 95 -4 57.38774272 120.63667069394945 0
100 106 6 58.073740644999994 122.62236136653343 0
101 95 -6 57.198085119999995 120.15309912203264 0
103 91 -12 56.751584245 119.09097341487062 0
101 92 -9 56.96002048 119.57488465829888 0
97 92 -5 57.260594319999996 120.31005033174978 0
96 93 -3 57.42587240499999 120.73666950385484 0
96 106 10 58.333876124999996 123.51717379427626 0
96 104 8 58.188552404999996 123.00460370292268 0
101 97 -4 57.395859044999995 120.65787424081822 0
108 98 -10 56.98787842 119.64105747543304 0
103 98 -5 57.31047057999999 120.43695881308074 0
101 95 -6 57.24145 120.26173811000001 0
102 108 6 58.07278049999999 122.61924064893 0
100 102 2 57.785456319999994 121.73408438746625 0
103 95 -8 57.11261441999999 119.94208366018105 0
107 94 -13 56.737049999999996 119.05792383000001 0
101 95 -6 57.18960640499999 120.13198460134085 0
99 94 -5 57.322265279999996 120.46719506068993 0
98 107 9 58.26492100499999 123.26963153500624 0
98 98 0 57.65082658 121.34819536183673 0
102 94 -8 57.033140499999995 119.74937780467002 0
103 95 -8 57.06309202 119.82162047023385 0
99 98 -1 57.61145698 121.23832779356489 0
98 101 3 57.83648320499999 121.88476994982148 0
100 113 13 58.490696445 124.11354882824152 0
102 107 5 57.96726018 122.2833172137017 0
108 103 -5 57.29034844499999 120.38557510864553 0
111 103 -8 57.155539645 120.0475562875436 0
107 105 -2 57.521406445 120.99169083591153 0
106 104 -2 57.52477792 121.00081231419905 0
107 115 8 58.161679119999995 122.91346364598465 0
107 110 3 57.885747044999995 122.03274399717172 0
111 110 -1 57.605957204999996 121.22308105780203 0
114 109 -5 57.372629245 120.59730424013563 0
113 108 -5 57.33872578 120.50953929891209 0
112 108 -4 57.41089192 120.69726405255105 0
111 117 6 58.021449204999996 122.45411776571004 0
111 106 -5 57.36213538 120.57005918928249 0
115 99 -16 56.52551840499999 118.58615581627117 0
111 100 -11 56.894863644999994 119.42153988537191 0
104 98 -6 57.253424499999994 120.29193113761 0
102 97 -5 57.31755112 120.45509960976065 0
102 116 14 58.491510579999996 124.1167796605393 0
101 104 3 57.883708645 122.0265709866531 0
106 102 -4 57.393541645 120.6518156349696 0
108 101 -7 57.177467605 120.10182624792614 0
106 100 -6 57.259400125 120.30703028809626 0
104 98 -6 57.253424499999994 120.29193113761 0
103 108 5 57.987073779999996 122.34536297410409 0
102 100 -2 57.540474579999994 121.04339224678473 0
105 96 -9 57.025624719999996 119.73132092484545 0
105 98 -7 57.137189619999994 120.00234554581866 0
101 97 -4 57.38077378 120.61849970865593 0
100 94 -6 57.237851604999996 120.25268155361965 0
101 104 3 57.8333805 121.87553371557001 0
99 101 2 57.814705679999996 121.8201455998637 0
101 95 -6 57.208964005 120.18025091017428 0
105 98 -7 57.131057444999996 119.987278068589 0
100 99 -1 57.575015244999996 121.1377546081424 0
99 102 3 57.848866125 121.92172899657376 0
101 109 8 58.17283071999999 122.95115507142657 0
103 103 0 57.687640079999994 121.45211089969729 0
108 96 -12 56.809346125 119.22318023272626 0
108 101 -7 57.18960640499999 120.13198460134085 0
101 100 -1 57.565017999999995 121.11034778632002 0
101 98 -3 57.43391712 120.75789442788864 0
103 107 4 57.928267004999995 122.16253091017978 0
102 104 2 57.8022 121.78324776000001 0
104 95 -9 56.99292738 119.65309067552954 0
108 98 -10 56.92306940499999 119.48767992894219 0
101 96 -5 57.33167872 120.49138981728257 0
99 94 -5 57.266560645 120.32515162681092 0
100 106 6 58.032174479999995 122.48834467912513 0
98 100 2 57.79279144499999 121.75558865336902 0
101 92 -9 57.01055967999999 119.69521146131969 0
104 91 -13 56.71584231999999 119.00985238239426 0
98 93 -5 57.311651444999995 120.4399820821135 0
96 92 -4 57.363302604999994 120.57308607233138 0
96 94 -2 57.481866419999996 120.88534453702297 0
96 96 0 57.629004179999995 121.28713789604234 0
96 88 -8 57.061847605 119.81860985711388 0
98 89 -9 56.973968205 119.60796904686899 0
95 87 -8 56.97776561999999 119.61699275391337 0
93 86 -7 57.096574045 119.90292457976072 0
93 96 3 57.877586005 122.00805588155629 0
91 90 -1 57.61365472 121.24442733868545 0
93 86 -7 57.12491752 119.97221194222786 0
96 86 -10 56.85486449999999 119.32836123009001 0
93 86 -7 57.105217679999996 119.92400917712833 0
91 85 -6 57.15920128 120.05659996561408 0
91 94 3 57.907075379999995 122.09760050014249 0
91 83 -8 56.98029568 119.62300872773633 0
92 82 -10 56.822390125 119.25323008723376 0
92 81 -11 56.76608098 119.12402362948089 0
89 79 -10 56.814567444999994 119.2352000163815 0
88 79 -9 56.912830125 119.46362759306626 0
87 96 9 58.32863884499999 123.4980808402972 0
86 89 3 57.908087605 122.10069073651638 0
89 83 -6 57.138415124999995 120.00535920517126 0
96 83 -13 56.56107704499999 118.6643039987958 0
91 82 -9 56.878126079999994 119.38246252879873 0
89 79 -10 56.741017604999996 119.06693730314637 0
88 90 2 57.818864319999996 121.83244975678977 0
87 82 -5 57.26775298 120.32817210232889 0
87 80 -7 57.079241204999995 119.86076259748054 0
91 82 -9 56.865215379999995 119.35240546895753 0
88 79 -9 56.89614897999999 119.42454599389289 0
87 79 -8 56.915391805 119.46964052061944 0
87 87 0 57.68871740499999 121.45516953813768 0
86 83 -3 57.39701728 120.66090367927809 0
87 78 -9 56.821087119999994 119.25022504124865 0
91 81 -10 56.80673360499999 119.21717041603988 0
88 82 -6 57.10274962 119.91798475594138 0
86 78 -8 56.938391124999995 119.52376167905126 0
88 85 -3 57.428172444999994 120.7427332920465 0
87 81 -6 57.111382405 119.93907111835269 0
86 75 -11 56.67586401999999 118.91971842886986 0
89 79 -10 56.821087119999994 119.25022504124865 0
86 78 -8 56.920511444999995 119.48166668724652 0
84 77 -7 57.001751125 119.67415016208875 0
86 80 -6 57.13964032 120.00837291954177 0
85 79 -6 57.07800081999999 119.85775138628776 0
85 76 -9 56.861336124999994 119.34338873793627 0
87 80 -7 57.01558632 119.70724732493377 0
85 85 0 57.624624819999994 121.27493241270426 0
85 85 0 57.61365472 121.24442733868545 0
87 91 4 57.981142719999994 122.32674171629057 0
90 88 -2 57.475049999999996 120.86712657000001 0
91 84 -7 57.103983805 119.92099694131994 0
93 83 -10 56.81065192 119.22618515960897 0
91 84 -7 57.079241204999995 119.86076259748054 0
89 83 -6 57.140865205 120.01138668909404 0
89 91 2 57.828203124999995 121.86014310546877 0
89 89 0 57.69625 121.47658375 0
90 83 -7 57.059357844999994 119.81258876528582 0
94 83 -11 56.713185779999996 119.0038434792521 0
91 85 -6 57.140865205 120.01138668909404 0
89 85 -4 57.33167872 120.49138981728257 0
89 99 10 58.38392780499999 123.70219310232409 0
90 93 3 57.917183679999994 122.1285104324557 0
93 87 -6 57.137189619999994 120.00234554581866 0
98 87 -11 56.754222805 119.09698249156908 0
93 86 -7 57.11507751999999 119.94810889873216 0
91 85 -6 57.16773424499999 120.0777039118819 0
91 100 9 58.26223122 123.26013900462745 0
91 89 -2 57.528146604999996 121.00993477283714 0
93 87 -6 57.16407912 120.06865901305537 0
96 85 -11 56.747624079999994 119.08195983844674 0
92 87 -5 57.25820562 120.30401031584665 0
91 90 -1 57.548300125 121.06469035978375 0
90 102 12 58.47516898 124.0522145640729 0
92 92 0 57.647561124999996 121.33903352000127 0
97 87 -10 56.884569805 119.39749183968608 0
97 89 -8 57.0080445 119.68919375901001 0
93 92 -1 57.548300125 121.06469035978375 0
92 89 -3 57.451104645 120.8033922902011 0
93 96 3 57.875542644999996 122.00188548430742 0
94 94 0 57.674687999999996 121.41541757952001 0
95 94 -1 57.552765044999994 121.0768631785798 0
98 89 -9 56.94348844499999 119.5357898367145 0
97 97 0 57.631192 121.29324138304001 0
94 94 0 57.674687999999996 121.41541757952001 0
95 100 5 58.013625444999995 122.429239646453 0
98 98 0 57.641021845 121.3207132640462 0
99 93 -6 57.22703968 120.22551556332033 0
101 96 -5 57.29982884499999 120.4097529023672 0
98 94 -4 57.3947005 120.65484489277002 0
97 94 -3 57.446528125 120.79125738765626 0
98 106 8 58.163540819999994 122.91974343736777 0
97 99 2 57.83131048 121.86937700530113 0
100 95 -5 57.284413119999996 120.37046645198336 0
103 98 -5 57.311651444999995 120.4399820821135 0
99 99 0 57.65734911999999 121.36652249534465 0
99 102 3 57.852983845 121.9340537288322 0
101 109 8 58.17283071999999 122.95115507142657 0
102 105 3 57.834415045 121.87861230431022 0
107 98 -9 57.01055967999999 119.69521146131969 0
107 103 -4 57.35863184499999 120.5609790534387 0
102 99 -3 57.473912844999994 120.8640905991317 0
102 98 -4 57.369134079999995 120.58822177820673 0
102 111 9 58.244228019999994 123.19690782070185 0
100 98 -2 57.503378125 120.94305932609376 0
105 93 -12 56.74894444499999 119.08496435898999 0
101 95 -6 57.201714204999995 120.16214914475754 0
97 94 -3 57.405116245 120.6821122937879 0
96 91 -5 57.259400125 120.30703028809626 0
97 103 6 58.10144999999999 122.71294779000002 0
95 100 5 57.99791840499999 122.37951886760868 0
97 98 1 57.718756645 121.54086615046292 0
103 100 -3 57.477323379999994 120.87319881705449 0
100 100 0 57.662776045 121.3817986413528 0
101 99 -2 57.525901125 121.00385302459875 0
102 107 5 58.011666405 122.42302197114334 0
101 106 5 58.006763379999995 122.40748101391449 0
104 98 -6 57.218613045 120.20439021673371 0
108 100 -8 57.128602404999995 119.98125145708734 0
102 102 0 57.69302360499999 121.46740542696764 0
101 98 -3 57.47959552 120.87927147229185 0
103 106 3 57.83648320499999 121.88476994982148 0
102 102 0 57.664944645 121.38791000448143 0
103 96 -7 57.137189619999994 120.00234554581866 0
105 105 0 57.641021845 121.3207132640462 0
100 111 11 58.3813645 123.69260267891 0
101 110 9 58.25144417999999 123.2221894079777 0
109 118 9 58.18763008 123.0014579514573 0
112 120 8 58.140180445 122.84130624010953 0
115 111 -4 57.388903125 120.63969950296875 0
120 112 -8 57.172603405 120.08976460305618 0
113 111 -2 57.54494818 121.05556192613369 0
112 110 -2 57.568353204999994 121.11948235425398 0
112 118 6 58.03022722 122.48211991622458 0
112 114 2 57.76652482 121.67882092573576 0
115 109 -6 57.284413119999996 120.37046645198336 0
116 109 -7 57.214996979999995 120.19533748753513 0
111 109 -2 57.54941681999999 121.06773339551977 0
110 105 -5 57.31283199999999 120.44300542976 0
110 113 3 57.85812401999999 121.94946322074986 0
107 109 2 57.79174449999999 121.75251616849 0
110 104 -6 57.284413119999996 120.37046645198336 0
111 104 -7 57.20292327999999 120.16516594585792 0
107 105 -2 57.51127527999999 120.96433223891009 0
105 102 -3 57.45339104499999 120.80946033047971 0
105 109 4 57.950321124999995 122.23063416789876 0
104 108 4 57.907075379999995 122.09760050014249 0
106 105 -1 57.608158044999996 121.2291793882913 0
109 106 -3 57.497727999999995 120.92786756608001 0
107 103 -4 57.381936044999996 120.6215279845453 0
107 100 -7 57.183540879999995 120.1169046611245 0
105 108 3 57.857096604999995 121.94638100357288 0
102 108 6 58.06123457999999 122.58180721004473 0
105 106 1 57.712340125 121.52249360979626 0
109 106 -3 57.46594408 120.84284163739329 0
107 106 -1 57.59714144499999 121.198692558321 0
107 98 -9 57.035643279999995 119.7553970915821 0
107 107 0 57.69302360499999 121.46740542696764 0
101 101 0 57.647561124999996 121.33903352000127 0
103 95 -8 57.079241204999995 119.86076259748054 0
104 97 -7 57.138415124999995 120.00535920517126 0
99 95 -4 57.40164711999999 120.67302234051137 0
98 95 -3 57.415506879999995 120.70938712433153 0
98 114 16 58.61318752 124.61767938505217 0
97 102 5 57.982132005 122.32984480901524 0
102 98 -4 57.37728512499999 120.60941541002126 0
104 99 -5 57.342245125 120.51861514967877 0
101 95 -6 57.194453245 120.14404966673112 0
100 93 -7 57.127374419999995 119.97823823197898 0
98 98 0 57.653001999999994 121.35430389416001 0
96 100 4 57.948322405 122.22443949615518 0
97 94 -3 57.406271999999994 120.68514246144001 0
100 94 -6 57.20050481999999 120.15913240719577 0
97 90 -7 57.079241204999995 119.86076259748054 0
96 90 -6 57.157981045 120.05358534867221 0
94 100 6 58.077578124999995 122.63484619140625 0
93 95 2 57.8126245 121.81399443911002 0
95 90 -5 57.24145 120.26173811000001 0
98 91 -7 57.122459379999995 119.96618586533849 0
94 89 -5 57.25581568 120.2979705849037 0
93 88 -5 57.29864488 120.40673041045953 0
93 95 2 57.778106005 121.71258738602124 0
92 93 1 57.752789605 121.63893775953588 0
93 87 -6 57.14698498 120.0264563703169 0
96 87 -9 56.91667217999999 119.47264702309033 0
92 88 -4 57.316371804999996 120.45207594602059 0
90 87 -3 57.439654045 120.7730579592068 0
91 92 1 57.70054751999999 121.48882339766786 0
91 90 -1 57.588305844999994 121.17431171187933 0
92 89 -3 57.448817004999995 120.79732464303024 0
93 93 0 57.68656244499999 121.44905239443602 0
93 94 1 57.716619044999995 121.5347414202643 0
93 93 0 57.626815119999996 121.28103490636738 0
95 105 10 58.305815005 123.41544443936777 0
95 102 7 58.1486125 122.86952861125002 0
98 97 -1 57.59162152 121.18345363777985 0
103 93 -10 56.94348844499999 119.5357898367145 0
100 93 -7 57.151875219999994 120.03851312528056 0
96 94 -2 57.543830244999995 121.05251933889012 0
95 108 13 58.529425245 124.26893894767241 0
95 100 5 58.017539805 122.44167721985607 0
100 95 -5 57.31047057999999 120.43695881308074 0
103 97 -6 57.259400125 120.30703028809626 0
98 99 1 57.759135445 121.6573423462455 0
97 100 3 57.898966419999994 122.07288462861705 0
99 112 13 58.493137919999995 124.12324214267905 0
101 105 4 57.93128322 122.17181280475657 0
106 105 -1 57.61804648 121.25662789467714 0
107 106 -1 57.623529205 121.27188135146748 0
105 109 4 57.902009604999996 122.08215182884163 0
106 106 0 57.6638605 121.38485425813002 0
108 115 7 58.06508818 122.59428191859368 0
107 108 1 57.760191999999996 121.66041028096001 0
110 103 -7 57.17381992 120.09277992445504 0
110 105 -5 57.31283199999999 120.44300542976 0
105 101 -4 57.412046124999996 120.70029468127376 0
104 101 -3 57.464804445 120.83980647437002 0
103 109 6 58.071820044999996 122.6161201264448 0
102 103 1 57.733685124999994 121.58375478354125 0
105 100 -5 57.33050312499999 120.48836518953125 0
105 98 -7 57.151875219999994 120.03851312528056 0
102 100 -2 57.48640449999999 120.89749190021001 0
99 99 0 57.634471405 121.30239754888417 0
99 110 11 58.3813645 123.69260267891 0
99 100 1 57.747492879999996 121.62360454274753 0
103 98 -5 57.280848205 120.36140215743649 0
102 97 -5 57.318730124999995 120.45812335293375 0
99 100 1 57.710198805 121.51637052690508 0
98 97 -1 57.572795805 121.13166339338794 0
99 106 7 58.109048079999994 122.73796658347072 0
98 98 0 57.687640079999994 121.45211089969729 0
101 95 -6 57.252228445 120.288911519922 0
101 96 -5 57.29982884499999 120.4097529023672 0
97 98 1 57.760191999999996 121.66041028096001 0
97 97 0 57.64864992 121.34208733994497 0
98 108 10 58.318130804999996 123.45992090714044 0
98 102 4 57.917183679999994 122.1285104324557 0
101 99 -2 57.493202319999995 120.91571604896578 0
103 98 -5 57.339899204999995 120.51256449989998 0
100 99 -1 57.565017999999995 121.11034778632002 0
99 99 0 57.68009012499999 121.43070415045376 0
99 109 10 58.332131605 123.51080851075788 0
99 104 5 57.994964499999995 122.37020144309001 0
103 102 -1 57.57723344499999 121.14384628810302 0
105 103 -2 57.519157244999995 120.9856103928409 0
102 103 1 57.710198805 121.51637052690508 0
102 101 -1 57.626815119999996 121.28103490636738 0
102 112 10 58.28722738 123.34881653843048 0
102 107 5 58.00283537999999 122.39505156067753 0
106 102 -4 57.412046124999996 120.70029468127376 0
108 103 -5 57.29390592 120.39464120930305 0
103 103 0 57.654089244999994 121.35735835214312 0
102 103 1 57.75384802 121.64200483176185 0
102 111 9 58.249641999999994 123.21586765496002 0
103 105 2 57.779156979999996 121.71565794359513 0
106 103 -3 57.440800499999995 120.77609095473001 0
106 106 0 57.636656125 121.30850228492376 0
103 104 1 57.74324992 121.61134053269505 0
104 103 -1 57.60044968 121.2078373442797 0
104 112 8 58.18486124499999 122.9920219870604 0
103 108 5 57.977182479999996 122.31433114090689 0
106 103 -3 57.476186844999994 120.87016264258632 0
108 104 -4 57.4178125 120.71544921875001 0
104 104 0 57.636656125 121.30850228492376 0
103 102 -1 57.621337045 121.26577959936422 0
103 111 8 58.14486802 122.85698326001818 0
102 103 1 57.7496125 121.62973740125001 0
105 102 -3 57.451104645 120.8033922902011 0
104 103 -1 57.624624819999994 121.27493241270426 0
102 107 5 57.987073779999996 122.34536297410409 0
102 105 3 57.87349804499999 121.9957157370988 0
104 114 10 58.304050645 123.40909445394092 0
105 105 0 57.65517618 121.36041293822569 0
108 102 -6 57.26894500499999 120.33119265039778 0
106 102 -4 57.412046124999996 120.70029468127376 0
102 103 1 57.701621124999996 121.49188364703876 0
102 102 0 57.68116962 121.43376186008138 0
102 108 6 58.06701312 122.60052043505665 0
102 104 2 57.817825125 121.82937348772126 0
104 100 -4 57.365636124999995 120.57914009606377 0
105 99 -6 57.25701080499999 120.30099041483709 0
101 99 -2 57.552765044999994 121.0768631785798 0
99 100 1 57.70269442 121.49494403171897 0
99 104 5 58.02242577999999 122.45722836784793 0
99 99 0 57.65082658 121.34819536183673 0
101 94 -7 57.162860124999995 120.06564416391626 0
100 97 -3 57.46822242 120.84891226482505 0
96 96 0 57.68116962 121.43376186008138 0
96 95 -1 57.566130044999994 121.11339252725273 0
97 104 7 58.16540128 122.92602407214594 0
96 97 1 57.746432604999995 121.62053832711113 0
98 95 -3 57.415506879999995 120.70938712433153 0
99 96 -3 57.451104645 120.8033922902011 0
96 94 -2 57.495465779999996 120.92179159818792 0
96 92 -4 57.319908819999995 120.46114717570377 0
95 102 7 58.173758004999996 122.95429740080924 0
93 96 3 57.850925605 121.92789104554814 0
96 93 -3 57.448817004999995 120.79732464303024 0
97 95 -2 57.48640449999999 120.89749190021001 0
95 94 -1 57.56168000499999 121.10121425182724 0
94 93 -1 57.546065805 121.05860462525457 0
94 99 5 58.049644019999995 122.54440158503017 0
94 96 2 57.81574580499999 121.82322140942208 0
96 95 -1 57.56168000499999 121.10121425182724 0
97 95 -2 57.504507219999994 120.94609799488458 0
95 94 -1 57.59162152 121.18345363777985 0
95 91 -4 57.381936044999996 120.6215279845453 0
95 109 14 58.562727044999995 124.40543418809422 0
93 98 5 58.038008819999995 122.50702349073624 0
97 95 -2 57.50224872 120.94002076311745 0
99 94 -5 57.29034844499999 120.38557510864553 0
96 93 -3 57.400490125 120.66999253876627 0
95 92 -3 57.46936112499999 120.85194772956126 0
94 100 6 58.056410604999996 122.56621816904689 0
93 95 2 57.778106005 121.71258738602124 0
95 90 -5 57.25701080499999 120.30099041483709 0
96 93 -3 57.441946644999994 120.77912404705542 0
92 91 -1 57.58941138 121.1773589020265 0
92 91 -1 57.55722500499999 121.08903780576529 0
93 101 8 58.19591984499999 123.02977747823732 0
92 94 2 57.78964968 121.74637164628032 0
95 92 -3 57.464804445 120.83980647437002 0
95 93 -2 57.510148044999994 120.96129293179122 0
93 93 0 57.66060620499999 121.37568779586553 0
93 91 -2 57.537116125 121.03426615567626 0
93 98 5 58.028278719999996 122.47589590495745 0
93 96 3 57.893888245 122.05744261830141 0
94 93 -1 57.59714144499999 121.198692558321 0
96 93 -3 57.46138368 120.83070158610434 0
94 92 -2 57.46822242 120.84891226482505 0
93 92 -1 57.584987379999994 121.16517085038953 0
93 96 3 57.86633218 121.97412672200969 0
92 93 1 57.746432604999995 121.62053832711113 0
94 92 -2 57.47959552 120.87927147229185 0
94 93 -1 57.61365472 121.24442733868545 0
93 99 6 58.119463044999996 122.7723884821563 0
93 93 0 57.621337045 121.26577959936422 0
96 99 3 57.843712 121.90632664064 0
94 98 4 57.918192805 122.13160235373908 0
95 96 1 57.760191999999996 121.66041028096001 0
97 101 4 57.96626624499999 122.28021679950211 0
96 99 3 57.90403684499999 122.0883307959037 0
98 97 -1 57.61145698 121.23832779356489 0
99 105 6 58.085238204999996 122.65982525663898 0
97 103 6 58.05061160499999 122.54751766502213 0
99 98 -1 57.565017999999995 121.11034778632002 0
102 99 -3 57.46138368 120.83070158610434 0
98 101 3 57.883708645 122.0265709866531 0
97 98 1 57.75596391999999 121.64813940639297 0
99 109 10 58.27921940499999 123.32029328527969 0
98 102 4 57.91112242 122.10996245281497 0
101 102 1 57.757021404999996 121.65120690912585 0
101 102 1 57.762304179999994 121.66654658351769 0
100 104 4 57.962287405 122.26781691363985 0
100 102 2 57.78755362 121.74022771970937 0
101 111 10 58.291665404999996 123.36467094221433 0
101 105 4 57.949321919999996 122.22753674479105 0
104 101 -3 57.421268604999995 120.72454306222488 0
104 103 -1 57.601551805 121.21088584618808 0
100 104 4 57.90909952 122.10378114064386 0
100 103 3 57.843712 121.90632664064 0
101 112 11 58.365065445 123.63191557156702 0
101 107 6 58.038980124999995 122.51013728731627 0
104 104 0 57.65734911999999 121.36652249534465 0
106 104 -2 57.525901125 121.00385302459875 0
102 104 2 57.82094178 121.83860275558393 0
101 100 -1 57.56056672 121.09816996921856 0
102 110 8 58.203267444999994 123.054965114919 0
99 104 5 58.024378 122.46345013208001 0
102 100 -2 57.552765044999994 121.0768631785798 0
103 99 -4 57.38542097999999 120.63061334354089 0
100 99 -1 57.580558419999996 121.15298468317306 0
98 97 -1 57.56168000499999 121.10121425182724 0
97 107 10 58.299634319999996 123.39322362182978 0
96 102 6 58.06701312 122.60052043505665 0
99 96 -3 57.46024280499999 120.82766682307094 0
101 99 -2 57.514655125 120.97345080269126 0
96 98 2 57.79174449999999 121.75251616849 0
96 98 2 57.78964968 121.74637164628032 0
96 109 13 58.47516898 124.0522145640729 0
96 105 9 58.249641999999994 123.21586765496002 0
100 100 0 57.630098245 121.2901895772939 0
103 103 0 57.6638605 121.38485425813002 0
99 105 6 58.035093044999996 122.49768323565623 0
99 103 4 57.96726018 122.2833172137017 0
101 111 10 58.27743644499999 123.31395733703403 0
101 105 4 57.93128322 122.17181280475657 0
104 102 -2 57.541593445 121.0464344993795 0
104 105 1 57.74537201999999 121.61747225366616 0
100 107 7 58.132664205 122.81623375085249 0
101 106 5 57.96726018 122.2833172137017 0
103 115 12 58.373657845 123.66384493582332 0
103 112 9 58.21607800499999 123.09907708537078 0
106 107 1 57.713410319999994 121.52555535658178 0
109 106 -3 57.46366449999999 120.83677141159001 0
105 105 0 57.638839604999994 121.31460752287414 0
103 102 -1 57.59824449999999 121.20174070051002 0
102 106 4 57.93329247999999 122.17800159181313 0
100 104 4 57.905049999999996 122.09142053000001 0
101 98 -3 57.480731125 120.88230795338876 0
101 102 1 57.74218840499999 121.60827488484118 0
98 102 4 57.94732258 122.22134242182729 0
98 100 2 57.788601805 121.74329960862194 0
99 110 11 58.34952100499999 123.57450503054129 0
98 104 6 58.058341125 122.57245320730127 0
101 101 0 57.65517618 121.36041293822569 0
102 103 1 57.733685124999994 121.58375478354125 0
99 100 1 57.729426045 121.57149810353722 0
99 103 4 57.907075379999995 122.09760050014249 0
98 109 11 58.379654079999995 123.68621031772673 0
98 104 6 58.042862244999995 122.5225943691059 0
102 103 1 57.75173088 121.63587083048449 0
102 105 3 57.881669005 122.02039863141823 0
100 105 5 57.990035125 122.35467604022875 0
101 103 2 57.819903204999996 121.83552617935604 0
101 115 14 58.498823845 124.14586943158781 0
100 108 8 58.170975219999995 122.94487104995946 0
104 104 0 57.651914444999996 121.35124956411249 0
106 105 -1 57.60044968 121.2078373442797 0
102 103 1 57.708056244999995 121.51024799049462 0
101 101 0 57.69302360499999 121.46740542696764 0
100 107 7 58.09669112499999 122.69731755051126 0
99 103 4 57.945322 122.21514879544 0
100 101 1 57.74537201999999 121.61747225366616 0
101 99 -2 57.552765044999994 121.0768631785798 0
99 99 0 57.65734911999999 121.36652249534465 0
97 99 2 57.79383808 121.75866128764929 0
96 106 10 58.345185279999995 123.55857177300993 0
96 102 6 58.08428178 122.65670218483609 0
99 99 0 57.639930879999994 121.31766033047553 0
100 97 -3 57.444238004999995 120.78519052276829 0
97 98 1 57.705912444999996 121.504125999254 0
95 98 3 57.896936079999996 122.06670732680129 0
95 106 11 58.3813645 123.69260267891 0
95 101 6 58.095738419999996 122.69419210091306 0
98 99 1 57.718756645 121.54086615046292 0
99 101 2 57.80428737999999 121.78939588357049 0
97 98 1 57.69839938 121.48270330419848 0
97 97 0 57.68656244499999 121.44905239443602 0
96 105 9 58.29343844499999 123.371014340252 0
95 99 4 57.92625464499999 122.15634383588892 0
98 97 -1 57.55611048 121.08599397885888 0
97 97 0 57.627909804999994 121.28408633912144 0
95 96 1 57.76547012499999 121.67575212263375 0
94 95 1 57.732620819999994 121.58069040361225 0
94 102 8 58.24242088 123.19058967984449 0
93 95 2 57.78755362 121.74022771970937 0
95 96 1 57.705912444999996 121.504125999254 0
94 95 1 57.729426045 121.57149810353722 0
93 95 2 57.814705679999996 121.8201455998637 0
93 92 -1 57.55388049999999 121.07990666543 0
