83 68 -15 56.97143504499999 119.60195340938772 0
78 68 -10 57.356294604999995 120.55492605565664 0
75 68 -7 57.68979442 121.45822830992105 0
74 74 0 58.332131605 123.51080851075788 0
73 70 -3 58.012646079999996 122.42613071631872 0
74 68 -6 57.769687045 121.6880282075258 0
78 70 -8 57.621337045 121.26577959936422 0
75 69 -6 57.76335980499999 121.66961495168857 0
74 68 -6 57.79383808 121.75866128764929 0
75 76 1 58.376229519999995 123.67342860008385 0
74 75 1 58.40009728 123.76298515959809 0
75 71 -4 57.95531249999999 122.24612390625 0
80 72 -8 57.581666125 121.15603104888626 0
79 70 -9 57.53599602 121.03122434698585 0
76 69 -7 57.701621124999996 121.49188364703876 0
77 78 1 58.406026245 123.7854053273179 0
76 71 -5 57.91112242 122.10996245281497 0
76 70 -6 57.832345645 121.8724552826216 0
81 69 -12 57.276090645 120.3493174715566 0
77 70 -7 57.718756645 121.54086615046292 0
76 70 -6 57.781257999999994 121.72179950072001 0
75 74 -1 58.245131125 123.20006722895127 0
76 72 -4 57.95730688 122.25232102862849 0
76 70 -6 57.75173088 121.63587083048449 0
79 71 -8 57.59162152 121.18345363777985 0
77 73 -4 57.992007805 122.36088565665594 0
75 71 -4 57.982132005 122.32984480901524 0
77 81 4 58.625407679999995 124.67011552839169 0
78 79 1 58.38904604499999 123.7213807392753 0
78 71 -7 57.74324992 121.61134053269505 0
85 72 -13 57.14943072 120.03248463481344 0
81 74 -7 57.746432604999995 121.62053832711113 0
77 74 -3 58.094785404999996 122.69106685036567 0
77 85 8 58.92535391999999 126.11715116296705 0
79 81 2 58.495576605 124.13293791220714 0
81 77 -4 58.011666405 122.42302197114334 0
88 77 -11 57.444238004999995 120.78519052276829 0
84 78 -6 57.8333805 121.87553371557001 0
82 78 -4 57.989048319999995 122.35157150388225 0
82 85 3 58.582289919999994 124.48692097642498 0
83 88 5 58.699255244999996 124.99629952267762 0
84 83 -1 58.238802879999994 123.17795609610752 0
90 82 -8 57.739002 121.59907878984001 0
90 83 -7 57.82923921999999 121.86322091688857 0
87 82 -5 57.985097999999994 122.33915516712001 0
87 88 1 58.422882445 123.84953214837651 0
87 86 -1 58.283671379999994 123.33613721279353 0
88 78 -10 57.539355404999995 121.04035010541185 0
91 79 -12 57.341072319999995 120.51558978343425 0
87 79 -8 57.718756645 121.54086615046292 0
83 80 -3 58.11851778 122.76925820617993 0
83 88 5 58.694133519999994 124.97313594683585 0
84 85 1 58.417838605 123.83028328959489 0
87 78 -9 57.639930879999994 121.31766033047553 0
91 80 -11 57.42702258 120.73970135053273 0
87 80 -7 57.74112657999999 121.60520937852328 0
83 81 -2 58.168189645 122.93544660854641 0
84 87 3 58.532620404999996 124.28191701115068 0
84 87 3 58.54931361999999 124.35012580261065 0
87 82 -5 57.9353005 122.18419106627002 0
91 85 -6 57.854012499999996 121.93713530875002 0
89 85 -4 58.06893682 122.60675972805977 0
87 83 -4 58.005781845 122.40437337505132 0
89 91 2 58.491510579999996 124.1167796605393 0
88 88 0 58.369365519999995 123.64787714698818 0
89 86 -3 58.109048079999994 122.73796658347072 0
93 86 -7 57.825092979999994 121.85091060038889 0
91 86 -5 57.96427744499999 122.2740165027115 0
90 86 -4 58.073740644999994 122.62236136653343 0
90 92 2 58.475989004999995 124.05544025076178 0
90 92 2 58.471885779999994 124.03931450750792 0
92 91 -1 58.288115604999994 123.35198695226438 0
95 90 -5 57.97321728 122.30192343048193 0
95 90 -5 58.001852604999996 122.39194465607864 0
94 88 -6 57.91617424499999 122.12541868040061 0
94 95 1 58.422882445 123.84953214837651 0
93 98 5 58.647354445 124.76535245790751 0
94 90 -4 58.085238204999996 122.65982525663898 0
100 90 -10 57.629004179999995 121.28713789604234 0
96 95 -1 58.2586405 123.24748549633001 0
94 92 -2 58.229736179999996 123.14638781379432 0
95 98 3 58.52542432 124.25272267073025 0
97 98 1 58.435443219999996 123.89769514316345 0
98 96 -2 58.22428128 123.12745754193409 0
101 95 -6 57.94732258 122.22134242182729 0
100 95 -5 57.987073779999996 122.34536297410409 0
99 93 -6 57.928267004999995 122.16253091017978 0
98 98 0 58.342580125 123.54901474718376 0
97 103 6 58.71163048 125.05261860642113 0
99 96 -3 58.16540128 122.92602407214594 0
104 96 -8 57.78964968 121.74637164628032 0
100 98 -2 58.19867752 123.03922121310785 0
99 91 -8 57.74855284499999 121.6266709007392 0
100 98 -2 58.24151684499999 123.18743094690882 0
96 96 0 58.33300402 123.51399103168984 0
97 90 -7 57.84577458 121.9124871095753 0
100 91 -9 57.725162005 121.55924365664774 0
95 88 -7 57.83751682 121.88784900692025 0
94 87 -7 57.84474344499999 121.90940679631052 0
93 97 4 58.56743980499999 124.42497455929144 0
91 95 4 58.603970319999995 124.57840232693826 0
94 90 -4 58.035093044999996 122.49768323565623 0
99 91 -8 57.796976125 121.76788008853626 0
95 91 -4 58.066050804999996 122.59740107983959 0
94 88 -6 57.89083762 122.04817939893738 0
95 94 -1 58.304050645 123.40909445394092 0
93 95 2 58.48498882 124.09094061727625 0
94 88 -6 57.93730728 122.19038122943809 0
98 91 -7 57.827166719999994 121.85706544902146 0
94 90 -4 58.071820044999996 122.6161201264448 0
93 88 -5 57.994964499999995 122.37020144309001 0
94 90 -4 58.092878445 122.68481694576802 0
93 94 1 58.411940019999996 123.80783801858217 0
93 85 -8 57.752789605 121.63893775953588 0
96 87 -9 57.679010319999996 121.42764657285825 0
92 84 -8 57.75173088 121.63587083048449 0
90 83 -7 57.777054719999995 121.70951697555458 0
90 91 1 58.413626879999995 123.81424966705154 0
88 92 4 58.58073202 124.48039537105385 0
89 84 -5 57.99791840499999 122.37951886760868 0
95 85 -10 57.567241779999996 121.11643738317609 0
91 85 -6 57.86017792 121.95562813444097 0
89 83 -6 57.846805405 121.91556758059818 0
89 89 0 58.322514579999996 123.4758166828353 0
88 89 1 58.42540018 123.85916007016169 0
89 85 -4 58.05930592 122.57557101533698 0
93 86 -7 57.81678561999999 121.82629737198664 0
91 83 -8 57.731556205 121.57762616374448 0
90 82 -8 57.709127679999995 121.51330919047169 0
89 92 3 58.519810005 124.23003161079724 0
87 85 -2 58.20693380499999 123.06756415749008 0
89 82 -7 57.760191999999996 121.66041028096001 0
92 83 -9 57.61035764499999 121.23527820364993 0
88 82 -6 57.872475279999996 121.99263110684993 0
86 80 -6 57.881669005 122.02039863141823 0
87 88 1 58.389897999999995 123.72457956088002 0
86 82 -4 58.005781845 122.40437337505132 0
87 77 -10 57.476186844999994 120.87016264258632 0
89 80 -9 57.63337858 121.29934536867128 0
85 79 -6 57.881669005 122.02039863141823 0
82 75 -7 57.760191999999996 121.66041028096001 0
85 87 2 58.475989004999995 124.05544025076178 0
83 82 -1 58.268503044999996 123.28229144946371 0
82 77 -5 57.950321124999995 122.23063416789876 0
89 76 -13 57.23905137999999 120.25570033707353 0
85 74 -11 57.34810449999999 120.53374322729002 0
82 73 -9 57.57168562 121.12861796005338 0
81 77 -4 57.99890241999999 122.38262504056505 0
79 79 0 58.298750125 123.39005016234626 0
79 78 -1 58.275652244999996 123.3076223141134 0
82 76 -6 57.867356805 121.97721038260559 0
83 74 -9 57.59824449999999 121.20174070051002 0
83 73 -10 57.46936112499999 120.85194772956126 0
81 80 -1 58.245131125 123.20006722895127 0
79 78 -1 58.291665404999996 123.36467094221433 0
80 73 -7 57.770740499999995 121.69109759283 0
84 73 -11 57.416659845 120.71241812486019 0
82 72 -10 57.46024280499999 120.82766682307094 0
79 71 -8 57.61804648 121.25662789467714 0
79 78 -1 58.21607800499999 123.09907708537078 0
78 76 -2 58.12984049999999 122.80683496167 0
78 70 -8 57.583880605 121.16212413233065 0
82 71 -11 57.386582004999994 120.63364197419477 0
80 72 -8 57.59162152 121.18345363777985 0
76 72 -4 57.97123282 122.29572064635178 0
77 76 -1 58.21790312499999 123.10538230796877 0
77 73 -4 58.016561679999995 122.43856754824769 0
78 71 -7 57.70484008 121.50106520766272 0
80 75 -5 57.87860721999999 122.01114132435545 0
78 82 4 58.609352445 124.60130875076602 0
77 73 -4 57.954314845 122.24302560832521 0
81 84 3 58.52382177999999 124.2462381164961 0
83 82 -1 58.286338844999996 123.34564635773032 0
80 77 -3 58.046739405 122.53505449151217 0
87 76 -11 57.405116245 120.6821122937879 0
85 75 -10 57.44538322 120.78822390648345 0
81 74 -7 57.68979442 121.45822830992105 0
81 83 2 58.514985644999996 124.21059298259843 0
80 81 1 58.40433380499999 123.77899828965744 0
81 75 -6 57.857096604999995 121.94638100357288 0
87 74 -13 57.237851604999996 120.25268155361965 0
84 77 -7 57.715549779999996 121.53167926165193 0
80 75 -5 57.919201619999996 122.13469444441465 0
80 88 8 58.898090845 125.97023078327433 0
81 81 0 58.3728 123.66065088000002 0
83 79 -4 57.978173004999995 122.3174335157533 0
89 80 -9 57.60044968 121.2078373442797 0
85 81 -4 57.99397924499999 122.3670959991544 0
84 77 -7 57.724095219999995 121.55618039262058 0
85 82 -3 58.140180445 122.84130624010953 0
84 77 -7 57.796976125 121.76788008853626 0
83 73 -10 57.498858645 120.93090570743692 0
85 76 -9 57.569464319999994 121.12252744065026 0
81 75 -6 57.83751682 121.88784900692025 0
79 76 -3 58.06123457999999 122.58180721004473 0
81 84 3 58.54931361999999 124.35012580261065 0
81 80 -1 58.270292205 123.28862278419298 0
82 76 -6 57.805330604999995 121.79247017207938 0
87 75 -12 57.31755112 120.45509960976065 0
84 77 -7 57.744311124999996 121.61440632224875 0
81 75 -6 57.857096604999995 121.94638100357288 0
81 89 8 58.863698879999994 125.79006764708353 0
82 87 5 58.665320124999994 124.84436307688375 0
83 82 -1 58.22610082 123.13376674415225 0
92 82 -10 57.572795805 121.13166339338794 0
88 80 -8 57.724095219999995 121.55618039262058 0
86 80 -6 57.87860721999999 122.01114132435545 0
86 85 -1 58.298750125 123.39005016234626 0
85 82 -3 58.10049884499999 122.70982134268971 0
86 76 -10 57.483001404999996 120.88838122335834 0
88 77 -11 57.438507279999996 120.77002506032193 0
84 78 -6 57.86017792 121.95562813444097 0
81 77 -4 58.03314764499999 122.49145734284761 0
82 86 4 58.597800719999995 124.55224129726656 0
83 83 0 58.332131605 123.51080851075788 0
84 80 -4 57.996934079999996 122.37641287715329 0
89 82 -7 57.784407204999994 121.73101294380798 0
86 85 -1 58.289891125 123.35832847998876 0
85 89 4 58.633763005 124.70620993335578 0
87 95 8 58.85843199999999 125.76296052224001 0
91 94 3 58.561153645 124.3989230291256 0
95 87 -8 57.732620819999994 121.58069040361225 0
98 84 -14 57.285600804999994 120.37348803297044 0
93 86 -7 57.843712 121.90632664064 0
90 88 -2 58.18393768 122.98887709504834 0
89 96 7 58.753884805 125.24880002370895 0
91 91 0 58.33300402 123.51399103168984 0
94 88 -6 57.883708645 122.0265709866531 0
96 89 -7 57.808458419999994 121.80169394646697 0
93 88 -5 58.000869519999995 122.38883793463617 0
92 88 -4 58.0535125 122.55686705375001 0
92 93 1 58.373657845 123.66384493582332 0
92 95 3 58.530224499999996 124.27218304289002 0
94 86 -8 57.715549779999996 121.53167926165193 0
97 86 -11 57.543830244999995 121.05251933889012 0
92 88 -4 58.029253125 122.47900781671876 0
90 85 -5 57.96726018 122.2833172137017 0
91 93 2 58.49638888 124.13617038172353 0
90 91 1 58.432936645 123.88805785818542 0
92 86 -6 57.881669005 122.02039863141823 0
96 89 -7 57.854012499999996 121.93713530875002 0
92 88 -4 58.03022722 122.48211991622458 0
91 88 -3 58.09001567999999 122.67544357765632 0
92 96 4 58.60011664499999 124.5620494707571 0
91 92 1 58.38392780499999 123.70219310232409 0
94 88 -6 57.885747044999995 122.03274399717172 0
97 87 -10 57.599347245 121.20478896244163 0
93 132 39 59.55443199999999 134.91461426176002 0.07464093327359997
91 153 62 58.868607999999995 145.38802588672002 0.23345379409920017
99 122 23 59.367550605 129.4040166997869 0
130 101 -29 56.56652900499999 118.67632564018928 0
101 95 -6 57.96726018 122.2833172137017 0
96 93 -3 58.15141760499999 122.87893981048387 0
100 92 -8 57.823018 121.84475636968001 0
97 92 -5 58.003817845 122.3981586485967 0
96 100 4 58.592386045 124.5293658560828 0
96 91 -5 57.99397924499999 122.3670959991544 0
99 87 -12 57.45910162 120.82463215962537 0
96 87 -9 57.65517618 121.36041293822569 0
92 87 -5 57.974209044999995 122.30502509007181 0
91 84 -7 57.83544927999999 121.8816910490061 0
91 97 6 58.721754579999995 125.0990682860953 0
90 90 0 58.351253125 123.58088004578127 0
92 89 -3 58.15608657999999 122.89462931909674 0
96 86 -10 57.624624819999994 121.27493241270426 0
93 87 -6 57.90909952 122.10378114064386 0
92 86 -6 57.89795140499999 122.06979589465169 0
91 90 -1 58.27118632 123.29178879650625 0
91 94 3 58.514180499999995 124.20735418243001 0
91 87 -4 58.016561679999995 122.43856754824769 0
95 87 -8 57.777054719999995 121.70951697555458 0
93 85 -8 57.7496125 121.62973740125001 0
91 83 -8 57.71982498 121.54392872237689 0
90 90 0 58.33125887999999 123.5076262313165 0
88 88 0 58.352984004999996 123.58725604140324 0
89 84 -5 57.985097999999994 122.33915516712001 0
93 86 -7 57.847835919999994 121.91864820954305 0
90 85 -5 57.952318604999995 122.23682953818513 0
89 82 -7 57.784407204999994 121.73101294380798 0
90 89 -1 58.268503044999996 123.28229144946371 0
88 87 -1 58.244228019999994 123.19690782070185 0
88 81 -7 57.8126245 121.81399443911002 0
92 83 -9 57.67360664499999 121.4123606596271 0
88 82 -6 57.879628124999996 122.01422693015627 0
86 80 -6 57.8333805 121.87553371557001 0
87 94 7 58.767262419999994 125.31221925429497 0
86 87 1 58.392452004999996 123.73417754116477 0
87 78 -9 57.638839604999994 121.31460752287414 0
93 81 -12 57.38774272 120.63667069394945 0
87 80 -7 57.777054719999995 121.70951697555458 0
84 79 -5 57.915164499999996 122.12232709741002 0
85 84 -1 58.286338844999996 123.34564635773032 0
84 87 3 58.564299205 124.41194649523749 0
85 81 -4 57.99299368 122.36399073706433 0
89 82 -7 57.761248245 121.66347835999612 0
88 81 -7 57.762304179999994 121.66654658351769 0
85 78 -7 57.72729464499999 121.5653706016086 0
86 90 4 58.620834419999994 124.65044300119897 0
84 83 -1 58.2224605 123.12114922637002 0
85 76 -9 57.624624819999994 121.27493241270426 0
90 77 -13 57.27490048 120.34629648474113 0
85 78 -7 57.725162005 121.55924365664774 0
82 76 -6 57.85504084499999 121.94021704773682 0
82 82 0 58.36764642 123.64149177235706 0
82 84 2 58.47270704499999 124.0425391184483 0
83 77 -6 57.825092979999994 121.85091060038889 0
87 78 -9 57.57834208 121.14689230294529 0
85 76 -9 57.56279298 121.10425864877112 0
82 76 -6 57.875542644999996 122.00188548430742 0
82 80 -2 58.14111858 122.84444122993129 0
81 77 -4 57.974209044999995 122.30502509007181 0
82 76 -6 57.806373519999994 121.79554461195585 0
83 78 -5 57.922226205 122.14397173443305 0
82 79 -3 58.134545124999995 122.82250063724126 0
81 79 -2 58.170975219999995 122.94487104995946 0
83 82 -1 58.272973619999995 123.29812151184937 0
84 80 -4 57.989048319999995 122.35157150388225 0
85 75 -10 57.44996098 120.80035841755912 0
86 75 -11 57.409737404999994 120.69423351637019 0
83 76 -7 57.76547012499999 121.67575212263375 0
80 76 -4 57.981142719999994 122.32674171629057 0
81 85 4 58.646602 124.76206417784002 0
81 84 3 58.585401999999995 124.49997568216001 0
83 78 -5 57.905049999999996 122.09142053000001 0
89 78 -11 57.444238004999995 120.78519052276829 0
86 79 -7 57.759135445 121.6573423462455 0
83 80 -3 58.075660004999996 122.62860338775027 0
83 87 4 58.61854360499999 124.64061078081238 0
84 86 2 58.506920244999996 124.17821742842013 0
86 83 -3 58.117572204999995 122.76612813318704 0
90 79 -11 57.494334204999994 120.91875377132504 0
89 85 -4 58.011666405 122.42302197114334 0
86 81 -5 57.914154444999994 122.11923568332 0
85 87 2 58.500445604999996 124.15233683423187 0
87 85 -2 58.173758004999996 122.95429740080924 0
87 77 -10 57.472775379999995 120.86105472981752 0
90 77 -13 57.29982884499999 120.4097529023672 0
85 80 -5 57.908087605 122.10069073651638 0
82 80 -2 58.143931124999995 122.85384744154877 0
83 87 4 58.645849244999994 124.7587762026769 0
84 84 0 58.305815005 123.41544443936777 0
86 78 -8 57.725162005 121.55924365664774 0
89 81 -8 57.750671845 121.63280404444382 0
86 83 -3 58.136424805 122.82876834670644 0
84 83 -1 58.27743644499999 123.31395733703403 0
86 88 2 58.492324405 124.12001076529718 0
87 84 -3 58.08619431999999 122.66294852569024 0
89 81 -8 57.69625 121.47658375 0
90 83 -7 57.78755362 121.74022771970937 0
87 81 -6 57.848866125 121.92172899657376 0
86 79 -7 57.747492879999996 121.62360454274753 0
86 90 4 58.597028124999994 124.54897249515626 0
85 85 0 58.347787645 123.56813099437241 0
86 81 -5 57.965272 122.27711656256001 0
91 81 -10 57.57168562 121.12861796005338 0
87 76 -11 57.371464499999995 120.59427666591 0
86 80 -6 57.847835919999994 121.91864820954305 0
84 89 5 58.661592 124.82788792896001 0
82 87 5 58.656359605 124.80483566090588 0
87 84 -3 58.10240084499999 122.71607443734432 0
91 85 -6 57.863256445 121.9648767057785 0
89 86 -3 58.116626319999995 122.76299826301377 0
88 84 -4 58.069898205 122.60987966617354 0
89 95 6 58.715976819999995 125.07251792200026 0
89 88 -1 58.286338844999996 123.34564635773032 0
92 90 -2 58.205101244999994 123.06126419975962 0
94 90 -4 58.028278719999996 122.47589590495745 0
93 90 -3 58.108099405 122.73483853130034 0
93 90 -3 58.092878445 122.68481694576802 0
93 98 5 58.653362845 124.7916696946692 0
93 90 -3 58.136424805 122.82876834670644 0
96 87 -9 57.66927812499999 121.40013428890626 0
95 88 -7 57.843712 121.90632664064 0
92 86 -6 57.887784204999996 122.03891766428498 0
91 86 -5 57.976191645 122.31122894512043 0
91 95 4 58.56979199999999 124.43474863104001 0
90 89 -1 58.289891125 123.35832847998876 0
93 86 -7 57.849896019999996 121.92480994185416 0
94 90 -4 58.090970244999994 122.6785678354074 0
91 90 -1 58.25144417999999 123.2221894079777 0
92 86 -6 57.92323378 122.14706450431592 0
93 94 1 58.399249045 123.75978329754822 0
91 88 -3 58.15048288 122.87580253557249 0
93 87 -6 57.885747044999995 122.03274399717172 0
94 90 -4 58.08619431999999 122.66294852569024 0
91 95 4 58.57605088 124.46082552919553 0
92 91 -1 58.278328079999994 123.31712519540929 0
96 98 2 58.45373951999999 123.96844071407617 0
96 90 -6 57.90302337999999 122.08524122890553 0
97 92 -5 57.995949444999994 122.37330706903502 0
95 95 0 58.309340004999996 123.42814725042975 0
94 93 -1 58.297865619999996 123.38687693812665 0
96 89 -7 57.8333805 121.87553371557001 0
97 96 -1 58.273866805 123.30128821520694 0
94 93 -1 58.278328079999994 123.31712519540929 0
95 85 -10 57.61145698 121.23832779356489 0
97 86 -11 57.565017999999995 121.11034778632002 0
91 84 -7 57.843712 121.90632664064 0
89 86 -3 58.146740879999996 122.86325551983553 0
89 93 4 58.630729044999995 124.6930804769943 0
89 85 -4 58.05737601999999 122.56933559192585 0
92 85 -7 57.83958312 121.89400759062337 0
91 84 -7 57.842680245 121.9032466423999 0
89 82 -7 57.76652482 121.67882092573576 0
89 81 -8 57.679010319999996 121.42764657285825 0
87 91 4 58.62921020499999 124.68651755824904 0
86 87 1 58.40179282 123.76938964716825 0
88 86 -2 58.160747805 122.91032406615659 0
92 88 -4 58.03412049999999 122.49457019497001 0
90 85 -5 57.92726097999999 122.1594372876009 0
90 84 -6 57.848866125 121.92172899657376 0
90 94 4 58.577612499999994 124.46734764875 0
88 89 1 58.389897999999995 123.72457956088002 0
90 86 -4 58.021449204999996 122.45411776571004 0
94 85 -9 57.699473604999994 121.48576328344238 0
91 86 -5 57.994964499999995 122.37020144309001 0
89 83 -6 57.919201619999996 122.13469444441465 0
89 92 3 58.55089631999999 124.35662839205378 0
89 87 -2 58.2041845 123.05811454831002 0
90 84 -6 57.913144079999995 122.11614443796674 0
92 86 -6 57.884727999999996 122.02965740992002 0
89 87 -2 58.20968032 123.07701573362178 0
89 86 -3 58.092878445 122.68481694576802 0
90 89 -1 58.264024719999995 123.26646712939457 0
90 84 -6 57.84577458 121.9124871095753 0
90 82 -8 57.69839938 121.48270330419848 0
89 82 -7 57.762304179999994 121.66654658351769 0
87 79 -8 57.65517618 121.36041293822569 0
86 79 -7 57.79593042 121.76480700506906 0
85 94 9 58.92535391999999 126.11715116296705 0
83 84 1 58.390749645 123.72777863495392 0
87 84 -3 58.132664205 122.81623375085249 0
90 83 -7 57.818864319999996 121.83244975678977 0
88 81 -7 57.79906660499999 121.77402670580464 0
88 79 -9 57.601551805 121.21088584618808 0
86 86 0 58.32951249999999 123.50126239625001 0
85 79 -6 57.827166719999994 121.85706544902146 0
85 76 -9 57.605957204999996 121.22308105780203 0
86 78 -8 57.710198805 121.51637052690508 0
83 77 -6 57.825092979999994 121.85091060038889 0
82 77 -5 57.96328258 122.27091661979273 0
83 86 3 58.532620404999996 124.28191701115068 0
82 82 0 58.30669672 123.41861978686146 0
84 77 -7 57.771793644999995 121.69416712409442 0
87 78 -9 57.60044968 121.2078373442797 0
84 76 -8 57.621337045 121.26577959936422 0
82 76 -6 57.79279144499999 121.75558865336902 0
82 83 1 58.437112719999995 123.90412130613058 0
81 81 0 58.351253125 123.58088004578127 0
82 75 -7 57.76652482 121.67882092573576 0
86 76 -10 57.45453377999999 120.8124944984441 0
83 75 -8 57.636656125 121.30850228492376 0
81 74 -7 57.69839938 121.48270330419848 0
81 78 -3 58.09383208 122.6879417987053 0
80 77 -3 58.077578124999995 122.63484619140625 0
80 76 -4 58.00283537999999 122.39505156067753 0
82 78 -4 57.96726018 122.2833172137017 0
82 84 2 58.511763204999994 124.19763944355854 0
82 77 -5 57.879628124999996 122.01422693015627 0
84 82 -2 58.21607800499999 123.09907708537078 0
85 80 -5 57.965272 122.27711656256001 0
83 81 -2 58.206017679999995 123.06441406943169 0
86 80 -6 57.848866125 121.92172899657376 0
85 79 -6 57.857096604999995 121.94638100357288 0
85 80 -5 57.932288005 122.17490711244174 0
84 89 5 58.673494719999994 124.88063562323457 0
84 83 -1 58.291665404999996 123.36467094221433 0
86 80 -6 57.862230579999995 121.96179368834073 0
89 82 -7 57.79279144499999 121.75558865336902 0
86 85 -1 58.233366579999995 123.15901244578329 0
85 84 -1 58.236086125 123.16848326387375 0
87 93 6 58.75882641999999 125.27215112609704 0
88 88 0 58.354713645 123.5936330187181 0
90 87 -3 58.154219919999996 122.88835288818497 0
93 85 -8 57.74112657999999 121.60520937852328 0
91 90 -1 58.296980805 123.38370394900707 0
90 86 -4 58.049644019999995 122.54440158503017 0
90 96 6 58.715976819999995 125.07251792200026 0
91 86 -5 57.936304045 122.18728606168322 0
93 82 -11 57.503378125 120.94305932609376 0
91 83 -8 57.714480204999994 121.52861724047904 0
88 83 -5 57.94632244499999 122.21824552164352 0
86 84 -2 58.18116512499999 122.97944370507876 0
87 96 9 58.89488351999999 125.95319095420417 0
87 94 7 58.774258319999994 125.34564588067776 0
91 88 -3 58.115680125 122.75986859549626 0
97 89 -8 57.76335980499999 121.66961495168857 0
93 89 -4 58.024378 122.46345013208001 0
91 86 -5 57.9752005 122.30812692823001 0
92 98 6 58.703633204999996 125.01616635912603 0
90 92 2 58.469420125 124.02964228519626 0
93 86 -7 57.84164817999999 121.90016680142634 0
96 85 -11 57.534875604999996 121.02818264886187 0
91 85 -6 57.928267004999995 122.16253091017978 0
89 85 -4 58.064125245 122.59116295115513 0
89 97 8 58.827088405 125.60416103617868 0
89 88 -1 58.29521024499999 123.37735867541261 0
92 85 -7 57.776003124999995 121.70644671203127 0
93 86 -7 57.79593042 121.76480700506906 0
89 89 0 58.323390405 123.47899655638318 0
88 91 3 58.527825805 124.26245159755794 0
90 102 12 59.051949404999995 126.85529048763783 0
93 96 3 58.55089631999999 124.35662839205378 0
98 93 -5 57.97321728 122.30192343048193 0
100 93 -7 57.896936079999996 122.06670732680129 0
96 95 -1 58.25684328 123.24116011017793 0
96 94 -2 58.19867752 123.03922121310785 0
97 104 7 58.750345779999996 125.23213053789209 0
97 100 3 58.514180499999995 124.20735418243001 0
101 99 -2 58.243324605 123.19374863772089 0
103 99 -4 58.07661922 122.63172469169146 0
102 98 -4 58.051578879999994 122.55063393636354 0
101 98 -3 58.124184719999995 122.78804291252546 0
100 106 6 58.66680920499999 124.85095529791255 0
100 96 -4 58.087150124999994 122.66607199215376 0
104 89 -15 57.277280499999996 120.35233853207001 0
100 90 -10 57.654089244999994 121.35735835214312 0
94 89 -5 57.96427744499999 122.2740165027115 0
92 88 -4 58.038008819999995 122.50702349073624 0
92 105 13 59.042362 126.79572248264002 0
91 94 3 58.54852180499999 124.34687493435808 0
96 92 -4 58.079495005 122.64108977881224 0
98 91 -7 57.867356805 121.97721038260559 0
95 91 -4 58.027304005 122.47278418077678 0
94 89 -5 57.965272 122.27711656256001 0
93 98 5 58.624646244999994 124.66683602402462 0
92 91 -1 58.239707845 123.1811141552042 0
95 87 -8 57.747492879999996 121.62360454274753 0
95 88 -7 57.850925605 121.92789104554814 0
91 88 -3 58.10240084499999 122.71607443734432 0
90 85 -5 57.980153124999994 122.32363880328126 0
91 93 2 58.50449458 124.16851014330473 0
89 91 2 58.502066125 124.15880533392627 0
91 86 -5 57.945322 122.21514879544 0
95 88 -7 57.84474344499999 121.90940679631052 0
91 89 -2 58.21425164499999 123.09277274352792 0
90 92 2 58.46448044499999 124.010305073118 0
91 98 7 58.79299240499999 125.43606494072517 0
93 93 0 58.3642045 123.62872400029002 0
97 87 -10 57.59603808 121.19564453571073 0
97 91 -6 57.949321919999996 122.22753674479105 0
92 90 -2 58.19867752 123.03922121310785 0
91 88 -3 58.15141760499999 122.87893981048387 0
93 97 4 58.57448801999999 124.45430456895818 0
92 94 2 58.471064205 124.03609016509503 0
94 86 -8 57.724095219999995 121.55618039262058 0
97 88 -9 57.70269442 121.49494403171897 0
91 87 -4 58.058341125 122.57245320730127 0
90 85 -5 57.93831020499999 122.19347656969848 0
90 95 5 58.68089361999999 124.91364329398937 0
89 90 1 58.422042579999996 123.84632335905273 0
91 83 -8 57.761248245 121.66347835999612 0
94 83 -11 57.46138368 120.83070158610434 0
89 84 -5 57.987073779999996 122.34536297410409 0
86 83 -3 58.124184719999995 122.78804291252546 0
87 85 -2 58.15608657999999 122.89462931909674 0
87 86 -1 58.289003519999994 123.35515759939585 0
87 80 -7 57.768633279999996 121.68495896801794 0
88 81 -7 57.750671845 121.63280404444382 0
86 78 -8 57.697324845 121.47964345977232 0
84 78 -6 57.825092979999994 121.85091060038889 0
84 87 3 58.52862568 124.26569513261633 0
82 82 0 58.311100644999996 123.4345000786866 0
84 78 -6 57.851954879999994 121.93097230781953 0
87 78 -9 57.575015244999996 121.1377546081424 0
84 78 -6 57.832345645 121.8724552826216 0
82 77 -5 57.898966419999994 122.07288462861705 0
82 85 3 58.568224179999994 124.42823229496233 0
82 75 -7 57.732620819999994 121.58069040361225 0
83 74 -9 57.5761245 121.14080038989002 0
83 74 -9 57.522530579999994 120.99473122001929 0
80 72 -8 57.594934405 121.19259663251535 0
80 72 -8 57.60705777999999 121.22613016251992 0
79 87 8 58.880030004999995 125.8749243867203 0
78 81 3 58.531023444999995 124.27542741843303 0
80 75 -5 57.895920445 122.06361892490202 0
86 75 -11 57.37844832 120.61244342155777 0
82 74 -8 57.636656125 121.30850228492376 0
80 71 -9 57.52477792 121.00081231419905 0
80 81 1 58.43878098 123.91054851567912 0
79 74 -5 57.94732258 122.22134242182729 0
79 73 -6 57.771793644999995 121.69416712409442 0
82 74 -8 57.625720124999994 121.27798359761627 0
79 72 -7 57.68009012499999 121.43070415045376 0
79 71 -8 57.61804648 121.25662789467714 0
79 79 0 58.32951249999999 123.50126239625001 0
78 75 -3 58.073740644999994 122.62236136653343 0
79 70 -9 57.528146604999996 121.00993477283714 0
82 73 -9 57.569464319999994 121.12252744065026 0
79 74 -5 57.872475279999996 121.99263110684993 0
77 70 -7 57.739002 121.59907878984001 0
79 77 -2 58.169118479999995 122.93858787713089 0
79 73 -6 57.8022 121.78324776000001 0
78 68 -10 57.39933282 120.66696282808826 0
81 72 -9 57.512402205 120.96737165299048 0
78 70 -8 57.631192 121.29324138304001 0
76 69 -7 57.725162005 121.55924365664774 0
78 72 -6 57.83648320499999 121.88476994982148 0
77 71 -6 57.78755362 121.74022771970937 0
77 69 -8 57.583880605 121.16212413233065 0
78 72 -6 57.801155845 121.7801739246107 0
77 76 -1 58.28722738 123.34881653843048 0
77 76 -1 58.278328079999994 123.31712519540929 0
79 82 3 58.586956179999994 124.5065047851457 0
81 79 -2 58.19499999999999 123.02663000000001 0
82 76 -6 57.847835919999994 121.91864820954305 0
84 75 -9 57.55611048 121.08599397885888 0
82 76 -6 57.825092979999994 121.85091060038889 0
81 75 -6 57.813665244999996 121.81706994314763 0
80 82 2 58.514180499999995 124.20735418243001 0
81 81 0 58.322514579999996 123.4758166828353 0
81 75 -6 57.814705679999996 121.8201455998637 0
85 75 -10 57.455676204999996 120.81552876517698 0
82 77 -5 57.88268898 122.02348472720713 0
80 77 -3 58.07278049999999 122.61924064893 0
80 90 10 58.974550719999996 126.39232717817345 0
81 84 3 58.58384658 124.49344774635674 0
84 78 -6 57.863256445 121.9648767057785 0
89 78 -11 57.464804445 120.83980647437002 0
84 78 -6 57.842680245 121.9032466423999 0
82 77 -5 57.907075379999995 122.09760050014249 0
82 90 8 58.86501249999999 125.79684797875001 0
82 81 -1 58.23517991999999 123.16532610093505 0
84 78 -6 57.887784204999996 122.03891766428498 0
86 77 -9 57.55611048 121.08599397885888 0
83 79 -4 57.982132005 122.32984480901524 0
82 81 -1 58.25234480499999 123.22535062427357 0
82 92 10 58.98175911999999 126.43381361561538 0
83 83 0 58.333876124999996 123.51717379427626 0
87 79 -8 57.675769044999996 121.41847463062572 0
88 80 -8 57.711269619999996 121.51943199995866 0
84 83 -1 58.237897605 123.17479826129615 0
83 81 -2 58.157019444999996 122.8977678487775 0
84 87 3 58.527025619999996 124.25920834233337 0
85 85 0 58.34344881999999 123.55220017878378 0
86 85 -1 58.22701012499999 123.13692167816626 0
88 80 -8 57.723028125 121.55311726734377 0
87 87 0 58.356442044999994 123.60001097903672 0
85 85 0 58.34344881999999 123.55220017878378 0
86 90 4 58.633004979999995 124.70292711649688 0
88 88 0 58.35730578 123.60320032823209 0
89 84 -5 57.977182479999996 122.31433114090689 0
91 87 -4 58.029253125 122.47900781671876 0
88 85 -3 58.13736418 122.83190251050233 0
88 85 -3 58.117572204999995 122.76612813318704 0
88 95 7 58.80261740499999 125.48304574820983 0
88 90 2 58.461181124999996 123.99741894163876 0
91 86 -5 57.948322405 122.22443949615518 0
93 89 -4 58.026328979999995 122.46967264401289 0
89 89 0 58.3642045 123.62872400029002 0
89 92 3 58.535810604999995 124.29489956770064 0
91 98 7 58.79230258 125.43271171034729 0
92 94 2 58.499634879999995 124.14910299586049 0
96 88 -8 57.790697245 121.7494438328484 0
97 93 -4 58.04189218 122.51947981401034 0
92 90 -2 58.179315204999995 122.97315584851597 0
92 88 -4 58.08428178 122.65670218483609 0
92 100 8 58.845178 125.69529166408002 0
91 88 -3 58.149547845 122.87266546921582 0
94 84 -10 57.56168000499999 121.10121425182724 0
91 86 -5 57.93831020499999 122.19347656969848 0
88 85 -3 58.079495005 122.64108977881224 0
87 82 -5 57.953316879999996 122.23992748569154 0
87 93 6 58.758121405 125.26881426522168 0
86 90 4 58.61930751999999 124.64388788854785 0
88 88 0 58.362481679999995 123.62234160023233 0
93 91 -2 58.175611645 122.9605826976921 0
91 90 -1 58.29255207999999 123.36784252417473 0
91 89 -2 58.233366579999995 123.15901244578329 0
92 97 5 58.65186260499999 124.78508855048113 0
91 96 5 58.653362845 124.7916696946692 0
94 88 -6 57.93329247999999 122.17800159181313 0
97 91 -6 57.89287168 122.05435471327233 0
92 93 1 58.375372604999995 123.67023379570139 0
91 89 -2 58.19223860499999 123.01718886315264 0
93 95 2 58.49476402 124.12970571597018 0
92 92 0 58.350387219999995 123.57769241569545 0
93 87 -6 57.865307245 121.97104322244911 0
94 95 1 58.375372604999995 123.67023379570139 0
90 101 11 58.96669124499999 126.34744596328963 0
91 100 9 58.85645180499999 125.75280119695944 0
98 106 8 58.815582719999995 125.54691223597058 0
101 108 7 58.760939605 125.28216369021163 0
104 100 -4 58.085238204999996 122.65982525663898 0
108 101 -7 57.920210125 122.13778670464626 0
102 100 -2 58.238802879999994 123.17795609610752 0
101 100 -1 58.26581698 123.27279616965514 0
101 107 6 58.668297044999996 124.8575487562558 0
101 103 2 58.44211377999999 123.92340607976409 0
104 98 -6 57.990035125 122.35467604022875 0
104 98 -6 57.984109645 122.3360515342661 0
100 99 -1 58.255044819999995 123.23483563427577 0
99 95 -4 58.04770791999999 122.53816999843906 0
99 102 3 58.532620404999996 124.28191701115068 0
97 98 1 58.4321005 123.88484595173001 0
99 94 -5 58.02242577999999 122.45722836784793 0
100 94 -6 57.940315125 122.19966776839127 0
96 95 -1 58.24783857999999 123.20954680694874 0
95 92 -3 58.14111858 122.84444122993129 0
95 99 4 58.581511125 124.48365802825126 0
94 97 3 58.550105124999995 124.35337695512126 0
96 95 -1 58.274759679999995 123.30445514924034 0
99 96 -3 58.15608657999999 122.89462931909674 0
97 93 -4 58.06316199999999 122.58804417736 0
96 90 -6 57.95132002 122.23373176564218 0
95 98 3 58.500445604999996 124.15233683423187 0
92 98 6 58.693400604999994 124.96982812744938 0
95 96 1 58.373657845 123.66384493582332 0
98 96 -2 58.19315938 123.02033569262153 0
97 96 -1 58.2586405 123.24748549633001 0
96 89 -7 57.814705679999996 121.8201455998637 0
96 97 1 58.407717444999996 123.79181338730852 0
92 91 -1 58.273866805 123.30128821520694 0
93 86 -7 57.81054208 121.80784388841474 0
94 87 -7 57.859151125 121.95254559765127 0
89 86 -3 58.136424805 122.82876834670644 0
88 86 -2 58.15608657999999 122.89462931909674 0
88 103 15 59.153006604999995 127.52922047157713 0
88 92 4 58.593160499999996 124.53263289513 0
92 89 -3 58.0919245 122.68169229139002 0
94 90 -4 58.046739405 122.53505449151217 0
91 86 -5 57.932288005 122.17490711244174 0
90 84 -6 57.87860721999999 122.01114132435545 0
89 88 -1 58.297865619999996 123.38687693812665 0
86 90 4 58.636792005 124.71934422361775 0
87 85 -2 58.15515340499999 122.89149099895384 0
90 85 -5 57.945322 122.21514879544 0
88 81 -7 57.778106005 121.71258738602124 0
86 81 -5 57.93831020499999 122.19347656969848 0
85 90 5 58.692667379999996 124.96652062329049 0
84 86 2 58.471885779999994 124.03931450750792 0
86 81 -5 57.94332017999999 122.20895586431834 0
89 82 -7 57.811583445 121.810919087587 0
85 80 -5 57.96427744499999 122.2740165027115 0
84 80 -4 58.01068642 122.41991341076297 0
84 85 1 58.44211377999999 123.92340607976409 0
83 84 1 58.426238805 123.86236989590758 0
84 78 -6 57.872475279999996 121.99263110684993 0
86 78 -8 57.713410319999994 121.52555535658178 0
83 79 -4 58.035093044999996 122.49768323565623 0
82 79 -3 58.083325044999995 122.65357931011772 0
82 83 1 58.388193779999995 123.71818216997593 0
82 81 -1 58.289003519999994 123.35515759939585 0
83 81 -2 58.15515340499999 122.89149099895384 0
84 84 0 58.361619805 123.61915077112394 0
84 85 1 58.387341205 123.71498385281804 0
84 84 0 58.30757812499999 123.42179537109376 0
86 94 8 58.876779279999994 125.85793514723393 0
86 92 6 58.74750898 125.21880085732712 0
89 88 -1 58.24242088 123.19058967984449 0
93 84 -9 57.68440624499999 121.4429357827954 0
90 84 -6 57.900995519999995 122.07906259554817 0
87 85 -2 58.21150978 123.08331787931193 0
86 98 12 59.055311804999995 126.87634246236058 0
86 90 4 58.63603522 124.71606019730058 0
91 86 -5 57.972225204999994 122.29882194929654 0
93 88 -5 57.978173004999995 122.3174335157533 0
89 90 1 58.392452004999996 123.73417754116477 0
88 91 3 58.52141564499999 124.2365133773441 0
90 101 11 59.006636979999996 126.57945593177513 0
91 95 4 58.589285124999996 124.51630063095877 0
95 95 0 58.34865447999999 123.57131789015489 0
97 96 -1 58.281891519999995 123.32979894550017 0
95 98 3 58.53979138 124.31113409774649 0
96 96 0 58.32426592 123.48217666978306 0
97 103 6 58.72031199999999 125.09242876864 0
97 98 1 58.403487119999994 123.77579515379136 0
99 93 -6 57.920210125 122.13778670464626 0
99 95 -4 58.04867612499999 122.54128569622375 0
94 92 -2 58.17283071999999 122.95115507142657 0
94 91 -3 58.157951999999995 122.90090658816001 0
93 99 6 58.696330405 124.98306129799934 0
92 93 1 58.411940019999996 123.80783801858217 0
95 91 -4 58.029253125 122.47900781671876 0
95 88 -7 57.865307245 121.97104322244911 0
92 90 -2 58.19131752 123.01404224961217 0
90 89 -1 58.274759679999995 123.30445514924034 0
90 100 10 58.917172044999994 126.07266160495922 0
90 91 1 58.375372604999995 123.67023379570139 0
93 88 -5 57.996934079999996 122.37641287715329 0
92 88 -4 58.038980124999995 122.51013728731627 0
90 90 0 58.34171112 123.54582955904065 0
89 87 -2 58.225191205 123.13061203212948 0
89 95 6 58.75176232 125.23879734655425 0
89 89 0 58.32776488 123.49489952517953 0
91 86 -5 57.985097999999994 122.33915516712001 0
91 87 -4 58.029253125 122.47900781671876 0
88 89 1 58.398400499999994 123.75658168977002 0
87 87 0 58.371083379999995 123.65426351576554 0
88 98 10 58.92786088 126.13085285855553 0
89 92 3 58.531023444999995 124.27542741843303 0
92 89 -3 58.133604819999995 122.81936709124425 0
93 89 -4 58.051578879999994 122.55063393636354 0
90 89 -1 58.275652244999996 123.3076223141134 0
89 90 1 58.38478162 123.70539041255466 0
89 99 10 58.933483405 126.16170343752384 0
90 94 4 58.592386045 124.5293658560828 0
93 92 -1 58.26581698 123.27279616965514 0
95 93 -2 58.201432405 123.04866690165734 0
92 93 1 58.390749645 123.72777863495392 0
92 92 0 58.31637512499999 123.45356427009126 0
93 101 8 58.825064499999996 125.59405105609001 0
92 97 5 58.644342804999994 124.75220116640844 0
95 92 -3 58.16540128 122.92602407214594 0
97 93 -4 58.044801445 122.52882404957651 0
93 93 0 58.333876124999996 123.51717379427626 0
92 93 1 58.42875282 123.87200093089177 0
92 101 9 58.850494479999995 125.72234229624513 0
93 95 2 58.444610125 123.93305200985375 0
96 93 -3 58.123241005 122.78491161917378 0
96 95 -1 58.299634319999996 123.39322362182978 0
93 94 1 58.412783604999994 123.81104371437014 0
94 93 -1 58.28011042 123.32346160680905 0
94 101 7 58.785387279999995 125.39919796975809 0
93 97 4 58.61701484499999 124.63405746170233 0
96 93 -3 58.15515340499999 122.89149099895384 0
98 94 -4 58.09001567999999 122.67544357765632 0
94 94 0 58.312860044999994 123.44085385717523 0
93 92 -1 58.305815005 123.41544443936777 0
93 100 7 58.75741607999999 125.2654777343213 0
92 93 1 58.42540018 123.85916007016169 0
95 92 -3 58.139241999999996 122.83817145704 0
94 93 -1 58.30228504499999 123.4027454135023 0
92 97 5 58.630729044999995 124.6930804769943 0
92 95 3 58.53341842 124.28516222865305 0
94 103 9 58.883920644999996 125.8953233384091 0
95 95 0 58.322514579999996 123.4758166828353 0
98 92 -6 57.953316879999996 122.23992748569154 0
96 92 -4 58.09669112499999 122.69731755051126 0
93 93 0 58.31637512499999 123.45356427009126 0
92 92 0 58.365065445 123.63191557156702 0
92 98 6 58.69852449999999 124.99298949211001 0
92 94 2 58.48417220499999 124.08771195876048 0
94 90 -4 58.067975125 122.60363998440876 0
94 90 -4 58.032174479999995 122.48834467912513 0
91 90 -1 58.257742045 123.2443226893908 0
89 90 1 58.40433380499999 123.77899828965744 0
89 94 5 58.679416319999994 124.90703926554625 0
89 89 0 58.358169204999996 123.60638992366998 0
91 85 -6 57.90302337999999 122.08524122890553 0
90 88 -2 58.188552404999996 123.00460370292268 0
87 87 0 58.335619404999996 123.52354004506785 0
87 86 -1 58.232459444999996 123.15585595324252 0
87 94 7 58.810819044999995 125.5233681068018 0
86 88 2 58.46365608 124.00708314007872 0
89 86 -3 58.081410645 122.6473341512791 0
89 87 -2 58.180240319999996 122.97629966989825 0
87 85 -2 58.168189645 122.93544660854641 0
86 83 -3 58.085238204999996 122.65982525663898 0
86 93 7 58.767963404999996 125.31556041975634 0
84 86 2 58.505303444999996 124.1717456297095 0
87 84 -3 58.12607121999999 122.79430611129257 0
88 85 -3 58.153286124999994 122.88521498662627 0
85 85 0 58.309340004999996 123.42814725042975 0
85 84 -1 58.228827804999995 123.14323221282343 0
85 90 5 58.669040499999994 124.86084594983001 0
85 87 2 58.467774805 124.02319547744108 0
86 86 0 58.30140177999999 123.39957124724393 0
88 86 -2 58.170047004999994 122.94172935754727 0
86 85 -1 58.26223122 123.26013900462745 0
86 83 -3 58.07278049999999 122.61924064893 0
85 99 14 59.131631125 127.37892722988876 0
84 89 5 58.666064819999995 124.84765903281577 0
88 86 -2 58.1672605 122.93230555163001 0
90 85 -5 57.960296125 122.26161803097627 0
87 84 -3 58.082367999999995 122.65045663232002 0
85 84 -1 58.22701012499999 123.13692167816626 0
85 90 5 58.67497698 124.88723466571514 0
84 85 1 58.44211377999999 123.92340607976409 0
86 81 -5 57.958303605 122.25541985340988 0
87 84 -3 58.119463044999996 122.7723884821563 0
84 82 -2 58.206017679999995 123.06441406943169 0
83 82 -1 58.253245119999995 123.22851206731265 0
84 91 7 58.798499844999995 125.46290297155983 0
83 85 2 58.459529605 123.99097747493838 0
85 84 -1 58.22337104499999 123.12430327340222 0
86 84 -2 58.189474419999996 123.00774966966105 0
84 84 0 58.33823199999999 123.53309123776 0
84 83 -1 58.227919119999996 123.14007683433537 0
84 89 5 58.657856124999995 124.81142048557626 0
84 87 3 58.542176125 124.32087820196375 0
85 84 -1 58.274759679999995 123.30445514924034 0
87 84 -3 58.138303244999996 122.8350368805589 0
85 83 -2 58.157951999999995 122.90090658816001 0
84 83 -1 58.27118632 123.29178879650625 0
84 87 3 58.518203125 124.22355095703125 0
83 84 1 58.421202404999995 123.84311482842485 0
85 83 -2 58.168189645 122.93544660854641 0
85 84 -1 58.289003519999994 123.35515759939585 0
84 90 6 58.735397244999994 125.16220804997913 0
84 84 0 58.303168 123.40591981568001 0
86 89 3 58.547729679999996 124.34362435019969 0
85 88 3 58.55642600499999 124.37939642815878 0
86 87 1 58.412783604999994 123.81104371437014 0
88 92 4 58.579952604999995 124.47713300466889 0
87 90 3 58.53182208 124.27867207446529 0
88 88 0 58.33125887999999 123.5076262313165 0
89 95 6 58.73181792 125.14558100292098 0
88 93 5 58.65261287999999 124.78837896946753 0
90 88 -2 58.21150978 123.08331787931193 0
92 90 -2 58.168189645 122.93544660854641 0
88 91 3 58.568224179999994 124.42823229496233 0
88 89 1 58.39500322 123.74377779809657 0
89 98 9 58.890380244999996 125.9293504449374 0
88 92 4 58.591611279999995 124.52609911030592 0
91 92 1 58.437947005 123.90733478000024 0
92 93 1 58.376229519999995 123.67342860008385 0
90 94 4 58.621597404999996 124.65372100644234 0
91 92 1 58.40433380499999 123.77899828965744 0
92 100 8 58.833143379999996 125.63450969763448 0
91 95 4 58.604740125 124.58167378470375 0
94 91 -3 58.11851778 122.76925820617993 0
94 93 -1 58.281001124999996 123.32663016016127 0
90 94 4 58.576831844999994 124.4640864439762 0
90 93 3 58.520612979999996 124.23327235489114 0
91 101 10 58.948354044999995 126.24411977322072 0
91 96 5 58.68089361999999 124.91364329398937 0
94 94 0 58.330385844999995 123.50444419320182 0
95 94 -1 58.267607999999996 123.27912612672002 0
92 94 2 58.487436804999994 124.10062822037445 0
92 90 -2 58.19499999999999 123.02663000000001 0
92 100 8 58.812181644999995 125.53009328625042 0
89 94 5 58.68089361999999 124.91364329398937 0
92 91 -1 58.250543244999996 123.21902841826112 0
93 89 -4 58.092878445 122.68481694576802 0
90 89 -1 58.289891125 123.35832847998876 0
88 87 -1 58.286338844999996 123.34564635773032 0
88 96 8 58.861067919999996 125.77651124691906 0
87 92 5 58.672011219999995 124.87403782396746 0
89 87 -2 58.189474419999996 123.00774966966105 0
91 89 -2 58.22337104499999 123.12430327340222 0
87 88 1 58.432936645 123.88805785818542 0
87 88 1 58.43126404499999 123.8816343059368 0
87 98 11 59.007222645 126.5829320086351 0
87 95 8 58.825064499999996 125.59405105609001 0
90 90 0 58.333876124999996 123.51717379427626 0
93 93 0 58.342580125 123.54901474718376 0
89 94 5 58.68973138 124.95329375565353 0
89 93 4 58.633004979999995 124.70292711649688 0
91 100 9 58.87873064499999 125.86812761366343 0
91 95 4 58.589285124999996 124.51630063095877 0
94 92 -2 58.227919119999996 123.14007683433537 0
94 95 1 58.408562579999995 123.7950178010873 0
91 97 6 58.705090045 125.02279117636729 0
91 95 4 58.620834419999994 124.65044300119897 0
93 104 11 58.945270719999996 126.22693186310657 0
93 101 8 58.81694098 125.55364221973913 0
96 96 0 58.368506124999996 123.64468433548626 0
98 96 -2 58.19131752 123.01404224961217 0
95 95 0 58.308459219999996 123.42497119222857 0
93 92 -1 58.284560844999994 123.3393066950757 0
92 96 4 58.584624444999996 124.49671156844249 0
90 94 4 58.573706125 124.45104452317376 0
91 89 -2 58.19315938 123.02033569262153 0
91 92 1 58.42540018 123.85916007016169 0
88 92 4 58.62236007999999 124.65699931118273 0
88 90 2 58.486621119999995 124.09739874791937 0
90 99 9 58.89166844499999 125.93616020609801 0
88 94 6 58.715976819999995 125.07251792200026 0
91 91 0 58.34865447999999 123.57131789015489 0
92 93 1 58.411940019999996 123.80783801858217 0
89 90 1 58.427915125 123.86879032610875 0
89 93 4 58.581511125 124.48365802825126 0
89 99 10 58.92032512 126.08976557428737 0
89 94 5 58.639816044999996 124.73248335826722 0
92 93 1 58.42707711999999 123.86557998116865 0
92 95 3 58.540586605 124.31438184997538 0
90 95 5 58.645849244999994 124.7587762026769 0
91 93 2 58.493137919999995 124.12324214267905 0
92 104 12 59.001940499999996 126.55166145333001 0
91 97 6 58.73682680499999 125.16886114077559 0
94 94 0 58.32601602 123.48853761679416 0
95 95 0 58.333876124999996 123.51717379427626 0
92 93 1 58.38904604499999 123.7213807392753 0
91 92 1 58.382219244999995 123.69579923566562 0
90 96 6 58.735397244999994 125.16220804997913 0
89 93 4 58.61471938 124.62422972148153 0
91 91 0 58.366786405 123.63829945743669 0
91 90 -1 58.25684328 123.24116011017793 0
89 89 0 58.3642045 123.62872400029002 0
88 89 1 58.42875282 123.87200093089177 0
87 96 9 58.9038445 126.00092542501002 0
87 92 5 58.686790419999994 124.94007191854905 0
89 89 0 58.34952100499999 123.57450503054129 0
90 88 -2 58.1672605 122.93230555163001 0
87 88 1 58.421202404999995 123.84311482842485 0
86 89 3 58.53182208 124.27867207446529 0
86 96 10 58.93783911999999 126.18571922726466 0
86 91 5 58.702175125 125.00954281197126 0
89 89 0 58.355577999999994 123.59682187592 0
89 91 2 58.493137919999995 124.12324214267905 0
87 88 1 58.4153125 123.82066234375002 0
87 88 1 58.40433380499999 123.77899828965744 0
86 95 9 58.92032512 126.08976557428737 0
86 89 3 58.55721472 124.38265014636545 0
88 87 -1 58.282781605 123.33296796298964 0
88 87 -1 58.281891519999995 123.32979894550017 0
85 87 2 58.487436804999994 124.10062822037445 0
85 86 1 58.394153124999995 123.74057745921876 0
85 93 8 58.83045538 125.62101793239754 0
84 86 2 58.449594444999995 123.95235097870003 0
86 86 0 58.3642045 123.62872400029002 0
85 86 1 58.392452004999996 123.73417754116477 0
84 86 2 58.473527999999995 124.04576399808002 0
84 83 -1 58.24242088 123.19058967984449 0
