225 197 -28 50.176469804999996 107.34014577027393 0
228 205 -23 50.31345192 107.56742907463105 0
223 186 -37 49.928830125 106.92876806775377 0
226 194 -32 50.05790818 107.14327690928633 0
222 194 -28 50.157163645 107.3080982730681 0
219 196 -23 50.29428711999999 107.53564068739136 0
223 194 -29 50.142671005 107.28403856569128 0
221 205 -16 50.477924804999994 107.84011742659108 0
222 220 -2 50.839686205 108.43933454878554 0
225 202 -23 50.306267444999996 107.55551265565852 0
230 196 -34 50.0384805 107.11100326407 0
224 195 -29 50.140254479999996 107.28002660455489 0
222 195 -27 50.178881679999996 107.34414913063233 0
223 205 -18 50.41850367999999 107.74162349842433 0
222 198 -24 50.260700979999996 107.47992407106089 0
225 198 -27 50.186115445 107.35615577991702 0
223 197 -26 50.217429519999996 107.40812520568385 0
222 199 -23 50.287095205 107.52371073723347 0
224 193 -31 50.07004040499999 107.16342907353318 0
223 212 -11 50.61739048 108.07120085437889 0
222 221 -1 50.881490125 108.50854661345376 0
228 223 -5 50.769789804999995 108.32360165844143 0
229 206 -23 50.32302688 107.58330975345153 0
228 204 -24 50.284697279999996 107.51973295799809 0
229 202 -27 50.205391844999994 107.38814837371869 0
225 208 -17 50.463681404999996 107.81651042107833 0
226 202 -24 50.282299044999995 107.51575461389822 0
227 204 -23 50.320633605 107.57934042752014 0
226 198 -28 50.17405762 107.33614183767737 0
225 202 -23 50.303872 107.55153938944001 0
225 194 -31 50.101547919999994 107.21575695628097 0
224 216 -8 50.6832 108.18020544000001 0
223 231 8 51.11876968 108.90136074260033 0
230 209 -21 50.36605281999999 107.65466163549176 0
232 200 -32 50.08216487999999 107.18356675157953 0
225 205 -20 50.37798664499999 107.67444940253542 0
225 199 -26 50.227054079999995 107.42409642012673 0
225 200 -25 50.255897999999995 107.47195550088 0
225 198 -27 50.19334642 107.36815728495705 0
223 200 -23 50.28949282 107.52768795176824 0
224 203 -21 50.349332444999995 107.62693526672649 0
223 203 -20 50.387528124999996 107.69026956265625 0
225 198 -27 50.1837045 107.35215413529001 0
225 222 -3 50.835035125 108.43163380970876 0
223 202 -21 50.349332444999995 107.62693526672649 0
235 205 -30 50.159577999999996 107.31210621592001 0
225 206 -19 50.411360124999995 107.72978093860375 0
222 202 -20 50.3756005 107.67049296673001 0
228 197 -31 50.106390579999996 107.22379873100073 0
225 206 -19 50.39944799999999 107.71003221312 0
224 200 -24 50.272703005 107.49983558557673 0
226 212 -14 50.544246445 107.95002146659152 0
225 207 -18 50.43516112499999 107.76923669656125 0
227 203 -24 50.29428711999999 107.53564068739136 0
227 204 -23 50.311057405 107.56345749809017 0
225 253 28 51.612346405 109.71893112886333 0
226 211 -15 50.504008719999995 107.88334538839744 0
256 220 -36 50.06276199999999 107.15133951464 0
220 232 12 51.212305644999994 109.0562183741016 0
225 210 -15 50.5182205 107.90689622347 0
241 199 -42 49.87009324499999 106.83108926061112 0
231 209 -22 50.344552404999995 107.61900840557483 0
225 202 -23 50.291890124999995 107.53166460176625 0
227 208 -19 50.40421378 107.71793337316409 0
227 218 -9 50.662073445 108.14521436678302 0
225 218 -7 50.71601362 108.23454953121065 0
232 208 -24 50.291890124999995 107.53166460176625 0
230 233 3 50.983254644999995 108.6770196690886 0
228 257 29 51.630095125 109.74835890357126 0
243 230 -13 50.593828179999996 108.03216786645369 0
239 235 -4 50.814089919999994 108.39695439402497 0
232 229 -3 50.825729245 108.41622601002312 0
239 213 -26 50.267903125 107.49187267796876 0
243 219 -24 50.33498860499999 107.60314795274488 0
235 223 -12 50.610325044999996 108.0594966556598 0
232 221 -11 50.622099219999996 108.07900094363146 0
237 226 -11 50.62680672 108.08679886649857 0
234 223 -11 50.62680672 108.08679886649857 0
237 223 -14 50.5655125 107.98525651625 0
237 249 12 51.18726178 109.01475414230393 0
236 241 5 51.038509604999994 108.76849195405588 0
252 250 -2 50.858278125 108.47011646390627 0
238 256 18 51.34824824499999 109.2813280121814 0
249 246 -3 50.830382805 108.42393096389158 0
259 229 -30 50.217429519999996 107.40812520568385 0
255 241 -14 50.574956019999995 108.00090234746585 0
247 231 -16 50.532421119999995 107.93042730151937 0
247 243 -4 50.81641840499999 108.40080977288883 0
246 235 -11 50.64092178 108.11017964989608 0
248 236 -12 50.612680499999996 108.06339859743001 0
247 237 -10 50.67616060499999 108.16854659085064 0
244 256 12 51.178145619999995 108.99966120286665 0
248 251 3 50.967104979999995 108.65028434589689 0
256 262 6 51.043106124999994 108.77610129432625 0
249 233 -16 50.525322204999995 107.91866422991048 0
262 232 -30 50.236673679999996 107.44005853381569 0
255 216 -39 50.004434319999994 107.05443477142977 0
241 231 -10 50.652675804999994 108.12964877670794 0
235 221 -14 50.54661057999999 107.95393865793929 0
240 226 -14 50.574956019999995 108.00090234746585 0
238 228 -10 50.66911842 108.15688290125306 0
235 234 -1 50.872209045 108.49318084370572 0
241 227 -14 50.558426604999994 107.97351641535714 0
241 249 8 51.08671122 108.84828808056744 0
240 257 17 51.31888872 109.23270516440257 0
253 247 -6 50.760449205 108.30813457638747 0
247 242 -5 50.78145858 108.34292355859128 0
249 234 -15 50.5655125 107.98525651625 0
252 215 -37 50.040910045 107.11503950352522 0
248 228 -20 50.44229538 107.78106260293752 0
238 228 -10 50.664422079999994 108.14910441686528 0
237 226 -11 50.63386564499999 108.0984916916941 0
240 230 -10 50.671466124999995 108.16077133588625 0
236 233 -3 50.82805618 108.42007875054568 0
241 231 -10 50.664422079999994 108.14910441686528 0
242 257 15 51.25774384499999 109.1314530971122 0
241 241 0 50.90467112499999 108.54692442221126 0
258 248 -10 50.687891379999996 108.18797531914649 0
243 251 8 51.089003125 108.85208228703125 0
250 236 -14 50.589112 108.02435475136001 0
259 233 -26 50.31345192 107.56742907463105 0
250 247 -3 50.839686205 108.43933454878554 0
244 238 -6 50.76278481999999 108.31200214438425 0
257 244 -13 50.615035645 108.06729999694842 0
247 246 -1 50.874529779999996 108.4970230718281 0
249 242 -7 50.75110364499999 108.2926589834756 0
254 232 -22 50.39468098 107.70212882507913 0
251 257 6 51.043106124999994 108.77610129432625 0
247 267 20 51.36178112499999 109.30374137586125 0
267 258 -9 50.718355124999995 108.23842723387126 0
252 249 -3 50.839686205 108.43933454878554 0
256 253 -3 50.82805618 108.42007875054568 0
261 240 -21 50.439917605 107.77712118841364 0
261 249 -12 50.64092178 108.11017964989608 0
255 245 -10 50.666770404999994 108.15299392830067 0
256 245 -11 50.657375245 108.13743265002239 0
255 248 -7 50.744091219999994 108.28104669723257 0
253 246 -7 50.73941472 108.27330250796544 0
257 250 -7 50.746429004999996 108.28491799217073 0
255 269 14 51.221403204999994 109.07128127074148 0
257 259 2 50.957869779999996 108.63499564037193 0
268 264 -4 50.811761125 108.39309848700125 0
259 264 5 51.02241202 108.74184311814616 0
267 276 9 51.09129471999999 108.85587598483457 0
273 248 -25 50.37082728 107.66257841904192 0
279 261 -18 50.520588045 107.91081944087122 0
266 255 -11 50.659724499999996 108.14132377789001 0
262 259 -3 50.848984644999994 108.45472971196142 0
264 258 -6 50.776792 108.33519639104 0
264 257 -7 50.753440499999996 108.29652868017001 0
267 249 -18 50.501639004999994 107.87941832591179 0
265 273 8 51.08212648 108.84069814100289 0
261 274 13 51.18726178 109.01475414230393 0
283 289 6 51.02931284499999 108.75326712501919 0
265 273 8 51.08212648 108.84069814100289 0
283 264 -19 50.506378125 107.88727190109375 0
282 255 -27 50.344552404999995 107.61900840557483 0
272 266 -6 50.774458245 108.3313320111739 0
264 250 -14 50.600900124999995 108.04388346278375 0
275 269 -6 50.776792 108.33519639104 0
264 275 11 51.14619999999999 108.94677256 0
274 268 -6 50.788456124999996 108.35451033192376 0
272 262 -10 50.690236604999996 108.19185945312537 0
271 283 12 51.157616125 108.96567269036376 0
272 279 7 51.063775119999995 108.81031800355265 0
295 292 -3 50.85595522 108.46627056389944 0
278 273 -5 50.804772879999994 108.38152759533249 0
292 278 -14 50.629160004999996 108.09069701594724 0
286 274 -12 50.666770404999994 108.15299392830067 0
283 277 -6 50.779125445 108.33906024012452 0
285 269 -16 50.577316124999996 108.00481244267625 0
285 268 -17 50.567873844999994 107.98916879193781 0
281 275 -6 50.783791404999995 108.34678634660418 0
278 266 -12 50.652675804999994 108.12964877670794 0
285 268 -17 50.548974404999996 107.95785530244717 0
276 282 6 51.043106124999994 108.77610129432625 0
276 280 4 50.994780819999995 108.69610083929224 0
292 305 13 51.15533352 108.96189367243585 0
280 288 8 51.0775405 108.83310616483001 0
305 279 -26 50.408978319999996 107.72583230652225 0
292 274 -18 50.541881999999994 107.94610372824 0
284 279 -5 50.807102605 108.38538508781888 0
280 270 -10 50.697270419999995 108.20350863465097 0
289 282 -7 50.76278481999999 108.31200214438425 0
282 279 -3 50.853632004999994 108.46242413868228 0
289 262 -27 50.35888880499999 107.64278226505758 0
287 258 -29 50.303872 107.55153938944001 0
275 276 1 50.923193604999994 108.57758909396237 0
266 289 23 51.404561619999996 109.37460105929465 0
287 286 -1 50.886128805 108.51622635722494 0
277 264 -13 50.643273205 108.11407455517397 0
282 260 -22 50.439917605 107.77712118841364 0
278 257 -21 50.45893112499999 107.80863700038876 0
267 264 -3 50.839686205 108.43933454878554 0
264 259 -5 50.802442844999995 108.37766957403082 0
273 255 -18 50.52295528 107.91474210963008 0
268 250 -18 50.513484479999995 107.89904814208512 0
265 249 -16 50.56078888 107.97743032812353 0
262 251 -11 50.664422079999994 108.14910441686528 0
260 272 12 51.15989842 108.96945120454697 0
260 283 23 51.404561619999996 109.37460105929465 0
272 285 13 51.175865805 108.99588671274208 0
266 261 -5 50.797781844999996 108.3699519443262 0
278 264 -14 50.61739048 108.07120085437889 0
276 250 -26 50.363665125 107.65070240485876 0
269 267 -2 50.860600719999994 108.47396183886657 0
262 256 -6 50.78145858 108.34292355859128 0
274 259 -15 50.57967592 108.00872199317696 0
266 264 -2 50.860600719999994 108.47396183886657 0
264 255 -9 50.70195808 108.21127207363072 0
273 249 -24 50.392297004999996 107.69817629515023 0
265 267 2 50.950940124999995 108.62352367279625 0
260 275 15 51.241854579999995 109.10514360349529 0
277 284 7 51.056888244999996 108.79891703387612 0
267 262 -5 50.807102605 108.38538508781888 0
276 259 -17 50.539517245 107.9421854427209 0
276 249 -27 50.320633605 107.57934042752014 0
267 266 -1 50.890766244999995 108.5239040086754 0
258 254 -4 50.81641840499999 108.40080977288883 0
276 260 -16 50.563150844999996 107.9813436950332 0
262 258 -4 50.811761125 108.39309848700125 0
264 255 -9 50.71132968 108.22679252059969 0
268 251 -17 50.534786804999996 107.93434722952443 0
264 265 1 50.923193604999994 108.57758909396237 0
262 254 -8 50.737076005 108.26942961330877 0
272 276 4 50.9855605 108.68083693487 0
262 264 2 50.960179045 108.6388185933443 0
279 248 -31 50.26310200499999 107.48390750631478 0
269 240 -29 50.270303219999995 107.49585441469657 0
260 257 -3 50.848984644999994 108.45472971196142 0
251 241 -10 50.68554584499999 108.18409064815931 0
267 244 -23 50.40421378 107.71793337316409 0
253 239 -14 50.582035405 108.01263099913183 0
250 235 -15 50.553701124999996 107.96568695159876 0
252 239 -13 50.615035645 108.06729999694842 0
247 261 14 51.237311999999996 109.09762212864001 0
249 261 12 51.194095645 109.02606857935592 0
259 272 13 51.203203124999995 109.04114748046877 0
251 253 2 50.960179045 108.6388185933443 0
268 245 -23 50.392297004999996 107.69817629515023 0
267 240 -27 50.31345192 107.56742907463105 0
256 248 -8 50.730058 108.25780772728001 0
249 238 -11 50.64092178 108.11017964989608 0
257 242 -15 50.574956019999995 108.00090234746585 0
251 243 -8 50.723037205 108.24618103472204 0
250 241 -9 50.687891379999996 108.18797531914649 0
253 233 -20 50.44705 107.78894377 0
250 254 4 50.99017128 108.68846991849409 0
247 256 9 51.114193619999995 108.89378502258937 0
261 267 6 51.04540392 108.77990519647297 0
251 245 -6 50.765120124999996 108.31586918061626 0
261 244 -17 50.515852644999995 107.90297245726259 0
260 245 -15 50.57967592 108.00872199317696 0
252 254 2 50.955560205 108.63117216939904 0
254 239 -15 50.558426604999994 107.97351641535714 0
259 238 -21 50.423264499999995 107.74951575959001 0
252 239 -13 50.600900124999995 108.04388346278375 0
247 237 -10 50.664422079999994 108.14910441686528 0
250 233 -17 50.50874722 107.89119786416457 0
248 253 5 51.027012879999994 108.74945963586752 0
245 273 28 51.554526044999996 109.62308240142471 0
258 250 -8 50.71601362 108.23454953121065 0
252 240 -12 50.61739048 108.07120085437889 0
253 236 -17 50.513484479999995 107.89904814208512 0
251 232 -19 50.463681404999996 107.81651042107833 0
243 241 -2 50.853632004999994 108.46242413868228 0
245 233 -12 50.612680499999996 108.06339859743001 0
249 241 -8 50.713671805 108.23067129350808 0
245 230 -15 50.53715217999999 107.93826660987033 0
247 233 -14 50.570234879999994 107.99308052226048 0
245 227 -18 50.48741420499999 107.85584439624503 0
242 244 2 50.96479664499999 108.64646294594291 0
242 259 17 51.307582645 109.21398194378742 0
249 239 -10 50.671466124999995 108.16077133588625 0
248 230 -18 50.477924804999994 107.84011742659108 0
246 219 -27 50.248691205 107.45999839396804 0
243 221 -22 50.37082728 107.66257841904192 0
235 231 -4 50.811761125 108.39309848700125 0
234 228 -6 50.765120124999996 108.31586918061626 0
241 235 -6 50.769789804999995 108.32360165844143 0
237 220 -17 50.473178245 107.83225063286862 0
241 218 -23 50.354111245 107.63485988611711 0
239 213 -26 50.260700979999996 107.47992407106089 0
232 248 16 51.300795279999996 109.20274209756992 0
233 251 18 51.343734805 109.27385297285893 0
254 245 -9 50.694926124999995 108.19962611071375 0
234 226 -8 50.713671805 108.23067129350808 0
243 228 -15 50.539517245 107.9421854427209 0
246 216 -30 50.176469804999996 107.34014577027393 0
237 225 -12 50.61739048 108.07120085437889 0
236 210 -26 50.25109378 107.46398466337592 0
235 208 -27 50.239077804999994 107.44404764147407 0
233 213 -20 50.413741619999996 107.73372901450537 0
226 211 -15 50.5182205 107.90689622347 0
231 209 -22 50.342161919999995 107.61504413392896 0
229 225 -4 50.809432019999996 108.38924205165385 0
227 216 -11 50.619745005 108.07510116988527 0
235 223 -12 50.612680499999996 108.06339859743001 0
231 227 -4 50.814089919999994 108.39695439402497 0
231 228 -3 50.835035125 108.43163380970876 0
238 221 -17 50.480297619999995 107.84404999598264 0
237 225 -12 50.60325682 108.04778757519976 0
236 213 -23 50.339771125 107.61107930135125 0
236 215 -21 50.382758005 107.68236059888828 0
234 212 -22 50.339771125 107.61107930135125 0
230 210 -20 50.38991272 107.69422320773057 0
231 209 -22 50.34694258 107.62297211645273 0
228 228 0 50.89772008 108.53541656561728 0
228 230 2 50.96479664499999 108.64646294594291 0
236 228 -8 50.718355124999995 108.23842723387126 0
233 222 -11 50.622099219999996 108.07900094363146 0
235 219 -16 50.49926898 107.87549071347289 0
237 203 -34 50.048196819999994 107.12714473406025 0
235 217 -18 50.456555519999995 107.80469946077184 0
230 204 -26 50.23426924499999 107.43606885801562 0
230 206 -24 50.291890124999995 107.53166460176625 0
228 207 -21 50.37082728 107.66257841904192 0
224 204 -20 50.385143219999996 107.68631535976346 0
228 203 -25 50.258299644999994 107.47594006930392 0
225 219 -6 50.746429004999996 108.28491799217073 0
225 226 1 50.930134419999995 108.58907975379897 0
231 228 -3 50.823401999999994 108.41237274216 0
231 206 -25 50.255897999999995 107.47195550088 0
232 204 -28 50.200574605 107.38015365017664 0
231 196 -35 49.99956562 107.04634422672665 0
224 207 -17 50.45893112499999 107.80863700038876 0
225 202 -23 50.30866258 107.5594853584873 0
225 203 -22 50.33738002 107.60711390767784 0
225 208 -17 50.449426845 107.79288352286632 0
223 210 -13 50.551337919999995 107.96177140027905 0
226 203 -23 50.29908018 107.54359116617833 0
226 224 -2 50.8466605 108.45088171013 0
225 210 -15 50.513484479999995 107.89904814208512 0
233 210 -23 50.31345192 107.56742907463105 0
228 211 -17 50.466056079999994 107.82044630247873 0
225 206 -19 50.41612280499999 107.73767653439094 0
230 201 -29 50.15233400499999 107.30008066655324 0
227 216 -11 50.62680672 108.08679886649857 0
225 212 -13 50.5655125 107.98525651625 0
230 218 -12 50.598543119999995 108.03997880729665 0
228 250 22 51.465162445 109.47499493632351 0
228 210 -18 50.449426845 107.79288352286632 0
245 206 -39 49.97032737999999 106.99775183983049 0
228 228 0 50.900037405 108.53925303985767 0
227 251 24 51.516607119999996 109.56023868140865 0
237 246 9 51.123344499999995 108.90893443649 0
236 227 -9 50.671466124999995 108.16077133588625 0
234 227 -7 50.732397645 108.26168222312992 0
242 212 -30 50.16923232 107.32813225511424 0
237 218 -19 50.437539519999994 107.77317921967617 0
235 217 -18 50.45893112499999 107.80863700038876 0
231 214 -17 50.46130642 107.81257398710297 0
234 214 -20 50.406596205 107.72188311809698 0
230 212 -18 50.449426845 107.79288352286632 0
230 210 -20 50.385143219999996 107.68631535976346 0
230 235 5 51.020111125 108.73803408924876 0
228 244 16 51.307582645 109.21398194378742 0
240 240 0 50.906987519999994 108.55075933065217 0
234 224 -10 50.657375245 108.13743265002239 0
238 220 -18 50.468430444999996 107.824381631468 0
242 212 -30 50.166819204999996 107.32412660481998 0
234 212 -22 50.35888880499999 107.64278226505758 0
232 213 -19 50.425644444999996 107.75346105705002 0
230 217 -13 50.582035405 108.01263099913183 0
230 222 -8 50.69258152 108.19574305025985 0
231 218 -13 50.5655125 107.98525651625 0
232 213 -19 50.425644444999996 107.75346105705002 0
232 249 17 51.312106005 109.22147270967628 0
231 258 27 51.57011368 109.64891928938432 0
254 237 -17 50.515852644999995 107.90297245726259 0
235 230 -5 50.790788019999994 108.35837152955817 0
241 235 -6 50.767455119999994 108.31973568524737 0
243 215 -28 50.23426924499999 107.43606885801562 0
244 232 -12 50.612680499999996 108.06339859743001 0
239 226 -13 50.57967592 108.00872199317696 0
238 235 -3 50.82805618 108.42007875054568 0
239 228 -11 50.63151298 108.09459462429113 0
238 224 -14 50.551337919999995 107.96177140027905 0
241 216 -25 50.29428711999999 107.53564068739136 0
237 251 14 51.255474879999994 109.12769608893953 0
235 221 -14 50.567873844999994 107.98916879193781 0
260 221 -39 50.026328125 107.09081333984376 0
232 223 -9 50.671466124999995 108.16077133588625 0
231 216 -15 50.513484479999995 107.89904814208512 0
235 205 -30 50.15233400499999 107.30008066655324 0
233 220 -13 50.584394579999994 108.01653946070473 0
229 215 -14 50.541881999999994 107.94610372824 0
233 213 -20 50.39468098 107.70212882507913 0
231 218 -13 50.577316124999996 108.00481244267625 0
227 219 -8 50.71132968 108.22679252059969 0
232 215 -17 50.473178245 107.83225063286862 0
232 234 2 50.957869779999996 108.63499564037193 0
231 247 16 51.307582645 109.21398194378742 0
240 237 -3 50.83270912 108.42778265022464 0
239 223 -16 50.511116005 107.89512327777373 0
239 223 -16 50.520588045 107.91081944087122 0
240 211 -29 50.188526079999995 107.36015685296128 0
235 217 -18 50.456555519999995 107.80469946077184 0
233 213 -20 50.397064645 107.7060807976811 0
230 222 -8 50.708987244999996 108.22291321232161 0
231 218 -13 50.586753445 108.0204473780595 0
232 217 -15 50.525322204999995 107.91866422991048 0
233 215 -18 50.45417960499999 107.80076136808837 0
231 252 21 51.422540979999994 109.40438417512088 0
232 258 26 51.5300005 109.58243454023001 0
253 263 10 51.14163138 108.93920897705353 0
234 234 0 50.902354419999995 108.54308899200105 0
251 242 -9 50.697270419999995 108.20350863465097 0
256 226 -30 50.215022604999994 107.40413097885138 0
245 240 -5 50.786123919999994 108.35064860432705 0
243 231 -12 50.619745005 108.07510116988527 0
245 229 -16 50.515852644999995 107.90297245726259 0
244 232 -12 50.612680499999996 108.06339859743001 0
239 233 -6 50.74876647999999 108.28878875419713 0
243 228 -15 50.534786804999996 107.93434722952443 0
242 239 -3 50.83270912 108.42778265022464 0
240 251 11 51.180425125 109.00343519072126 0
245 244 -1 50.87917032 108.50470595653825 0
248 226 -22 50.38991272 107.69422320773057 0
246 223 -23 50.351721999999995 107.63089785656001 0
244 212 -32 50.13058528 107.26397301140993 0
235 224 -11 50.638570044999994 108.10628420433272 0
233 218 -15 50.527688819999995 107.92258580187625 0
235 223 -12 50.598543119999995 108.03997880729665 0
234 226 -8 50.694926124999995 108.19962611071375 0
232 225 -7 50.720696319999995 108.24230440165377 0
237 219 -18 50.456555519999995 107.80469946077184 0
235 243 8 51.105037779999996 108.87862749896009 0
235 248 13 51.228223119999996 109.08257320150337 0
248 244 -4 50.807102605 108.38538508781888 0
240 232 -8 50.713671805 108.23067129350808 0
244 232 -12 50.622099219999996 108.07900094363146 0
247 225 -22 50.387528124999996 107.69026956265625 0
243 238 -5 50.779125445 108.33906024012452 0
241 232 -9 50.687891379999996 108.18797531914649 0
245 239 -6 50.774458245 108.3313320111739 0
242 250 8 51.102748045 108.87483684967872 0
244 257 13 51.2145805 109.05998484757 0
251 255 4 51.006299244999994 108.7151691250269 0
252 272 20 51.359526419999995 109.30000703869705 0
258 275 17 51.27361791999999 109.15773826052097 0
273 274 1 50.932447405 108.59290893359234 0
271 268 -3 50.83270912 108.42778265022464 0
277 253 -24 50.392297004999996 107.69817629515023 0
279 245 -34 50.1837045 107.35215413529001 0
268 246 -22 50.420884244999996 107.74556990676939 0
256 236 -20 50.451803379999994 107.79682272217448 0
255 242 -13 50.598543119999995 108.03997880729665 0
251 253 2 50.960179045 108.6388185933443 0
250 252 2 50.94862962 108.61969864683864 0
256 252 -4 50.821074444999994 108.4085189467925 0
252 268 16 51.266816604999995 109.14647616609288 0
258 280 22 51.400063679999995 109.36715042477569 0
271 262 -9 50.720696319999995 108.24230440165377 0
269 259 -10 50.699614405 108.20739062223534 0
270 254 -16 50.5655125 107.98525651625 0
268 249 -19 50.492157045 107.86370457479829 0
264 260 -4 50.830382805 108.42393096389158 0
261 248 -13 50.612680499999996 108.06339859743001 0
268 249 -19 50.49926898 107.87549071347289 0
260 257 -3 50.844336045 108.44703318243279 0
257 254 -3 50.830382805 108.42393096389158 0
265 251 -14 50.60796928 108.05559417147393 0
260 270 10 51.123344499999995 108.90893443649 0
260 261 1 50.932447405 108.59290893359234 0
275 271 -4 50.821074444999994 108.4085189467925 0
264 274 10 51.123344499999995 108.90893443649 0
273 252 -21 50.44705 107.78894377 0
279 239 -40 50.06761458 107.15939980023529 0
268 252 -16 50.563150844999996 107.9813436950332 0
254 242 -12 50.636218 108.10238821832 0
256 247 -9 50.697270419999995 108.20350863465097 0
254 256 2 50.96248799999999 108.64264102848 0
252 246 -6 50.769789804999995 108.32360165844143 0
261 242 -19 50.473178245 107.83225063286862 0
255 267 12 51.175865805 108.99588671274208 0
252 269 17 51.28947680499999 109.18399914992558 0
276 271 -5 50.802442844999995 108.37766957403082 0
258 253 -5 50.804772879999994 108.38152759533249 0
269 250 -19 50.48741420499999 107.85584439624503 0
269 243 -26 50.32781249999999 107.59124671875 0
260 261 1 50.92550752 108.58141983414785 0
254 251 -3 50.835035125 108.43163380970876 0
268 249 -19 50.49926898 107.87549071347289 0
257 254 -3 50.837360819999994 108.43548444250777 0
256 252 -4 50.811761125 108.39309848700125 0
263 251 -12 50.63151298 108.09459462429113 0
260 265 5 51.027012879999994 108.74945963586752 0
259 286 27 51.49873192 109.53061744616897 0
270 272 2 50.94400768 108.61204703879169 0
270 254 -16 50.567873844999994 107.98916879193781 0
271 253 -18 50.520588045 107.91081944087122 0
266 250 -16 50.56078888 107.97743032812353 0
259 251 -8 50.737076005 108.26942961330877 0
261 247 -14 50.593828179999996 108.03216786645369 0
261 300 39 51.751580499999996 109.94986618093 0
258 457 199 54.794816004999994 115.16709799924878 0
307 436 129 53.17213287999999 112.32797294258754 0
279 444 165 53.997368005 113.74655084789924 0
308 411 103 52.737092204999996 111.59366301568048 0
390 291 -99 49.378700804999994 106.01199980898957 0
397 300 -97 49.436405619999995 106.10838074479337 0
327 281 -46 50.06761458 107.15939980023529 0
258 277 19 51.32566864499999 109.2439331901331 0
257 270 13 51.20547922 109.04491595416857 0
285 276 -9 50.727718044999996 108.2539326973713 0
279 259 -20 50.482670125 107.84798201394625 0
286 265 -21 50.466056079999994 107.82044630247873 0
275 266 -9 50.718355124999995 108.23842723387126 0
271 265 -6 50.769789804999995 108.32360165844143 0
275 264 -11 50.673813519999996 108.16465923236417 0
272 280 8 51.06836482 108.81791609741578 0
273 295 22 51.366289605 109.31120858336163 0
285 264 -21 50.466056079999994 107.82044630247873 0
284 259 -25 50.387528124999996 107.69026956265625 0
277 253 -24 50.387528124999996 107.69026956265625 0
266 246 -20 50.4708045 107.82831640821001 0
257 255 -2 50.860600719999994 108.47396183886657 0
259 242 -17 50.530055125 107.92650682569126 0
263 248 -15 50.582035405 108.01263099913183 0
256 251 -5 50.788456124999996 108.35451033192376 0
255 244 -11 50.647975124999995 108.12186274552876 0
258 240 -18 50.49926898 107.87549071347289 0
254 264 10 51.134776124999995 108.92785981553625 0
251 293 42 51.854652204999994 110.12095887010703 0
271 263 -8 50.730058 108.25780772728001 0
259 255 -4 50.811761125 108.39309848700125 0
264 257 -7 50.76278481999999 108.31200214438425 0
262 256 -6 50.76278481999999 108.31200214438425 0
258 252 -6 50.774458245 108.3313320111739 0
266 243 -23 50.397064645 107.7060807976811 0
262 244 -18 50.504008719999995 107.88334538839744 0
257 256 -1 50.876850205 108.50086477605097 0
254 248 -6 50.76278481999999 108.31200214438425 0
261 246 -15 50.5655125 107.98525651625 0
254 262 8 51.084419004999994 108.84449336527928 0
254 255 1 50.923193604999994 108.57758909396237 0
268 282 14 51.198650005 109.03360903150278 0
258 256 -2 50.858278125 108.47011646390627 0
281 252 -29 50.306267444999996 107.55551265565852 0
267 245 -22 50.413741619999996 107.73372901450537 0
259 258 -1 50.886128805 108.51622635722494 0
253 243 -10 50.66911842 108.15688290125306 0
266 243 -23 50.39944799999999 107.71003221312 0
256 245 -11 50.659724499999996 108.14132377789001 0
251 237 -14 50.586753445 108.0204473780595 0
255 238 -17 50.525322204999995 107.91866422991048 0
250 251 1 50.93476008 108.59673759358273 0
248 265 17 51.28947680499999 109.18399914992558 0
256 260 4 51.001692805 108.70754335555844 0
255 246 -9 50.70195808 108.21127207363072 0
258 244 -14 50.582035405 108.01263099913183 0
259 240 -19 50.475551679999995 107.83618430560769 0
254 251 -3 50.8466605 108.45088171013 0
252 244 -8 50.718355124999995 108.23842723387126 0
257 247 -10 50.690236604999996 108.19185945312537 0
252 239 -13 50.610325044999996 108.0594966556598 0
253 236 -17 50.501639004999994 107.87941832591179 0
253 234 -19 50.468430444999996 107.824381631468 0
247 255 8 51.079833644999994 108.83690240757441 0
246 256 10 51.14619999999999 108.94677256 0
257 258 1 50.923193604999994 108.57758909396237 0
249 240 -9 50.687891379999996 108.18797531914649 0
258 234 -24 50.35650018 107.63882135556169 0
257 232 -25 50.344552404999995 107.61900840557483 0
246 243 -3 50.830382805 108.42393096389158 0
243 235 -8 50.713671805 108.23067129350808 0
249 233 -16 50.520588045 107.91081944087122 0
245 238 -7 50.744091219999994 108.28104669723257 0
242 231 -11 50.629160004999996 108.09069701594724 0
247 227 -20 50.420884244999996 107.74556990676939 0
243 264 21 51.38881340499999 109.34851532690634 0
239 274 35 51.72735844499999 109.9096769957245 0
269 252 -17 50.539517245 107.9421854427209 0
244 246 2 50.94862962 108.61969864683864 0
254 221 -33 50.13058528 107.26397301140993 0
257 229 -28 50.26310200499999 107.48390750631478 0
243 242 -1 50.881490125 108.50854661345376 0
234 222 -12 50.60796928 108.05559417147393 0
246 230 -16 50.5182205 107.90689622347 0
237 229 -8 50.706644499999996 108.21903336851001 0
235 228 -7 50.737076005 108.26942961330877 0
241 224 -17 50.482670125 107.84798201394625 0
238 243 5 51.020111125 108.73803408924876 0
238 241 3 50.980948479999995 108.67320188710913 0
247 265 18 51.316628124999994 109.22896150515626 0
241 236 -5 50.776792 108.33519639104 0
256 234 -22 50.39468098 107.70212882507913 0
250 229 -21 50.408978319999996 107.72583230652225 0
243 239 -4 50.797781844999996 108.3699519443262 0
239 230 -9 50.67616060499999 108.16854659085064 0
245 229 -16 50.511116005 107.89512327777373 0
242 234 -8 50.723037205 108.24618103472204 0
239 224 -15 50.534786804999996 107.93434722952443 0
243 221 -22 50.3756005 107.67049296673001 0
239 248 9 51.121057244999996 108.9051478427284 0
234 269 35 51.76037922 109.96446660897145 0
253 248 -5 50.790788019999994 108.35837152955817 0
242 225 -17 50.504008719999995 107.88334538839744 0
247 224 -23 50.35888880499999 107.64278226505758 0
246 214 -32 50.147503125 107.29206076453126 0
231 228 -3 50.830382805 108.42393096389158 0
233 214 -19 50.43040340499999 107.76134998654368 0
236 221 -15 50.525322204999995 107.91866422991048 0
233 224 -9 50.6832 108.18020544000001 0
229 222 -7 50.730058 108.25780772728001 0
235 215 -20 50.408978319999996 107.72583230652225 0
233 233 0 50.900037405 108.53925303985767 0
232 240 8 51.107327205 108.88241764072798 0
239 246 7 51.06836482 108.81791609741578 0
238 235 -3 50.839686205 108.43933454878554 0
242 225 -17 50.501639004999994 107.87941832591179 0
246 215 -31 50.16923232 107.32813225511424 0
241 226 -15 50.548974404999996 107.95785530244717 0
234 220 -14 50.541881999999994 107.94610372824 0
236 214 -22 50.363665125 107.65070240485876 0
234 220 -14 50.5655125 107.98525651625 0
230 221 -9 50.664422079999994 108.14910441686528 0
233 218 -15 50.527688819999995 107.92258580187625 0
233 238 5 51.02931284499999 108.75326712501919 0
231 218 -13 50.584394579999994 108.01653946070473 0
241 218 -23 50.342161919999995 107.61504413392896 0
234 222 -12 50.598543119999995 108.03997880729665 0
229 221 -8 50.697270419999995 108.20350863465097 0
234 213 -21 50.385143219999996 107.68631535976346 0
233 227 -6 50.74876647999999 108.28878875419713 0
231 220 -11 50.63386564499999 108.0984916916941 0
235 219 -16 50.5182205 107.90689622347 0
233 236 3 50.99017128 108.68846991849409 0
231 231 0 50.91161938 108.55842758288154 0
241 222 -19 50.432782419999995 107.76529361890505 0
236 235 -1 50.890766244999995 108.5239040086754 0
235 236 1 50.932447405 108.59290893359234 0
243 240 -3 50.837360819999994 108.43548444250777 0
241 217 -24 50.311057405 107.56345749809017 0
243 218 -25 50.311057405 107.56345749809017 0
240 209 -31 50.15233400499999 107.30008066655324 0
229 217 -12 50.591470245 108.02826158077012 0
230 214 -16 50.48978578 107.85977476090792 0
229 217 -12 50.591470245 108.02826158077012 0
230 220 -10 50.655025679999994 108.13354098301633 0
228 219 -9 50.68554584499999 108.18409064815931 0
232 215 -17 50.480297619999995 107.84404999598264 0
231 242 11 51.184983204999995 109.01098166027603 0
231 247 16 51.307582645 109.21398194378742 0
245 251 6 51.03621088 108.7646865156045 0
236 234 -2 50.85130847999999 108.45857718809089 0
245 227 -18 50.475551679999995 107.83618430560769 0
250 219 -31 50.16923232 107.32813225511424 0
241 226 -15 50.53715217999999 107.93826660987033 0
235 222 -13 50.577316124999996 108.00481244267625 0
236 226 -10 50.65032562 108.12575603093336 0
235 227 -8 50.694926124999995 108.19962611071375 0
234 234 0 50.89308449999999 108.52774205019001 0
237 224 -13 50.57967592 108.00872199317696 0
239 243 4 51.010904444999994 108.72279283625751 0
238 256 18 51.334704204999994 109.25889700920499 0
246 255 9 51.116481805 108.89757313594194 0
246 241 -5 50.776792 108.33519639104 0
249 249 0 50.89772008 108.53541656561728 0
254 228 -26 50.306267444999996 107.55551265565852 0
255 234 -21 50.42802408 107.75740579931329 0
249 222 -27 50.255897999999995 107.47195550088 0
240 246 6 51.04999857999999 108.78751146560873 0
240 240 0 50.89772008 108.53541656561728 0
250 236 -14 50.570234879999994 107.99308052226048 0
241 227 -14 50.563150844999996 107.9813436950332 0
241 252 11 51.173585679999995 108.99211172018369 0
242 249 7 51.066070124999996 108.81411730563376 0
259 255 -4 50.811761125 108.39309848700125 0
245 232 -13 50.591470245 108.02826158077012 0
253 226 -27 50.270303219999995 107.49585441469657 0
252 214 -38 50.002000124999995 107.05038979109625 0
239 225 -14 50.572595605 107.99699170738188 0
232 218 -14 50.56078888 107.97743032812353 0
234 226 -8 50.70195808 108.21127207363072 0
233 231 -2 50.853632004999994 108.46242413868228 0
232 229 -3 50.821074444999994 108.4085189467925 0
237 228 -9 50.680853844999994 108.1763196945047 0
236 244 8 51.107327205 108.88241764072798 0
238 257 19 51.366289605 109.31120858336163 0
247 250 3 50.974028125 108.66174544234376 0
246 230 -16 50.515852644999995 107.90297245726259 0
250 229 -21 50.420884244999996 107.74556990676939 0
248 221 -27 50.255897999999995 107.47195550088 0
238 234 -4 50.802442844999995 108.37766957403082 0
237 234 -3 50.821074444999994 108.4085189467925 0
240 238 -2 50.867566645 108.4854948151071 0
240 240 0 50.902354419999995 108.54308899200105 0
241 242 1 50.932447405 108.59290893359234 0
246 235 -11 50.655025679999994 108.13354098301633 0
248 259 11 51.1690245 108.98456022711001 0
247 247 0 50.900037405 108.53925303985767 0
263 247 -16 50.541881999999994 107.94610372824 0
250 234 -16 50.520588045 107.91081944087122 0
251 237 -14 50.570234879999994 107.99308052226048 0
250 227 -23 50.368440205 107.65862030683154 0
245 243 -2 50.86524497999999 108.48165101430313 0
243 232 -11 50.636218 108.10238821832 0
248 233 -15 50.551337919999995 107.96177140027905 0
243 231 -12 50.605613205 108.05169114470854 0
240 225 -15 50.541881999999994 107.94610372824 0
243 226 -17 50.504008719999995 107.88334538839744 0
239 249 10 51.157616125 108.96567269036376 0
237 266 29 51.59235538 109.68578887379752 0
249 248 -1 50.88844768 108.52006544440833 0
244 240 -4 50.81641840499999 108.40080977288883 0
250 237 -13 50.598543119999995 108.03997880729665 0
252 229 -23 50.3756005 107.67049296673001 0
247 239 -8 50.718355124999995 108.23842723387126 0
244 227 -17 50.494527999999995 107.86763383808001 0
246 218 -28 50.243885125 107.45202415302126 0
242 215 -27 50.241481619999995 107.44803618115465 0
234 229 -5 50.790788019999994 108.35837152955817 0
231 229 -2 50.848984644999994 108.45472971196142 0
237 255 18 51.33696232 109.26263673615425 0
234 254 20 51.39556449999999 109.35969784541001 0
247 253 6 51.052295445 108.7913138329255 0
244 243 -1 50.886128805 108.51622635722494 0
253 245 -8 50.713671805 108.23067129350808 0
257 237 -20 50.44229538 107.78106260293752 0
254 246 -8 50.71132968 108.22679252059969 0
250 240 -10 50.67850738 108.17243341150953 0
252 243 -9 50.706644499999996 108.21903336851001 0
250 250 0 50.90467112499999 108.54692442221126 0
249 245 -4 50.804772879999994 108.38152759533249 0
255 240 -15 50.556064019999994 107.96960195657016 0
252 265 13 51.19637297999999 109.0298390559089 0
250 280 30 51.58346242 109.67104671464504 0
271 251 -20 50.466056079999994 107.82044630247873 0
258 256 -2 50.860600719999994 108.47396183886657 0
260 264 4 50.99938912 108.70372969857537 0
260 253 -7 50.744091219999994 108.28104669723257 0
270 260 -10 50.70195808 108.21127207363072 0
262 254 -8 50.720696319999995 108.24230440165377 0
266 257 -9 50.706644499999996 108.21903336851001 0
265 258 -7 50.753440499999996 108.29652868017001 0
264 257 -7 50.755777044999995 108.30039784444422 0
266 256 -10 50.697270419999995 108.20350863465097 0
265 272 7 51.054592 108.79511568896001 0
265 291 26 51.460681244999996 109.4675704289329 0
276 257 -19 50.501639004999994 107.87941832591179 0
276 260 -16 50.570234879999994 107.99308052226048 0
271 256 -15 50.574956019999995 108.00090234746585 0
264 243 -21 50.43040340499999 107.76134998654368 0
260 258 -2 50.853632004999994 108.46242413868228 0
258 248 -10 50.67850738 108.17243341150953 0
264 248 -16 50.544246445 107.95002146659152 0
257 245 -12 50.636218 108.10238821832 0
254 248 -6 50.767455119999994 108.31973568524737 0
256 246 -10 50.67616060499999 108.16854659085064 0
256 264 8 51.084419004999994 108.84449336527928 0
255 279 24 51.433768005 109.42298286856173 0
265 256 -9 50.70195808 108.21127207363072 0
264 257 -7 50.74876647999999 108.28878875419713 0
264 253 -11 50.657375245 108.13743265002239 0
263 243 -20 50.45417960499999 107.80076136808837 0
262 261 -1 50.87917032 108.50470595653825 0
257 258 1 50.93476008 108.59673759358273 0
268 257 -11 50.673813519999996 108.16465923236417 0
259 258 -1 50.876850205 108.50086477605097 0
262 251 -11 50.66911842 108.15688290125306 0
267 244 -23 50.401831044999994 107.71398307155971 0
263 264 1 50.923193604999994 108.57758909396237 0
257 275 18 51.309844479999995 109.21772757311489 0
271 252 -19 50.494527999999995 107.86763383808001 0
263 255 -8 50.732397645 108.26168222312992 0
262 248 -14 50.584394579999994 108.01653946070473 0
261 250 -11 50.671466124999995 108.16077133588625 0
258 262 4 50.9855605 108.68083693487 0
258 257 -1 50.886128805 108.51622635722494 0
265 269 4 50.994780819999995 108.69610083929224 0
261 274 13 51.194095645 109.02606857935592 0
272 266 -6 50.774458245 108.3313320111739 0
274 257 -17 50.544246445 107.95002146659152 0
273 278 5 51.020111125 108.73803408924876 0
269 283 14 51.203203124999995 109.04114748046877 0
288 256 -32 50.255897999999995 107.47195550088 0
276 259 -17 50.548974404999996 107.95785530244717 0
269 265 -4 50.823401999999994 108.41237274216 0
265 263 -2 50.858278125 108.47011646390627 0
271 274 3 50.976335219999996 108.66556477390057 0
269 268 -1 50.890766244999995 108.5239040086754 0
278 270 -8 50.74876647999999 108.28878875419713 0
275 265 -10 50.704301445 108.215152989001 0
277 253 -24 50.39944799999999 107.71003221312 0
277 257 -20 50.48504232 107.85191348064576 0
267 274 7 51.066070124999996 108.81411730563376 0
265 277 12 51.157616125 108.96567269036376 0
278 272 -6 50.779125445 108.33906024012452 0
271 262 -9 50.720696319999995 108.24230440165377 0
277 248 -29 50.29428711999999 107.53564068739136 0
275 241 -34 50.17405762 107.33614183767737 0
263 254 -9 50.697270419999995 108.20350863465097 0
252 242 -10 50.68554584499999 108.18409064815931 0
261 241 -20 50.456555519999995 107.80469946077184 0
253 243 -10 50.68554584499999 108.18409064815931 0
249 251 2 50.950940124999995 108.62352367279625 0
252 245 -7 50.737076005 108.26942961330877 0
254 262 8 51.0775405 108.83310616483001 0
252 275 23 51.420294645 109.40066298336892 0
264 245 -19 50.480297619999995 107.84404999598264 0
264 244 -20 50.466056079999994 107.82044630247873 0
259 248 -11 50.652675804999994 108.12964877670794 0
252 242 -10 50.666770404999994 108.15299392830067 0
252 249 -3 50.837360819999994 108.43548444250777 0
252 235 -17 50.515852644999995 107.90297245726259 0
255 233 -22 50.38991272 107.69422320773057 0
250 236 -14 50.574956019999995 108.00090234746585 0
243 228 -15 50.54661057999999 107.95393865793929 0
245 235 -10 50.657375245 108.13743265002239 0
241 252 11 51.171305245 108.98833622502762 0
241 272 31 51.63452920499999 109.75571115063003 0
249 245 -4 50.814089919999994 108.39695439402497 0
250 254 4 50.987866045 108.68465368461722 0
253 250 -3 50.830382805 108.42393096389158 0
255 241 -14 50.596185805 108.03607360857458 0
258 257 -1 50.876850205 108.50086477605097 0
253 247 -6 50.765120124999996 108.31586918061626 0
263 244 -19 50.482670125 107.84798201394625 0
255 241 -14 50.584394579999994 108.01653946070473 0
252 240 -12 50.636218 108.10238821832 0
252 239 -13 50.605613205 108.05169114470854 0
250 258 8 51.08212648 108.84069814100289 0
249 280 31 51.603464605 109.70420595127338 0
259 258 -1 50.886128805 108.51622635722494 0
257 251 -6 50.774458245 108.3313320111739 0
260 249 -11 50.652675804999994 108.12964877670794 0
259 243 -16 50.54661057999999 107.95393865793929 0
256 250 -6 50.760449205 108.30813457638747 0
255 240 -15 50.570234879999994 107.99308052226048 0
257 245 -12 50.64092178 108.11017964989608 0
252 250 -2 50.858278125 108.47011646390627 0
252 243 -9 50.687891379999996 108.18797531914649 0
255 236 -19 50.477924804999994 107.84011742659108 0
252 258 6 51.04540392 108.77990519647297 0
248 271 23 51.431523219999995 109.41926409803656 0
264 258 -6 50.779125445 108.33906024012452 0
255 242 -13 50.605613205 108.05169114470854 0
260 245 -15 50.574956019999995 108.00090234746585 0
257 239 -18 50.48741420499999 107.85584439624503 0
251 253 2 50.957869779999996 108.63499564037193 0
251 239 -12 50.63386564499999 108.0984916916941 0
257 242 -15 50.567873844999994 107.98916879193781 0
251 258 7 51.075247045 108.8293094126058 0
248 253 5 51.033911845 108.76088056472382 0
261 238 -23 50.392297004999996 107.69817629515023 0
254 249 -5 50.788456124999996 108.35451033192376 0
251 262 11 51.148483844999994 108.95055359454531 0
254 234 -20 50.439917605 107.77712118841364 0
260 245 -15 50.577316124999996 108.00481244267625 0
250 233 -17 50.501639004999994 107.87941832591179 0
247 236 -11 50.655025679999994 108.13354098301633 0
246 241 -5 50.779125445 108.33906024012452 0
242 228 -14 50.556064019999994 107.96960195657016 0
247 224 -23 50.349332444999995 107.62693526672649 0
242 227 -15 50.54661057999999 107.95393865793929 0
236 231 -5 50.788456124999996 108.35451033192376 0
237 223 -14 50.567873844999994 107.98916879193781 0
238 269 31 51.638962045 109.7630615216633 0
236 272 36 51.773568 109.98635346432 0
274 236 -38 50.079740605 107.17954037388314 0
243 245 2 50.946318805 108.61587310222508 0
245 243 -2 50.869887999999996 108.48933809152001 0
247 240 -7 50.741753124999995 108.27717486921875 0
248 247 -1 50.87917032 108.50470595653825 0
248 230 -18 50.492157045 107.86370457479829 0
253 230 -23 50.38037248 107.6784052798669 0
247 235 -12 50.622099219999996 108.07900094363146 0
239 229 -10 50.673813519999996 108.16465923236417 0
243 223 -20 50.420884244999996 107.74556990676939 0
240 243 3 50.987866045 108.68465368461722 0
237 249 12 51.20547922 109.04491595416857 0
248 231 -17 50.513484479999995 107.89904814208512 0
242 220 -22 50.37082728 107.66257841904192 0
242 219 -23 50.34694258 107.62297211645273 0
237 218 -19 50.44229538 107.78106260293752 0
231 227 -4 50.809432019999996 108.38924205165385 0
232 222 -10 50.65032562 108.12575603093336 0
234 215 -19 50.437539519999994 107.77317921967617 0
233 225 -8 50.71132968 108.22679252059969 0
230 220 -10 50.662073445 108.14521436678302 0
234 224 -10 50.652675804999994 108.12964877670794 0
232 242 10 51.15076738 108.95433412469049 0
231 250 19 51.37305 109.32240573000001 0
241 240 -1 50.874529779999996 108.4970230718281 0
240 229 -11 50.62680672 108.08679886649857 0
245 223 -22 50.387528124999996 107.69026956265625 0
243 219 -24 50.32781249999999 107.59124671875 0
237 227 -10 50.664422079999994 108.14910441686528 0
234 220 -14 50.556064019999994 107.96960195657016 0
235 220 -15 50.5182205 107.90689622347 0
233 214 -19 50.41612280499999 107.73767653439094 0
231 219 -12 50.610325044999996 108.0594966556598 0
230 214 -16 50.496898644999995 107.87156255091692 0
230 232 2 50.960179045 108.6388185933443 0
229 246 17 51.330187044999995 109.25141608225172 0
235 234 -1 50.88844768 108.52006544440833 0
236 232 -4 50.797781844999996 108.3699519443262 0
237 217 -20 50.408978319999996 107.72583230652225 0
240 215 -25 50.282299044999995 107.51575461389822 0
237 217 -20 50.41850367999999 107.74162349842433 0
229 216 -13 50.567873844999994 107.98916879193781 0
230 213 -17 50.45893112499999 107.80863700038876 0
229 216 -13 50.582035405 108.01263099913183 0
227 212 -15 50.513484479999995 107.89904814208512 0
228 210 -18 50.45417960499999 107.80076136808837 0
228 230 2 50.960179045 108.6388185933443 0
226 217 -9 50.6832 108.18020544000001 0
234 222 -12 50.600900124999995 108.04388346278375 0
228 219 -9 50.67850738 108.17243341150953 0
228 221 -7 50.732397645 108.26168222312992 0
233 215 -18 50.444672845 107.7850034634117 0
231 222 -9 50.687891379999996 108.18797531914649 0
230 222 -8 50.706644499999996 108.21903336851001 0
231 235 4 50.997085125 108.69991552654126 0
232 250 18 51.33696232 109.26263673615425 0
236 222 -14 50.563150844999996 107.9813436950332 0
241 217 -24 50.30866258 107.5594853584873 0
238 242 4 51.008601999999996 108.71898123784001 0
232 231 -1 50.872209045 108.49318084370572 0
249 227 -22 50.37798664499999 107.67444940253542 0
234 234 0 50.90467112499999 108.54692442221126 0
234 235 1 50.932447405 108.59290893359234 0
241 231 -10 50.673813519999996 108.16465923236417 0
241 238 -3 50.82805618 108.42007875054568 0
240 220 -20 50.423264499999995 107.74951575959001 0
244 227 -17 50.496898644999995 107.87156255091692 0
239 226 -13 50.598543119999995 108.03997880729665 0
233 237 4 50.997085125 108.69991552654126 0
237 222 -15 50.527688819999995 107.92258580187625 0
238 249 11 51.178145619999995 108.99966120286665 0
237 261 24 51.476360019999994 109.49354778212216 0
252 241 -11 50.645624319999996 108.11796892033024 0
244 238 -6 50.755777044999995 108.30039784444422 0
246 232 -14 50.582035405 108.01263099913183 0
247 227 -20 50.420884244999996 107.74556990676939 0
243 231 -12 50.629160004999996 108.09069701594724 0
240 239 -1 50.874529779999996 108.4970230718281 0
240 236 -4 50.814089919999994 108.39695439402497 0
242 249 7 51.0775405 108.83310616483001 0
241 245 4 51.006299244999994 108.7151691250269 0
250 235 -15 50.551337919999995 107.96177140027905 0
249 261 12 51.18726178 109.01475414230393 0
246 275 29 51.58123840499999 109.66735999332867 0
269 258 -11 50.662073445 108.14521436678302 0
255 249 -6 50.760449205 108.30813457638747 0
259 264 5 51.013206579999995 108.7266039204433 0
259 238 -21 50.43040340499999 107.76134998654368 0
270 250 -20 50.46130642 107.81257398710297 0
257 238 -19 50.477924804999994 107.84011742659108 0
250 263 13 51.20547922 109.04491595416857 0
250 256 6 51.038509604999994 108.76849195405588 0
265 252 -13 50.612680499999996 108.06339859743001 0
255 242 -13 50.615035645 108.06729999694842 0
256 272 16 51.255474879999994 109.12769608893953 0
256 279 23 51.418048 109.39694130688001 0
281 251 -30 50.277501644999994 107.5077962304496 0
262 240 -22 50.411360124999995 107.72978093860375 0
260 235 -25 50.34694258 107.62297211645273 0
254 236 -18 50.496898644999995 107.87156255091692 0
241 245 4 51.010904444999994 108.72279283625751 0
245 230 -15 50.54661057999999 107.95393865793929 0
249 234 -15 50.558426604999994 107.97351641535714 0
244 241 -3 50.844336045 108.44703318243279 0
240 244 4 51.006299244999994 108.7151691250269 0
246 237 -9 50.699614405 108.20739062223534 0
246 265 19 51.3505045 109.28506479679001 0
246 285 39 51.806491124999994 110.04099843751126 0
269 273 4 50.992476204999996 108.69228563666448 0
257 265 8 51.084419004999994 108.84449336527928 0
266 255 -11 50.66911842 108.15688290125306 0
272 249 -23 50.41612280499999 107.73767653439094 0
267 253 -14 50.593828179999996 108.03216786645369 0
260 258 -2 50.85130847999999 108.45857718809089 0
261 255 -6 50.765120124999996 108.31586918061626 0
263 254 -9 50.699614405 108.20739062223534 0
261 248 -13 50.619745005 108.07510116988527 0
262 246 -16 50.541881999999994 107.94610372824 0
259 273 14 51.212305644999994 109.0562183741016 0
256 289 33 51.63231232 109.75203526168576 0
277 271 -6 50.776792 108.33519639104 0
264 257 -7 50.74876647999999 108.28878875419713 0
271 254 -17 50.544246445 107.95002146659152 0
268 241 -27 50.306267444999996 107.55551265565852 0
260 248 -12 50.63151298 108.09459462429113 0
255 241 -14 50.589112 108.02435475136001 0
254 244 -10 50.66911842 108.15688290125306 0
252 247 -5 50.783791404999995 108.34678634660418 0
250 247 -3 50.82805618 108.42007875054568 0
253 243 -10 50.671466124999995 108.16077133588625 0
252 269 17 51.282681999999994 109.17274745176 0
252 287 35 51.696476125 109.85844622322375 0
271 259 -12 50.638570044999994 108.10628420433272 0
262 249 -13 50.610325044999996 108.0594966556598 0
264 247 -17 50.520588045 107.91081944087122 0
259 238 -21 50.437539519999994 107.77317921967617 0
250 249 -1 50.881490125 108.50854661345376 0
251 243 -8 50.71132968 108.22679252059969 0
255 253 -2 50.869887999999996 108.48933809152001 0
251 256 5 51.024712605 108.74565163363114 0
256 259 3 50.978642005 108.66938358876774 0
258 262 4 50.992476204999996 108.69228563666448 0
261 286 25 51.460681244999996 109.4675704289329 0
267 302 35 51.64560898 109.77408356353288 0
283 275 -8 50.737076005 108.26942961330877 0
280 278 -2 50.86524497999999 108.48165101430313 0
280 271 -9 50.723037205 108.24618103472204 0
281 260 -21 50.477924804999994 107.84011742659108 0
280 273 -7 50.758113279999996 108.30426647646209 0
273 263 -10 50.704301445 108.215152989001 0
280 269 -11 50.67616060499999 108.16854659085064 0
273 275 2 50.946318805 108.61587310222508 0
274 267 -7 50.76278481999999 108.31200214438425 0
281 272 -9 50.71601362 108.23454953121065 0
276 289 13 51.180425125 109.00343519072126 0
279 308 29 51.49649612499999 109.52691263797625 0
292 295 3 50.96248799999999 108.64264102848 0
293 278 -15 50.610325044999996 108.0594966556598 0
294 283 -11 50.690236604999996 108.19185945312537 0
287 288 1 50.923193604999994 108.57758909396237 0
288 285 -3 50.85595522 108.46627056389944 0
297 282 -15 50.610325044999996 108.0594966556598 0
292 278 -14 50.619745005 108.07510116988527 0
291 282 -9 50.730058 108.25780772728001 0
289 286 -3 50.839686205 108.43933454878554 0
291 275 -16 50.582035405 108.01263099913183 0
293 295 2 50.939384499999996 108.60439335481001 0
285 312 27 51.442744045 109.43785311476321 0
301 283 -18 50.548974404999996 107.95785530244717 0
302 269 -33 50.26550272 107.48789037522945 0
289 263 -26 50.385143219999996 107.68631535976346 0
277 248 -29 50.282299044999995 107.51575461389822 0
265 261 -4 50.811761125 108.39309848700125 0
262 257 -5 50.8001125 108.37381102375001 0
266 254 -12 50.645624319999996 108.11796892033024 0
263 255 -8 50.732397645 108.26168222312992 0
261 250 -11 50.655025679999994 108.13354098301633 0
264 254 -10 50.687891379999996 108.18797531914649 0
260 294 34 51.647824005 109.77775664089677 0
261 306 45 51.876494005 110.15723199715573 0
287 264 -23 50.444672845 107.7850034634117 0
274 276 2 50.955560205 108.63117216939904 0
267 269 2 50.957869779999996 108.63499564037193 0
275 260 -15 50.584394579999994 108.01653946070473 0
273 267 -6 50.78145858 108.34292355859128 0
270 256 -14 50.60796928 108.05559417147393 0
275 260 -15 50.596185805 108.03607360857458 0
269 259 -10 50.69258152 108.19574305025985 0
267 254 -13 50.629160004999996 108.09069701594724 0
268 255 -13 50.622099219999996 108.07900094363146 0
264 279 15 51.241854579999995 109.10514360349529 0
264 280 16 51.26228084499999 109.13896562401682 0
281 267 -14 50.61739048 108.07120085437889 0
271 253 -18 50.511116005 107.89512327777373 0
272 250 -22 50.425644444999996 107.75346105705002 0
267 249 -18 50.50874722 107.89119786416457 0
258 259 1 50.923193604999994 108.57758909396237 0
258 247 -11 50.664422079999994 108.14910441686528 0
263 250 -13 50.622099219999996 108.07900094363146 0
257 253 -4 50.818746579999996 108.40466462375673 0
256 247 -9 50.708987244999996 108.22291321232161 0
260 241 -19 50.48741420499999 107.85584439624503 0
256 265 9 51.11190512499999 108.88999640237876 0
252 272 20 51.34824824499999 109.2813280121814 0
271 272 1 50.932447405 108.59290893359234 0
259 252 -7 50.758113279999996 108.30426647646209 0
269 247 -22 50.423264499999995 107.74951575959001 0
268 245 -23 50.397064645 107.7060807976811 0
257 256 -1 50.890766244999995 108.5239040086754 0
253 249 -4 50.823401999999994 108.41237274216 0
261 254 -7 50.755777044999995 108.30039784444422 0
256 258 2 50.946318805 108.61587310222508 0
259 261 2 50.957869779999996 108.63499564037193 0
263 266 3 50.96941300499999 108.65410522850578 0
265 281 16 51.248666125 109.11642208357375 0
269 284 15 51.223676819999994 109.07504574660025 0
279 275 -4 50.81641840499999 108.40080977288883 0
280 261 -19 50.515852644999995 107.90297245726259 0
281 253 -28 50.31584612499999 107.57140008827376 0
274 245 -29 50.291890124999995 107.53166460176625 0
264 266 2 50.94862962 108.61969864683864 0
256 258 2 50.957869779999996 108.63499564037193 0
273 256 -17 50.532421119999995 107.93042730151937 0
260 261 1 50.92550752 108.58141983414785 0
260 257 -3 50.848984644999994 108.45472971196142 0
269 250 -19 50.48504232 107.85191348064576 0
266 275 9 51.098167645 108.8672540279201 0
261 280 19 51.32566864499999 109.2439331901331 0
282 277 -5 50.804772879999994 108.38152759533249 0
268 262 -6 50.786123919999994 108.35064860432705 0
275 251 -24 50.39468098 107.70212882507913 0
275 241 -34 50.16923232 107.32813225511424 0
264 255 -9 50.718355124999995 108.23842723387126 0
253 250 -3 50.844336045 108.44703318243279 0
261 248 -13 50.60796928 108.05559417147393 0
255 252 -3 50.844336045 108.44703318243279 0
254 246 -8 50.730058 108.25780772728001 0
259 239 -20 50.463681404999996 107.81651042107833 0
256 258 2 50.94862962 108.61969864683864 0
251 289 38 51.766975005 109.97541210293224 0
264 263 -1 50.883809619999994 108.51238674696137 0
262 255 -7 50.744091219999994 108.28104669723257 0
262 242 -20 50.45893112499999 107.80863700038876 0
259 237 -22 50.397064645 107.7060807976811 0
252 243 -9 50.708987244999996 108.22291321232161 0
247 230 -17 50.511116005 107.89512327777373 0
250 237 -13 50.60796928 108.05559417147393 0
244 247 3 50.967104979999995 108.65028434589689 0
242 254 12 51.180425125 109.00343519072126 0
248 224 -24 50.330204845 107.59521435844482 0
249 238 -11 50.657375245 108.13743265002239 0
244 247 3 50.97172071999999 108.65792559393344 0
238 256 18 51.32566864499999 109.2439331901331 0
245 240 -5 50.783791404999995 108.34678634660418 0
248 232 -16 50.527688819999995 107.92258580187625 0
250 226 -24 50.344552404999995 107.61900840557483 0
244 237 -7 50.746429004999996 108.28491799217073 0
238 225 -13 50.582035405 108.01263099913183 0
243 224 -19 50.45417960499999 107.80076136808837 0
237 224 -13 50.582035405 108.01263099913183 0
233 223 -10 50.647975124999995 108.12186274552876 0
234 223 -11 50.636218 108.10238821832 0
233 240 7 51.08671122 108.84828808056744 0
232 257 25 51.518840125 109.56393918448376 0
240 238 -2 50.85130847999999 108.45857718809089 0
241 231 -10 50.659724499999996 108.14132377789001 0
243 227 -16 50.5182205 107.90689622347 0
242 221 -21 50.38991272 107.69422320773057 0
237 227 -10 50.65032562 108.12575603093336 0
235 219 -16 50.506378125 107.88727190109375 0
234 226 -8 50.708987244999996 108.22291321232161 0
232 220 -12 50.612680499999996 108.06339859743001 0
232 222 -10 50.657375245 108.13743265002239 0
232 218 -14 50.551337919999995 107.96177140027905 0
230 233 3 50.97172071999999 108.65792559393344 0
231 256 25 51.525537279999995 109.57503782920193 0
235 215 -20 50.41612280499999 107.73767653439094 0
240 214 -26 50.270303219999995 107.49585441469657 0
234 211 -23 50.33259688 107.59918143638849 0
231 214 -17 50.475551679999995 107.83618430560769 0
223 219 -4 50.790788019999994 108.35837152955817 0
225 203 -22 50.339771125 107.61107930135125 0
227 204 -23 50.31345192 107.56742907463105 0
224 207 -17 50.45417960499999 107.80076136808837 0
221 207 -14 50.532421119999995 107.93042730151937 0
222 205 -17 50.449426845 107.79288352286632 0
221 250 29 51.647824005 109.77775664089677 0
221 248 27 51.61012641999999 109.71525054084297 0
248 239 -9 50.690236604999996 108.19185945312537 0
226 223 -3 50.835035125 108.43163380970876 0
236 216 -20 50.413741619999996 107.73372901450537 0
241 213 -28 50.21983612499999 107.41211886306375 0
231 224 -7 50.71601362 108.23454953121065 0
228 205 -23 50.31345192 107.56742907463105 0
230 207 -23 50.320633605 107.57934042752014 0
226 217 -9 50.662073445 108.14521436678302 0
221 204 -17 50.46130642 107.81257398710297 0
226 203 -23 50.29908018 107.54359116617833 0
222 224 2 50.960179045 108.6388185933443 0
220 243 23 51.48978688 109.51579533774849 0
229 217 -12 50.591470245 108.02826158077012 0
227 210 -17 50.473178245 107.83225063286862 0
227 208 -19 50.423264499999995 107.74951575959001 0
228 208 -20 50.385143219999996 107.68631535976346 0
223 215 -8 50.690236604999996 108.19185945312537 0
223 208 -15 50.5182205 107.90689622347 0
224 203 -21 50.34694258 107.62297211645273 0
223 208 -15 50.511116005 107.89512327777373 0
222 206 -16 50.480297619999995 107.84404999598264 0
222 201 -21 50.35650018 107.63882135556169 0
222 217 -5 50.779125445 108.33906024012452 0
220 236 16 51.312106005 109.22147270967628 0
224 223 -1 50.876850205 108.50086477605097 0
227 207 -20 50.382758005 107.68236059888828 0
226 202 -24 50.26550272 107.48789037522945 0
228 201 -27 50.195756124999996 107.37215664423626 0
222 209 -13 50.558426604999994 107.97351641535714 0
221 211 -10 50.638570044999994 108.10628420433272 0
221 210 -11 50.615035645 108.06729999694842 0
221 212 -9 50.673813519999996 108.16465923236417 0
222 204 -18 50.43040340499999 107.76134998654368 0
224 200 -24 50.267903125 107.49187267796876 0
223 225 2 50.957869779999996 108.63499564037193 0
221 217 -4 50.788456124999996 108.35451033192376 0
230 215 -15 50.525322204999995 107.91866422991048 0
222 203 -19 50.401831044999994 107.71398307155971 0
223 198 -25 50.255897999999995 107.47195550088 0
225 192 -33 50.021465004999996 107.08273329451778 0
221 206 -15 50.50874722 107.89119786416457 0
219 205 -14 50.53715217999999 107.93826660987033 0
219 200 -19 50.401831044999994 107.71398307155971 0
218 203 -15 50.48741420499999 107.85584439624503 0
218 203 -15 50.511116005 107.89512327777373 0
219 194 -25 50.243885125 107.45202415302126 0
220 213 -7 50.730058 108.25780772728001 0
218 201 -17 50.45893112499999 107.80863700038876 0
222 201 -21 50.339771125 107.61107930135125 0
219 206 -13 50.556064019999994 107.96960195657016 0
218 201 -17 50.449426845 107.79288352286632 0
221 194 -27 50.178881679999996 107.34414913063233 0
219 207 -12 50.574956019999995 108.00090234746585 0
218 206 -12 50.584394579999994 108.01653946070473 0
219 212 -7 50.708987244999996 108.22291321232161 0
219 227 8 51.107327205 108.88241764072798 0
220 223 3 50.992476204999996 108.69228563666448 0
227 214 -13 50.582035405 108.01263099913183 0
226 238 12 51.212305644999994 109.0562183741016 0
227 234 7 51.093586005 108.85966917414123 0
242 234 -8 50.723037205 108.24618103472204 0
233 220 -13 50.584394579999994 108.01653946070473 0
236 225 -11 50.62680672 108.08679886649857 0
237 212 -25 50.284697279999996 107.51973295799809 0
232 217 -15 50.534786804999996 107.93434722952443 0
230 212 -18 50.44229538 107.78106260293752 0
226 217 -9 50.673813519999996 108.16465923236417 0
227 218 -9 50.6832 108.18020544000001 0
225 214 -11 50.619745005 108.07510116988527 0
227 215 -12 50.605613205 108.05169114470854 0
226 235 9 51.143915844999995 108.9429910208907 0
226 237 11 51.189540044999994 109.0185261227173 0
235 240 5 51.038509604999994 108.76849195405588 0
232 223 -9 50.68554584499999 108.18409064815931 0
239 218 -21 50.382758005 107.68236059888828 0
239 212 -27 50.2318645 107.43207861391001 0
231 216 -15 50.513484479999995 107.89904814208512 0
227 213 -14 50.53715217999999 107.93826660987033 0
226 218 -8 50.699614405 108.20739062223534 0
226 221 -5 50.774458245 108.3313320111739 0
226 226 0 50.895402444999995 108.53157956911602 0
228 215 -13 50.572595605 107.99699170738188 0
230 247 17 51.316628124999994 109.22896150515626 0
229 268 39 51.861208 110.13184555328 0
250 258 8 51.089003125 108.85208228703125 0
238 226 -12 50.61739048 108.07120085437889 0
247 231 -16 50.525322204999995 107.91866422991048 0
246 217 -29 50.22224241999999 107.41611195115497 0
234 229 -5 50.783791404999995 108.34678634660418 0
232 220 -12 50.596185805 108.03607360857458 0
233 224 -9 50.67850738 108.17243341150953 0
232 223 -9 50.680853844999994 108.1763196945047 0
230 219 -11 50.63151298 108.09459462429113 0
232 221 -11 50.638570044999994 108.10628420433272 0
230 243 13 51.230495805 109.08633618087543 0
230 273 43 51.950524245 110.28022427528812 0
240 232 -8 50.70195808 108.21127207363072 0
241 231 -10 50.673813519999996 108.16465923236417 0
242 229 -13 50.57967592 108.00872199317696 0
239 222 -17 50.475551679999995 107.83618430560769 0
231 222 -9 50.687891379999996 108.18797531914649 0
234 217 -17 50.477924804999994 107.84011742659108 0
232 218 -14 50.5655125 107.98525651625 0
230 232 2 50.967104979999995 108.65028434589689 0
228 232 4 50.994780819999995 108.69610083929224 0
234 233 -1 50.874529779999996 108.4970230718281 0
232 251 19 51.366289605 109.31120858336163 0
236 277 41 51.89176482 110.18259634292424 0
249 237 -12 50.63386564499999 108.0984916916941 0
251 239 -12 50.61739048 108.07120085437889 0
250 228 -22 50.385143219999996 107.68631535976346 0
244 224 -20 50.43040340499999 107.76134998654368 0
235 235 0 50.91161938 108.55842758288154 0
235 224 -11 50.638570044999994 108.10628420433272 0
240 230 -10 50.666770404999994 108.15299392830067 0
235 244 9 51.132490419999996 108.92407575114905 0
234 236 2 50.957869779999996 108.63499564037193 0
243 227 -16 50.5182205 107.90689622347 0
239 250 11 51.175865805 108.99588671274208 0
238 247 9 51.125631444999996 108.91272052404902 0
256 243 -13 50.600900124999995 108.04388346278375 0
243 246 3 50.967104979999995 108.65028434589689 0
245 249 4 50.99017128 108.68846991849409 0
252 236 -16 50.544246445 107.95002146659152 0
254 232 -22 50.39468098 107.70212882507913 0
248 228 -20 50.44229538 107.78106260293752 0
242 243 1 50.927821124999994 108.58525005403875 0
239 258 19 51.35501608 109.29253689672129 0
246 250 4 51.008601999999996 108.71898123784001 0
246 238 -8 50.71601362 108.23454953121065 0
249 253 4 51.006299244999994 108.7151691250269 0
249 265 16 51.275884405 109.16149130100284 0
258 257 -1 50.883809619999994 108.51238674696137 0
257 250 -7 50.737076005 108.26942961330877 0
258 245 -13 50.622099219999996 108.07900094363146 0
258 238 -20 50.44229538 107.78106260293752 0
255 253 -2 50.860600719999994 108.47396183886657 0
249 245 -4 50.809432019999996 108.38924205165385 0
258 242 -16 50.541881999999994 107.94610372824 0
250 247 -3 50.8466605 108.45088171013 0
248 246 -2 50.858278125 108.47011646390627 0
254 242 -12 50.62680672 108.08679886649857 0
252 262 10 51.12791808 108.91650610556928 0
250 285 35 51.705305845 109.8730928554982 0
265 254 -11 50.655025679999994 108.13354098301633 0
262 262 0 50.900037405 108.53925303985767 0
260 251 -9 50.708987244999996 108.22291321232161 0
260 241 -19 50.4708045 107.82831640821001 0
259 258 -1 50.88844768 108.52006544440833 0
252 250 -2 50.867566645 108.4854948151071 0
263 253 -10 50.67850738 108.17243341150953 0
254 260 6 51.047701405 108.78370858684583 0
255 269 14 51.228223119999996 109.08257320150337 0
265 258 -7 50.758113279999996 108.30426647646209 0
268 280 12 51.166743444999994 108.98078372626699 0
265 285 20 51.327928 109.24767488192 0
282 281 -1 50.87917032 108.50470595653825 0
278 261 -17 50.558426604999994 107.97351641535714 0
280 255 -25 50.387528124999996 107.69026956265625 0
275 252 -23 50.411360124999995 107.72978093860375 0
264 266 2 50.94862962 108.61969864683864 0
259 266 7 51.054592 108.79511568896001 0
271 255 -16 50.558426604999994 107.97351641535714 0
266 260 -6 50.776792 108.33519639104 0
262 255 -7 50.755777044999995 108.30039784444422 0
266 252 -14 50.60325682 108.04778757519976 0
264 271 7 51.061479805 108.80651819100858 0
260 305 45 51.889584205 110.17897421577248 0
276 253 -23 50.425644444999996 107.75346105705002 0
276 254 -22 50.43040340499999 107.76134998654368 0
265 249 -16 50.551337919999995 107.96177140027905 0
253 232 -21 50.408978319999996 107.72583230652225 0
245 249 4 50.997085125 108.69991552654126 0
248 242 -6 50.769789804999995 108.32360165844143 0
251 244 -7 50.737076005 108.26942961330877 0
247 241 -6 50.774458245 108.3313320111739 0
246 238 -8 50.720696319999995 108.24230440165377 0
250 232 -18 50.492157045 107.86370457479829 0
247 259 12 51.18270432 109.00720867646977 0
243 277 34 51.70751249999999 109.87675335375 0
263 253 -10 50.69258152 108.19574305025985 0
251 264 13 51.20092672 109.03737850630145 0
254 258 4 51.001692805 108.70754335555844 0
262 249 -13 50.612680499999996 108.06339859743001 0
266 261 -5 50.797781844999996 108.3699519443262 0
258 259 1 50.93476008 108.59673759358273 0
266 257 -9 50.708987244999996 108.22291321232161 0
263 261 -2 50.872209045 108.49318084370572 0
262 259 -3 50.839686205 108.43933454878554 0
268 255 -13 50.615035645 108.06729999694842 0
266 277 11 51.15533352 108.96189367243585 0
263 279 16 51.253205605 109.12393858406814 0
282 280 -2 50.869887999999996 108.48933809152001 0
271 270 -1 50.89308449999999 108.52774205019001 0
278 259 -19 50.504008719999995 107.88334538839744 0
280 248 -32 50.2318645 107.43207861391001 0
270 263 -7 50.765120124999996 108.31586918061626 0
259 257 -2 50.85130847999999 108.45857718809089 0
268 266 -2 50.853632004999994 108.46242413868228 0
261 266 5 51.006299244999994 108.7151691250269 0
266 257 -9 50.708987244999996 108.22291321232161 0
270 253 -17 50.54661057999999 107.95393865793929 0
265 270 5 51.013206579999995 108.7266039204433 0
262 278 16 51.248666125 109.11642208357375 0
275 274 -1 50.876850205 108.50086477605097 0
271 255 -16 50.570234879999994 107.99308052226048 0
274 250 -24 50.392297004999996 107.69817629515023 0
267 247 -20 50.456555519999995 107.80469946077184 0
258 274 16 51.26228084499999 109.13896562401682 0
254 269 15 51.237311999999996 109.09762212864001 0
279 282 3 50.97172071999999 108.65792559393344 0
262 296 34 51.63452920499999 109.75571115063003 0
275 286 11 51.13020440499999 108.92029118121468 0
290 286 -4 50.823401999999994 108.41237274216 0
286 301 15 51.207755004999996 109.04868392756474 0
289 310 21 51.316628124999994 109.22896150515626 0
307 318 11 51.116481805 108.89757313594194 0
305 305 0 50.902354419999995 108.54308899200105 0
314 290 -24 50.46130642 107.81257398710297 0
310 284 -26 50.406596205 107.72188311809698 0
300 297 -3 50.8466605 108.45088171013 0
290 284 -6 50.793119604999994 108.36223219739414 0
304 285 -19 50.551337919999995 107.96177140027905 0
292 291 -1 50.881490125 108.50854661345376 0
289 287 -2 50.862923005 108.47780668894424 0
298 286 -12 50.673813519999996 108.16465923236417 0
293 299 6 51.031612499999994 108.75707410125001 0
292 313 21 51.323408979999996 109.24019100672713 0
305 299 -6 50.8001125 108.37381102375001 0
308 290 -18 50.5655125 107.98525651625 0
301 286 -15 50.61739048 108.07120085437889 0
296 279 -17 50.582035405 108.01263099913183 0
294 288 -6 50.788456124999996 108.35451033192376 0
290 277 -13 50.645624319999996 108.11796892033024 0
295 279 -16 50.593828179999996 108.03216786645369 0
286 287 1 50.930134419999995 108.58907975379897 0
284 275 -9 50.720696319999995 108.24230440165377 0
294 268 -26 50.38991272 107.69422320773057 0
283 291 8 51.061479805 108.80651819100858 0
275 296 21 51.34147762 109.27011471781736 0
298 289 -9 50.73941472 108.27330250796544 0
287 276 -11 50.67850738 108.17243341150953 0
288 273 -15 50.605613205 108.05169114470854 0
285 268 -17 50.556064019999994 107.96960195657016 0
281 276 -5 50.804772879999994 108.38152759533249 0
277 264 -13 50.62680672 108.08679886649857 0
282 267 -15 50.60325682 108.04778757519976 0
274 276 2 50.941696244999996 108.60822045637462 0
272 266 -6 50.78145858 108.34292355859128 0
281 262 -19 50.520588045 107.91081944087122 0
273 291 18 51.28947680499999 109.18399914992558 0
269 276 7 51.063775119999995 108.81031800355265 0
298 289 -9 50.730058 108.25780772728001 0
276 270 -6 50.774458245 108.3313320111739 0
281 275 -6 50.790788019999994 108.35837152955817 0
282 270 -12 50.657375245 108.13743265002239 0
277 281 4 51.001692805 108.70754335555844 0
279 271 -8 50.730058 108.25780772728001 0
285 267 -18 50.53715217999999 107.93826660987033 0
279 266 -13 50.64092178 108.11017964989608 0
272 262 -10 50.697270419999995 108.20350863465097 0
275 257 -18 50.5182205 107.90689622347 0
271 279 8 51.070659205 108.82171437906254 0
266 281 15 51.232768179999994 109.09009866174632 0
284 289 5 51.015508405 108.73041449056117 0
274 271 -3 50.848984644999994 108.45472971196142 0
285 267 -18 50.544246445 107.95002146659152 0
281 281 0 50.90467112499999 108.54692442221126 0
273 283 10 51.12791808 108.91650610556928 0
287 266 -21 50.482670125 107.84798201394625 0
283 271 -12 50.652675804999994 108.12964877670794 0
273 279 6 51.031612499999994 108.75707410125001 0
275 255 -20 50.475551679999995 107.83618430560769 0
284 254 -30 50.284697279999996 107.51973295799809 0
268 273 5 51.020111125 108.73803408924876 0
259 284 25 51.45171512499999 109.45271563139126 0
278 270 -8 50.732397645 108.26168222312992 0
271 253 -18 50.515852644999995 107.90297245726259 0
271 248 -23 50.408978319999996 107.72583230652225 0
263 245 -18 50.496898644999995 107.87156255091692 0
255 258 3 50.978642005 108.66938358876774 0
252 243 -9 50.704301445 108.215152989001 0
262 245 -17 50.534786804999996 107.93434722952443 0
253 250 -3 50.825729245 108.41622601002312 0
249 246 -3 50.839686205 108.43933454878554 0
255 245 -10 50.66911842 108.15688290125306 0
252 287 35 51.68543199999999 109.84012748224 0
251 302 51 52.039319379999995 110.42785426217849 0
291 263 -28 50.349332444999995 107.62693526672649 0
267 263 -4 50.82805618 108.42007875054568 0
259 259 0 50.90467112499999 108.54692442221126 0
264 249 -15 50.577316124999996 108.00481244267625 0
260 265 5 51.02241202 108.74184311814616 0
260 250 -10 50.690236604999996 108.19185945312537 0
270 244 -26 50.33738002 107.60711390767784 0
259 247 -12 50.63151298 108.09459462429113 0
250 242 -8 50.71601362 108.23454953121065 0
253 240 -13 50.596185805 108.03607360857458 0
250 255 5 51.01780992 108.73422454677505 0
247 253 6 51.03621088 108.7646865156045 0
258 257 -1 50.89308449999999 108.52774205019001 0
252 261 9 51.121057244999996 108.9051478427284 0
258 249 -9 50.704301445 108.215152989001 0
265 236 -29 50.26550272 107.48789037522945 0
259 247 -12 50.624453124999995 108.08290017578126 0
249 240 -9 50.687891379999996 108.18797531914649 0
249 230 -19 50.466056079999994 107.82044630247873 0
247 234 -13 50.589112 108.02435475136001 0
240 232 -8 50.70195808 108.21127207363072 0
240 233 -7 50.723037205 108.24618103472204 0
239 251 12 51.20092672 109.03737850630145 0
238 267 29 51.58790952 109.67841873911617 0
251 256 5 51.02931284499999 108.75326712501919 0
249 236 -13 50.60796928 108.05559417147393 0
254 232 -22 50.401831044999994 107.71398307155971 0
249 232 -17 50.513484479999995 107.89904814208512 0
240 243 3 50.974028125 108.66174544234376 0
239 229 -10 50.652675804999994 108.12964877670794 0
245 228 -17 50.506378125 107.88727190109375 0
239 232 -7 50.741753124999995 108.27717486921875 0
235 230 -5 50.788456124999996 108.35451033192376 0
238 228 -10 50.662073445 108.14521436678302 0
236 242 6 51.052295445 108.7913138329255 0
235 248 13 51.230495805 109.08633618087543 0
244 250 6 51.047701405 108.78370858684583 0
243 233 -10 50.671466124999995 108.16077133588625 0
249 225 -24 50.33738002 107.60711390767784 0
246 224 -22 50.382758005 107.68236059888828 0
237 228 -9 50.690236604999996 108.19185945312537 0
232 221 -11 50.629160004999996 108.09069701594724 0
234 226 -8 50.704301445 108.215152989001 0
231 229 -2 50.844336045 108.44703318243279 0
231 229 -2 50.862923005 108.47780668894424 0
233 223 -10 50.655025679999994 108.13354098301633 0
234 240 6 51.054592 108.79511568896001 0
233 234 1 50.939384499999996 108.60439335481001 0
242 232 -10 50.673813519999996 108.16465923236417 0
236 235 -1 50.869887999999996 108.48933809152001 0
237 233 -4 50.8001125 108.37381102375001 0
241 230 -11 50.645624319999996 108.11796892033024 0
239 248 9 51.114193619999995 108.89378502258937 0
238 236 -2 50.860600719999994 108.47396183886657 0
249 243 -6 50.774458245 108.3313320111739 0
240 243 3 50.96941300499999 108.65410522850578 0
243 238 -5 50.779125445 108.33906024012452 0
248 242 -6 50.765120124999996 108.31586918061626 0
245 294 49 52.01771007999999 110.39191537737729 0
247 249 2 50.941696244999996 108.60822045637462 0
286 246 -40 50.07246592 107.16745776738304 0
259 283 24 51.44498727999999 109.4415694681581 0
240 259 19 51.36178112499999 109.30374137586125 0
279 244 -35 50.164405779999996 107.32012038163208 0
261 247 -14 50.596185805 108.03607360857458 0
245 237 -8 50.706644499999996 108.21903336851001 0
247 235 -12 50.62680672 108.08679886649857 0
248 248 0 50.902354419999995 108.54308899200105 0
242 247 5 51.031612499999994 108.75707410125001 0
251 242 -9 50.699614405 108.20739062223534 0
247 273 26 51.505437445 109.5417289973915 0
247 290 43 51.874311219999996 110.15360671657257 0
278 257 -21 50.45417960499999 107.80076136808837 0
262 262 0 50.909303605 108.55459371748763 0
257 253 -4 50.821074444999994 108.4085189467925 0
260 240 -20 50.463681404999996 107.81651042107833 0
259 255 -4 50.818746579999996 108.40466462375673 0
251 250 -1 50.876850205 108.50086477605097 0
258 260 2 50.957869779999996 108.63499564037193 0
253 255 2 50.94862962 108.61969864683864 0
260 259 -1 50.886128805 108.51622635722494 0
260 261 1 50.937072445 108.60056573393399 0
262 284 22 51.39106408 109.35224331988672 0
266 298 32 51.596799999999995 109.69315712000001 0
282 272 -10 50.71132968 108.22679252059969 0
280 272 -8 50.73941472 108.27330250796544 0
273 283 10 51.10961631999999 108.88620727514625 0
273 263 -10 50.70195808 108.21127207363072 0
287 284 -3 50.837360819999994 108.43548444250777 0
273 268 -5 50.802442844999995 108.37766957403082 0
281 285 4 50.99017128 108.68846991849409 0
275 278 3 50.980948479999995 108.67320188710913 0
280 275 -5 50.807102605 108.38538508781888 0
282 274 -8 50.75110364499999 108.2926589834756 0
276 302 26 51.433768005 109.42298286856173 0
282 292 10 51.11876968 108.90136074260033 0
303 288 -15 50.62680672 108.08679886649857 0
286 274 -12 50.664422079999994 108.14910441686528 0
284 272 -12 50.659724499999996 108.14132377789001 0
285 261 -24 50.411360124999995 107.72978093860375 0
278 278 0 50.89772008 108.53541656561728 0
271 265 -6 50.788456124999996 108.35451033192376 0
281 260 -21 50.475551679999995 107.83618430560769 0
272 265 -7 50.76278481999999 108.31200214438425 0
263 261 -2 50.867566645 108.4854948151071 0
271 263 -8 50.737076005 108.26942961330877 0
268 273 5 51.015508405 108.73041449056117 0
268 294 26 51.45619880499999 109.46014399439244 0
276 268 -8 50.73941472 108.27330250796544 0
285 266 -19 50.520588045 107.91081944087122 0
273 262 -11 50.664422079999994 108.14910441686528 0
265 258 -7 50.753440499999996 108.29652868017001 0
267 258 -9 50.706644499999996 108.21903336851001 0
266 249 -17 50.539517245 107.9421854427209 0
265 256 -9 50.713671805 108.23067129350808 0
259 260 1 50.920879379999995 108.5737578333185 0
261 258 -3 50.83270912 108.42778265022464 0
263 254 -9 50.697270419999995 108.20350863465097 0
261 286 25 51.4405005 109.43413627827 0
260 287 27 51.487549845 109.51208861190982 0
290 261 -29 50.320633605 107.57934042752014 0
271 259 -12 50.638570044999994 108.10628420433272 0
260 255 -5 50.788456124999996 108.35451033192376 0
262 252 -10 50.673813519999996 108.16465923236417 0
260 254 -6 50.77212418 108.32746710036233 0
259 250 -9 50.704301445 108.215152989001 0
260 261 1 50.93476008 108.59673759358273 0
257 256 -1 50.874529779999996 108.4970230718281 0
264 253 -11 50.664422079999994 108.14910441686528 0
260 249 -11 50.652675804999994 108.12964877670794 0
257 268 11 51.15076738 108.95433412469049 0
257 280 23 51.418048 109.39694130688001 0
272 258 -14 50.610325044999996 108.0594966556598 0
267 252 -15 50.572595605 107.99699170738188 0
261 251 -10 50.687891379999996 108.18797531914649 0
256 243 -13 50.61739048 108.07120085437889 0
256 255 -1 50.883809619999994 108.51238674696137 0
253 243 -10 50.671466124999995 108.16077133588625 0
258 253 -5 50.786123919999994 108.35064860432705 0
251 257 6 51.052295445 108.7913138329255 0
253 253 0 50.895402444999995 108.53157956911602 0
258 249 -9 50.71132968 108.22679252059969 0
256 275 19 51.323408979999996 109.24019100672713 0
256 286 30 51.567887805 109.64522972797593 0
279 257 -22 50.449426845 107.79288352286632 0
267 270 3 50.96941300499999 108.65410522850578 0
259 257 -2 50.85595522 108.46627056389944 0
266 255 -11 50.655025679999994 108.13354098301633 0
265 262 -3 50.85130847999999 108.45857718809089 0
258 248 -10 50.67850738 108.17243341150953 0
268 251 -17 50.53715217999999 107.93826660987033 0
258 260 2 50.957869779999996 108.63499564037193 0
254 258 4 51.006299244999994 108.7151691250269 0
264 256 -8 50.734736979999994 108.26555618508489 0
260 277 17 51.280416445 109.1689958964585 0
260 291 31 51.572339244999995 109.6526083770344 0
280 268 -12 50.662073445 108.14521436678302 0
275 271 -4 50.811761125 108.39309848700125 0
269 265 -4 50.81641840499999 108.40080977288883 0
270 263 -7 50.75110364499999 108.2926589834756 0
272 269 -3 50.848984644999994 108.45472971196142 0
269 264 -5 50.802442844999995 108.37766957403082 0
274 266 -8 50.737076005 108.26942961330877 0
270 266 -4 50.830382805 108.42393096389158 0
269 263 -6 50.783791404999995 108.34678634660418 0
272 263 -9 50.708987244999996 108.22291321232161 0
269 284 15 51.228223119999996 109.08257320150337 0
268 296 28 51.509906244999996 109.54913430538213 0
286 283 -3 50.844336045 108.44703318243279 0
281 273 -8 50.734736979999994 108.26555618508489 0
279 268 -11 50.66911842 108.15688290125306 0
276 263 -13 50.629160004999996 108.09069701594724 0
274 266 -8 50.727718044999996 108.2539326973713 0
270 266 -4 50.825729245 108.41622601002312 0
271 267 -4 50.821074444999994 108.4085189467925 0
272 266 -6 50.786123919999994 108.35064860432705 0
271 266 -5 50.797781844999996 108.3699519443262 0
271 270 -1 50.881490125 108.50854661345376 0
271 287 16 51.23504024499999 109.0938606442799 0
274 291 17 51.253205605 109.12393858406814 0
286 267 -19 50.5182205 107.90689622347 0
284 276 -8 50.741753124999995 108.27717486921875 0
271 269 -2 50.867566645 108.4854948151071 0
276 263 -13 50.64092178 108.11017964989608 0
276 279 3 50.97172071999999 108.65792559393344 0
268 268 0 50.91625 108.56609375000001 0
283 272 -11 50.67850738 108.17243341150953 0
273 268 -5 50.804772879999994 108.38152759533249 0
271 270 -1 50.88844768 108.52006544440833 0
275 264 -11 50.680853844999994 108.1763196945047 0
274 290 16 51.239583444999994 109.10138311499051 0
271 293 22 51.36178112499999 109.30374137586125 0
291 282 -9 50.725377779999995 108.25005713323992 0
281 277 -4 50.82805618 108.42007875054568 0
277 270 -7 50.755777044999995 108.30039784444422 0
282 265 -17 50.563150844999996 107.9813436950332 0
278 277 -1 50.883809619999994 108.51238674696137 0
272 264 -8 50.737076005 108.26942961330877 0
281 268 -13 50.64092178 108.11017964989608 0
271 269 -2 50.862923005 108.47780668894424 0
269 266 -3 50.844336045 108.44703318243279 0
274 265 -9 50.71132968 108.22679252059969 0
270 279 9 51.100457999999996 108.87104569272 0
270 294 24 51.418048 109.39694130688001 0
282 267 -15 50.589112 108.02435475136001 0
285 269 -16 50.574956019999995 108.00090234746585 0
271 266 -5 50.790788019999994 108.35837152955817 0
267 263 -4 50.81641840499999 108.40080977288883 0
270 272 2 50.950940124999995 108.62352367279625 0
268 264 -4 50.825729245 108.41622601002312 0
276 275 -1 50.881490125 108.50854661345376 0
270 280 10 51.11190512499999 108.88999640237876 0
275 267 -8 50.734736979999994 108.26555618508489 0
280 278 -2 50.872209045 108.49318084370572 0
271 287 16 51.248666125 109.11642208357375 0
279 306 27 51.462922 109.47128292344001 0
286 275 -11 50.687891379999996 108.18797531914649 0
297 269 -28 50.344552404999995 107.61900840557483 0
280 263 -17 50.548974404999996 107.95785530244717 0
267 267 0 50.909303605 108.55459371748763 0
265 273 8 51.09129471999999 108.85587598483457 0
272 257 -15 50.584394579999994 108.01653946070473 0
276 265 -11 50.673813519999996 108.16465923236417 0
265 267 2 50.946318805 108.61587310222508 0
265 266 1 50.930134419999995 108.58907975379897 0
271 264 -7 50.758113279999996 108.30426647646209 0
268 273 5 51.02241202 108.74184311814616 0
269 288 19 51.30305804499999 109.2064892061788 0
276 272 -4 50.81641840499999 108.40080977288883 0
283 269 -14 50.619745005 108.07510116988527 0
274 264 -10 50.697270419999995 108.20350863465097 0
269 253 -16 50.558426604999994 107.97351641535714 0
271 262 -9 50.723037205 108.24618103472204 0
262 252 -10 50.68554584499999 108.18409064815931 0
265 255 -10 50.67616060499999 108.16854659085064 0
260 261 1 50.930134419999995 108.58907975379897 0
257 259 2 50.955560205 108.63117216939904 0
265 257 -8 50.732397645 108.26168222312992 0
262 271 9 51.11190512499999 108.88999640237876 0
261 270 9 51.093586005 108.85966917414123 0
274 264 -10 50.699614405 108.20739062223534 0
269 248 -21 50.451803379999994 107.79682272217448 0
265 242 -23 50.40421378 107.71793337316409 0
259 246 -13 50.619745005 108.07510116988527 0
249 261 12 51.18726178 109.01475414230393 0
250 243 -7 50.74876647999999 108.28878875419713 0
262 248 -14 50.600900124999995 108.04388346278375 0
250 251 1 50.923193604999994 108.57758909396237 0
248 247 -1 50.883809619999994 108.51238674696137 0
255 244 -11 50.652675804999994 108.12964877670794 0
252 264 12 51.178145619999995 108.99966120286665 0
250 278 28 51.536693005 109.59352603187328 0
267 254 -13 50.63151298 108.09459462429113 0
262 249 -13 50.624453124999995 108.08290017578126 0
256 247 -9 50.697270419999995 108.20350863465097 0
251 244 -7 50.741753124999995 108.27717486921875 0
251 255 4 50.994780819999995 108.69610083929224 0
251 243 -8 50.727718044999996 108.2539326973713 0
258 241 -17 50.513484479999995 107.89904814208512 0
250 245 -5 50.8001125 108.37381102375001 0
245 239 -6 50.755777044999995 108.30039784444422 0
250 236 -14 50.572595605 107.99699170738188 0
246 261 15 51.26454888 109.14272114307649 0
242 270 28 51.558981204999995 109.63046674148198 0
267 252 -15 50.572595605 107.99699170738188 0
252 244 -8 50.713671805 108.23067129350808 0
251 243 -8 50.71132968 108.22679252059969 0
249 240 -9 50.704301445 108.215152989001 0
247 250 3 50.967104979999995 108.65028434589689 0
247 241 -6 50.76278481999999 108.31200214438425 0
253 240 -13 50.600900124999995 108.04388346278375 0
247 246 -1 50.87917032 108.50470595653825 0
244 241 -3 50.844336045 108.44703318243279 0
250 238 -12 50.624453124999995 108.08290017578126 0
246 258 12 51.178145619999995 108.99966120286665 0
244 258 14 51.23504024499999 109.0938606442799 0
261 254 -7 50.758113279999996 108.30426647646209 0
251 244 -7 50.741753124999995 108.27717486921875 0
253 248 -5 50.793119604999994 108.36223219739414 0
252 243 -9 50.690236604999996 108.19185945312537 0
252 252 0 50.909303605 108.55459371748763 0
250 240 -10 50.664422079999994 108.14910441686528 0
254 241 -13 50.61739048 108.07120085437889 0
248 246 -2 50.862923005 108.47780668894424 0
244 236 -8 50.720696319999995 108.24230440165377 0
250 237 -13 50.610325044999996 108.0594966556598 0
244 284 40 51.82183137999999 110.06646426200649 0
242 282 40 51.837156445 110.091907787666 0
292 259 -33 50.2318645 107.43207861391001 0
256 251 -5 50.788456124999996 108.35451033192376 0
247 244 -3 50.835035125 108.43163380970876 0
255 248 -7 50.73941472 108.27330250796544 0
249 251 2 50.955560205 108.63117216939904 0
252 236 -16 50.53715217999999 107.93826660987033 0
255 239 -16 50.527688819999995 107.92258580187625 0
246 241 -5 50.793119604999994 108.36223219739414 0
242 240 -2 50.86524497999999 108.48165101430313 0
246 239 -7 50.741753124999995 108.27717486921875 0
244 255 11 51.16446207999999 108.97700672233472 0
244 261 17 51.312106005 109.22147270967628 0
257 253 -4 50.81641840499999 108.40080977288883 0
254 237 -17 50.520588045 107.91081944087122 0
253 231 -22 50.40421378 107.71793337316409 0
247 234 -13 50.600900124999995 108.04388346278375 0
239 243 4 51.010904444999994 108.72279283625751 0
239 239 0 50.909303605 108.55459371748763 0
245 237 -8 50.718355124999995 108.23842723387126 0
242 235 -7 50.73941472 108.27330250796544 0
241 237 -4 50.8001125 108.37381102375001 0
242 233 -9 50.697270419999995 108.20350863465097 0
242 251 9 51.123344499999995 108.90893443649 0
240 271 31 51.630095125 109.74835890357126 0
254 245 -9 50.704301445 108.215152989001 0
253 241 -12 50.622099219999996 108.07900094363146 0
247 238 -9 50.699614405 108.20739062223534 0
242 241 -1 50.876850205 108.50086477605097 0
242 246 4 50.99017128 108.68846991849409 0
246 237 -9 50.6832 108.18020544000001 0
248 240 -8 50.713671805 108.23067129350808 0
243 242 -1 50.88844768 108.52006544440833 0
243 237 -6 50.758113279999996 108.30426647646209 0
246 237 -9 50.690236604999996 108.19185945312537 0
243 250 7 51.0775405 108.83310616483001 0
242 258 16 51.294005125 109.19149781055876 0
253 250 -3 50.844336045 108.44703318243279 0
252 248 -4 50.818746579999996 108.40466462375673 0
251 242 -9 50.704301445 108.215152989001 0
251 241 -10 50.664422079999994 108.14910441686528 0
250 245 -5 50.8001125 108.37381102375001 0
246 238 -8 50.725377779999995 108.25005713323992 0
250 236 -14 50.577316124999996 108.00481244267625 0
245 238 -7 50.746429004999996 108.28491799217073 0
241 240 -1 50.876850205 108.50086477605097 0
243 237 -6 50.765120124999996 108.31586918061626 0
244 258 14 51.239583444999994 109.10138311499051 0
242 238 -4 50.818746579999996 108.40466462375673 0
261 240 -21 50.43040340499999 107.76134998654368 0
244 243 -1 50.881490125 108.50854661345376 0
238 239 1 50.939384499999996 108.60439335481001 0
247 236 -11 50.636218 108.10238821832 0
244 245 1 50.920879379999995 108.5737578333185 0
242 239 -3 50.844336045 108.44703318243279 0
248 259 11 51.166743444999994 108.98078372626699 0
244 257 13 51.20092672 109.03737850630145 0
259 240 -19 50.473178245 107.83225063286862 0
252 240 -12 50.619745005 108.07510116988527 0
244 258 14 51.232768179999994 109.09009866174632 0
243 253 10 51.14163138 108.93920897705353 0
262 260 -2 50.860600719999994 108.47396183886657 0
250 246 -4 50.809432019999996 108.38924205165385 0
256 254 -2 50.85130847999999 108.45857718809089 0
254 246 -8 50.720696319999995 108.24230440165377 0
253 268 15 51.237311999999996 109.09762212864001 0
252 258 6 51.043106124999994 108.77610129432625 0
267 254 -13 50.629160004999996 108.09069701594724 0
257 261 4 50.99938912 108.70372969857537 0
251 257 6 51.043106124999994 108.77610129432625 0
265 247 -18 50.5182205 107.90689622347 0
261 273 12 51.178145619999995 108.99966120286665 0
253 273 20 51.3505045 109.28506479679001 0
276 273 -3 50.842011279999994 108.44318412870592 0
263 259 -4 50.82805618 108.42007875054568 0
264 253 -11 50.66911842 108.15688290125306 0
266 253 -13 50.622099219999996 108.07900094363146 0
257 263 6 51.038509604999994 108.76849195405588 0
257 251 -6 50.77212418 108.32746710036233 0
266 262 -4 50.823401999999994 108.41237274216 0
256 262 6 51.052295445 108.7913138329255 0
260 256 -4 50.82805618 108.42007875054568 0
264 253 -11 50.66911842 108.15688290125306 0
258 277 19 51.334704204999994 109.25889700920499 0
258 285 27 51.509906244999996 109.54913430538213 0
280 262 -18 50.53715217999999 107.93826660987033 0
269 264 -5 50.809432019999996 108.38924205165385 0
259 271 12 51.173585679999995 108.99211172018369 0
262 260 -2 50.85595522 108.46627056389944 0
274 271 -3 50.844336045 108.44703318243279 0
264 260 -4 50.823401999999994 108.41237274216 0
269 274 5 51.008601999999996 108.71898123784001 0
265 268 3 50.967104979999995 108.65028434589689 0
270 266 -4 50.82805618 108.42007875054568 0
270 262 -8 50.723037205 108.24618103472204 0
265 289 24 51.424787005 109.40810488229978 0
267 286 19 51.316628124999994 109.22896150515626 0
290 281 -9 50.720696319999995 108.24230440165377 0
275 265 -10 50.699614405 108.20739062223534 0
271 264 -7 50.765120124999996 108.31586918061626 0
271 257 -14 50.600900124999995 108.04388346278375 0
266 266 0 50.91161938 108.55842758288154 0
263 268 5 51.02241202 108.74184311814616 0
268 268 0 50.902354419999995 108.54308899200105 0
269 270 1 50.918564845 108.56992605205232 0
267 264 -3 50.844336045 108.44703318243279 0
271 268 -3 50.842011279999994 108.44318412870592 0
268 284 16 51.25093602 109.12018058233417 0
269 298 29 51.516607119999996 109.56023868140865 0
283 282 -1 50.883809619999994 108.51238674696137 0
285 271 -14 50.629160004999996 108.09069701594724 0
277 273 -4 50.814089919999994 108.39695439402497 0
270 266 -4 50.825729245 108.41622601002312 0
275 272 -3 50.8466605 108.45088171013 0
271 267 -4 50.818746579999996 108.40466462375673 0
273 268 -5 50.802442844999995 108.37766957403082 0
270 273 3 50.967104979999995 108.65028434589689 0
268 255 -13 50.63386564499999 108.0984916916941 0
275 261 -14 50.60325682 108.04778757519976 0
262 276 14 51.207755004999996 109.04868392756474 0
259 297 38 51.740575125 109.93160528740876 0
277 268 -9 50.718355124999995 108.23842723387126 0
282 273 -9 50.723037205 108.24618103472204 0
266 269 3 50.960179045 108.6388185933443 0
264 252 -12 50.643273205 108.11407455517397 0
271 260 -11 50.664422079999994 108.14910441686528 0
258 254 -4 50.814089919999994 108.39695439402497 0
259 258 -1 50.890766244999995 108.5239040086754 0
259 254 -5 50.797781844999996 108.3699519443262 0
258 246 -12 50.636218 108.10238821832 0
259 255 -4 50.811761125 108.39309848700125 0
251 271 20 51.359526419999995 109.30000703869705 0
257 282 25 51.465162445 109.47499493632351 0
268 267 -1 50.89308449999999 108.52774205019001 0
270 261 -9 50.706644499999996 108.21903336851001 0
264 251 -13 50.610325044999996 108.0594966556598 0
260 248 -12 50.643273205 108.11407455517397 0
256 262 6 51.038509604999994 108.76849195405588 0
252 251 -1 50.883809619999994 108.51238674696137 0
265 250 -15 50.584394579999994 108.01653946070473 0
254 257 3 50.96479664499999 108.64646294594291 0
250 253 3 50.983254644999995 108.6770196690886 0
260 254 -6 50.76278481999999 108.31200214438425 0
256 278 22 51.39106408 109.35224331988672 0
255 286 31 51.585686124999995 109.67473296318626 0
279 267 -12 50.647975124999995 108.12186274552876 0
269 277 8 51.06836482 108.81791609741578 0
261 262 1 50.920879379999995 108.5737578333185 0
272 254 -18 50.530055125 107.92650682569126 0
268 271 3 50.96941300499999 108.65410522850578 0
255 263 8 51.089003125 108.85208228703125 0
272 268 -4 50.821074444999994 108.4085189467925 0
263 274 11 51.143915844999995 108.9429910208907 0
263 273 10 51.13020440499999 108.92029118121468 0
275 263 -12 50.657375245 108.13743265002239 0
272 280 8 51.070659205 108.82171437906254 0
265 294 29 51.534462479999995 109.58982934442689 0
279 275 -4 50.81641840499999 108.40080977288883 0
284 270 -14 50.61739048 108.07120085437889 0
270 266 -4 50.821074444999994 108.4085189467925 0
266 264 -2 50.862923005 108.47780668894424 0
269 279 10 51.121057244999996 108.9051478427284 0
267 267 0 50.895402444999995 108.53157956911602 0
279 277 -2 50.862923005 108.47780668894424 0
268 279 11 51.137061519999996 108.93164337454017 0
270 276 6 51.038509604999994 108.76849195405588 0
278 271 -7 50.765120124999996 108.31586918061626 0
273 291 18 51.284947245 109.17649851232912 0
273 303 30 51.538923219999994 109.59722224310345 0
290 294 4 50.983254644999995 108.6770196690886 0
289 286 -3 50.844336045 108.44703318243279 0
284 284 0 50.902354419999995 108.54308899200105 0
284 270 -14 50.615035645 108.06729999694842 0
286 280 -6 50.776792 108.33519639104 0
275 270 -5 50.797781844999996 108.3699519443262 0
279 274 -5 50.809432019999996 108.38924205165385 0
273 268 -5 50.804772879999994 108.38152759533249 0
271 263 -8 50.725377779999995 108.25005713323992 0
272 267 -5 50.790788019999994 108.35837152955817 0
264 269 5 51.024712605 108.74565163363114 0
268 281 13 51.175865805 108.99588671274208 0
271 273 2 50.957869779999996 108.63499564037193 0
277 264 -13 50.624453124999995 108.08290017578126 0
272 260 -12 50.652675804999994 108.12964877670794 0
263 250 -13 50.622099219999996 108.07900094363146 0
263 269 6 51.031612499999994 108.75707410125001 0
256 261 5 51.015508405 108.73041449056117 0
269 264 -5 50.804772879999994 108.38152759533249 0
260 265 5 51.02241202 108.74184311814616 0
258 259 1 50.918564845 108.56992605205232 0
267 259 -8 50.730058 108.25780772728001 0
261 278 17 51.284947245 109.17649851232912 0
260 291 31 51.57901407999999 109.66367279907328 0
279 269 -10 50.708987244999996 108.22291321232161 0
276 269 -7 50.758113279999996 108.30426647646209 0
264 265 1 50.918564845 108.56992605205232 0
264 258 -6 50.783791404999995 108.34678634660418 0
268 272 4 50.994780819999995 108.69610083929224 0
261 262 1 50.930134419999995 108.58907975379897 0
272 256 -16 50.553701124999996 107.96568695159876 0
264 263 -1 50.876850205 108.50086477605097 0
254 264 10 51.137061519999996 108.93164337454017 0
264 268 4 50.9855605 108.68083693487 0
265 275 10 51.12791808 108.91650610556928 0
266 291 25 51.438256644999996 109.4304189585146 0
273 266 -7 50.75110364499999 108.2926589834756 0
284 271 -13 50.65032562 108.12575603093336 0
266 266 0 50.906987519999994 108.55075933065217 0
263 270 7 51.04999857999999 108.78751146560873 0
269 273 4 50.983254644999995 108.6770196690886 0
268 273 5 51.020111125 108.73803408924876 0
273 272 -1 50.881490125 108.50854661345376 0
272 272 0 50.906987519999994 108.55075933065217 0
271 262 -9 50.718355124999995 108.23842723387126 0
272 273 1 50.93476008 108.59673759358273 0
265 291 26 51.465162445 109.47499493632351 0
272 304 32 51.572339244999995 109.6526083770344 0
284 279 -5 50.8001125 108.37381102375001 0
288 280 -8 50.74876647999999 108.28878875419713 0
273 270 -3 50.844336045 108.44703318243279 0
274 268 -6 50.786123919999994 108.35064860432705 0
273 279 6 51.02931284499999 108.75326712501919 0
268 266 -2 50.862923005 108.47780668894424 0
279 264 -15 50.584394579999994 108.01653946070473 0
268 269 1 50.923193604999994 108.57758909396237 0
260 265 5 51.02241202 108.74184311814616 0
270 261 -9 50.706644499999996 108.21903336851001 0
266 267 1 50.939384499999996 108.60439335481001 0
261 285 24 51.431523219999995 109.41926409803656 0
268 266 -2 50.869887999999996 108.48933809152001 0
281 268 -13 50.647975124999995 108.12186274552876 0
265 268 3 50.976335219999996 108.66556477390057 0
261 256 -5 50.804772879999994 108.38152759533249 0
270 265 -5 50.802442844999995 108.37766957403082 0
259 250 -9 50.713671805 108.23067129350808 0
264 254 -10 50.680853844999994 108.1763196945047 0
256 259 3 50.976335219999996 108.66556477390057 0
251 256 5 51.02931284499999 108.75326712501919 0
261 256 -5 50.8001125 108.37381102375001 0
257 269 12 51.16446207999999 108.97700672233472 0
256 283 27 51.505437445 109.5417289973915 0
269 265 -4 50.811761125 108.39309848700125 0
274 265 -9 50.713671805 108.23067129350808 0
262 259 -3 50.835035125 108.43163380970876 0
259 253 -6 50.767455119999994 108.31973568524737 0
262 251 -11 50.664422079999994 108.14910441686528 0
255 252 -3 50.830382805 108.42393096389158 0
254 250 -4 50.811761125 108.39309848700125 0
255 256 1 50.932447405 108.59290893359234 0
253 257 4 50.997085125 108.69991552654126 0
257 253 -4 50.804772879999994 108.38152759533249 0
258 270 12 51.1690245 108.98456022711001 0
253 279 26 51.49426002 109.52320735061785 0
269 265 -4 50.823401999999994 108.41237274216 0
269 260 -9 50.706644499999996 108.21903336851001 0
260 259 -1 50.88844768 108.52006544440833 0
257 253 -4 50.814089919999994 108.39695439402497 0
261 269 8 51.08212648 108.84069814100289 0
257 255 -2 50.858278125 108.47011646390627 0
268 254 -14 50.598543119999995 108.03997880729665 0
257 252 -5 50.786123919999994 108.35064860432705 0
249 253 4 51.008601999999996 108.71898123784001 0
255 251 -4 50.818746579999996 108.40466462375673 0
255 265 10 51.134776124999995 108.92785981553625 0
254 282 28 51.5300005 109.58243454023001 0
264 257 -7 50.746429004999996 108.28491799217073 0
271 255 -16 50.563150844999996 107.9813436950332 0
255 250 -5 50.78145858 108.34292355859128 0
248 251 3 50.976335219999996 108.66556477390057 0
252 256 4 50.987866045 108.68465368461722 0
253 245 -8 50.720696319999995 108.24230440165377 0
257 249 -8 50.71601362 108.23454953121065 0
249 251 2 50.960179045 108.6388185933443 0
248 246 -2 50.85595522 108.46627056389944 0
254 246 -8 50.732397645 108.26168222312992 0
248 264 16 51.269084019999994 109.15023069322984 0
248 268 20 51.357271405 109.29627221237168 0
265 256 -9 50.708987244999996 108.22291321232161 0
259 235 -24 50.35888880499999 107.64278226505758 0
252 248 -4 50.818746579999996 108.40466462375673 0
241 247 6 51.059184179999995 108.80271786783769 0
243 253 10 51.14619999999999 108.94677256 0
247 239 -8 50.71601362 108.23454953121065 0
250 247 -3 50.830382805 108.42393096389158 0
245 246 1 50.932447405 108.59290893359234 0
244 238 -6 50.767455119999994 108.31973568524737 0
249 237 -12 50.61739048 108.07120085437889 0
