161 141 -20 52.15547392 110.62117033271296 0
163 147 -16 52.330128179999996 110.91233608420633 0
160 133 -27 51.828401125 110.07737135733876 0
162 139 -23 51.99823520499999 110.35953273743598 0
159 139 -20 52.125446579999995 110.57117274770329 0
157 140 -17 52.28772178 110.84158167396393 0
159 139 -20 52.13617760499999 110.58903872781613 0
158 147 -11 52.534040125 111.25315593601626 0
158 157 -1 53.007900819999996 112.04990333358776 0
161 145 -16 52.315300045 110.88759105425521 0
164 140 -24 52.006893805 110.37392943280993 0
160 139 -21 52.123299444999994 110.56759825592252 0
159 139 -20 52.153331124999994 110.61760187595125 0
159 146 -13 52.47757408 111.15867343964673 0
159 141 -18 52.253707379999994 110.78485733955048 0
161 141 -20 52.16832418 110.64257205229768 0
159 141 -18 52.23240808 110.74934977332929 0
159 142 -17 52.285598205 110.83803955766103 0
160 138 -22 52.037159845 110.42426235051731 0
160 152 -8 52.68144641999999 111.50022488458296 0
159 158 -1 53.01596049999999 112.06352354713 0
163 159 -4 52.890478079999994 111.85175286915073 0
164 148 -16 52.332245244999996 110.9158694215449 0
163 146 -17 52.298335005 110.85928596348778 0
164 144 -20 52.187578644999995 110.67464569463942 0
161 149 -12 52.51106272 111.21469849490944 0
162 145 -17 52.27497568 110.82032267514369 0
163 146 -17 52.311060645 110.8805172901666 0
161 142 -19 52.18116327999999 110.66395833289792 0
161 144 -17 52.313180499999994 110.88405438107 0
161 139 -22 52.06089768 110.46374927775169 0
160 154 -6 52.792511999999995 111.68682087936 0
160 165 5 53.29098207999999 112.52994569385473 0
164 149 -15 52.412464005 111.04982930152323 0
166 143 -23 52.039319379999995 110.42785426217849 0
161 146 -15 52.406147219999994 111.03927516497545 0
161 142 -19 52.21961362 110.72802489472937 0
161 143 -18 52.253707379999994 110.78485733955048 0
161 141 -20 52.174745125 110.65326712025876 0
160 143 -17 52.27922561999999 110.82741068900665 0
160 145 -15 52.382961804999994 111.00054502151058 0
160 145 -15 52.399827644999995 111.02871733385241 0
161 141 -20 52.166183245 110.63900617214112 0
161 159 -2 52.965506125 111.97830177017376 0
160 144 -16 52.351284879999994 110.94765074629953 0
168 147 -21 52.140467844999996 110.5961820994842 0
161 147 -14 52.44820642 111.10956650243705 0
158 144 -14 52.439804499999994 111.09552130829002 0
163 141 -22 52.075984045 110.4888497742093 0
161 147 -14 52.43139762 111.08146958795737 0
160 143 -17 52.28772178 110.84158167396393 0
162 152 -10 52.596515124999996 111.35779418910876 0
161 148 -13 52.475478405 111.15516843869133 0
162 145 -17 52.319538205 110.89466314812648 0
163 146 -17 52.298335005 110.85928596348778 0
161 181 20 53.896631004999996 113.57107986026378 0
162 151 -11 52.550727404999996 111.28109453266018 0
183 157 -26 52.02203442 110.39910667174105 0
157 166 9 53.439922319999994 112.78402837823424 0
161 150 -11 52.57988240499999 111.32992565014484 0
173 142 -31 51.753780645 109.95351697801343 0
165 149 -16 52.376632 110.98997360576001 0
161 144 -17 52.30045672 110.86282556414145 0
162 148 -14 52.45660338 111.12360518088553 0
162 156 -6 52.772012499999995 111.65235044125001 0
161 156 -5 52.819115005 111.73157565885528 0
166 149 -17 52.298335005 110.85928596348778 0
164 167 3 53.170142604999995 112.32459617700114 0
163 184 21 53.92470417999999 113.61990487374233 0
174 164 -10 52.66491538 111.47248521465752 0
171 168 -3 52.941219204999996 111.93731420015749 0
166 164 -2 52.955391999999996 111.96123003904 0
171 152 -19 52.2707245 110.81323297861002 0
174 157 -17 52.34705602 110.94059113727417 0
168 160 -8 52.695894804999995 111.52447667676108 0
166 158 -8 52.70620578 111.54178775022793 0
170 161 -9 52.695894804999995 111.52447667676108 0
167 159 -8 52.72680448 111.57638089920513 0
169 160 -9 52.658711124999996 111.46207640481126 0
169 178 9 53.41457264499999 112.74070273891742 0
169 173 4 53.205920125 112.38532465988376 0
180 179 -1 53.00588512499999 112.04649737395876 0
170 183 13 53.59476711999999 113.04944509468865 0
178 176 -2 52.967528019999996 111.98171501743818 0
185 164 -21 52.21961362 110.72802489472937 0
182 172 -10 52.66698284499999 111.4759540373417 0
176 165 -11 52.623500979999996 111.40302660319912 0
177 174 -3 52.93108648 111.92022041931713 0
176 168 -8 52.72886264499999 111.5798380923926 0
177 168 -9 52.710328 111.54870947008001 0
176 170 -6 52.800703119999994 111.70059840457665 0
174 183 9 53.402855124999995 112.72068755480876 0
178 179 1 53.10228880499999 112.20957718839509 0
183 187 4 53.225753125 112.41901414328126 0
178 166 -12 52.594437119999995 111.35431200804865 0
187 166 -21 52.247320845 110.77420951135569 0
182 155 -27 51.95703912 110.29105172086464 0
172 165 -7 52.759697919999994 111.63164986875904 0
168 158 -10 52.619352719999995 111.39607210741056 0
171 162 -9 52.67731551999999 111.49329230365186 0
170 163 -7 52.776114879999994 111.65924757698049 0
168 167 -1 53.01596049999999 112.06352354713 0
172 162 -10 52.644223679999996 111.43777550034433 0
172 178 6 53.287038419999995 112.52323315002697 0
172 184 12 53.53693282 112.95015370538825 0
181 176 -5 52.874199999999995 111.82432424000001 0
176 173 -3 52.929059005 111.91680055714073 0
178 168 -10 52.642152804999995 111.43430237656094 0
180 154 -26 51.99823520499999 110.35953273743598 0
177 163 -14 52.500606045 111.1972017603553 0
170 163 -7 52.76790887999999 111.64545177884352 0
169 162 -7 52.74326112 111.60402767079937 0
172 165 -7 52.753536444999995 111.62129441892152 0
169 166 -3 52.95134417999999 111.95439877928233 0
172 165 -7 52.774063845 111.65579919986781 0
173 184 11 53.480761124999994 112.85389938793875 0
173 172 -1 53.026028124999996 112.08054067015627 0
184 178 -6 52.808889279999995 111.71436985979393 0
174 179 5 53.26730152 112.48965002142018 0
178 169 -9 52.69795762 111.52793966626265 0
185 167 -18 52.33859457999999 110.92646693675529 0
179 177 -2 52.965506125 111.97830177017376 0
175 170 -5 52.859940404999996 111.80030458487067 0
184 175 -9 52.693831679999995 111.5210132995277 0
176 176 0 53.040109779999995 112.10434947714809 0
178 173 -5 52.87012738 111.81746335122952 0
182 166 -16 52.416673644999996 111.0568633421981 0
179 184 5 53.239617779999996 112.44257625628009 0
177 191 14 53.588996245 113.03952873891211 0
191 185 -6 52.825246719999996 111.74189460217856 0
180 178 -2 52.98369201999999 112.00900783553385 0
183 181 -2 52.963483919999994 111.97488815680705 0
186 172 -14 52.508972005 111.21119995328478 0
187 178 -9 52.71856871999999 111.56254827207745 0
183 175 -8 52.73914882 111.59711828495625 0
183 175 -8 52.755590579999996 111.62474661845928 0
182 177 -5 52.87012738 111.81746335122952 0
181 176 -5 52.84974568 111.78313645293633 0
183 179 -4 52.890478079999994 111.85175286915073 0
182 192 10 53.44771168 112.79734821151233 0
184 185 1 53.108290319999995 112.21974233434177 0
191 188 -3 52.963483919999994 111.97488815680705 0
185 189 4 53.205920125 112.38532465988376 0
191 197 6 53.27717384499999 112.50644584247532 0
195 177 -18 52.408253124999995 111.04279362078125 0
199 186 -13 52.604824045 111.37171895901679 0
190 182 -8 52.761751124999996 111.63510091984875 0
187 185 -2 52.997819244999995 112.03286990555311 0
189 185 -4 52.892511445 111.855179771331 0
189 184 -5 52.86401612499999 111.80716921413625 0
191 178 -13 52.559063605 111.29505424489014 0
190 195 5 53.249511805 112.45939602411194 0
187 196 9 53.38134402 112.68396216510985 0
202 207 5 53.217823644999996 112.40554249670441 0
190 195 5 53.249511805 112.45939602411194 0
202 188 -14 52.57988240499999 111.32992565014484 0
202 182 -20 52.355512499999996 110.95470869625001 0
195 190 -5 52.878271379999994 111.83118363486649 0
188 179 -9 52.712388645 111.55216975004691 0
196 192 -4 52.92297472 111.90653875564544 0
189 197 8 53.33820928 112.61039070404608 0
196 192 -4 52.908767205 111.88258161049204 0
195 187 -8 52.774063845 111.65579919986781 0
194 202 8 53.351950245 112.6338173338099 0
195 200 5 53.227734719999994 112.42238119251456 0
211 209 -2 52.993784444999996 112.0260539911225 0
199 195 -4 52.925003124999996 111.90995972546875 0
209 199 -10 52.710328 111.54870947008001 0
205 196 -9 52.74942724499999 111.6143888702509 0
202 198 -4 52.914857999999995 111.89285117928002 0
203 192 -11 52.68144641999999 111.50022488458296 0
204 192 -12 52.635938319999994 111.42388065260225 0
201 197 -4 52.90470512499999 111.87573337812125 0
198 190 -8 52.774063845 111.65579919986781 0
203 191 -12 52.64629424499999 111.4412482322994 0
197 202 5 53.23367764499999 112.4324802730501 0
197 200 3 53.176112499999995 112.33472542625 0
208 218 10 53.383301124999996 112.68730249290125 0
200 206 6 53.271251379999995 112.49636937277353 0
218 200 -18 52.45240552 111.11658665546817 0
209 196 -13 52.602747279999996 111.36823835936192 0
203 200 -3 52.93919328 111.93389618078209 0
200 193 -7 52.810935044999994 111.7178117763898 0
206 201 -5 52.90470512499999 111.87573337812125 0
201 200 -1 53.01596049999999 112.06352354713 0
207 187 -20 52.374521445 110.9864489751235 0
205 184 -21 52.325893119999996 110.90526816014336 0
196 197 1 53.100287679999994 112.20618809671168 0
190 207 17 53.661887844999995 113.1649283768067 0
205 204 -1 53.038099044999996 112.10094930043572 0
198 189 -9 52.737092204999996 111.59366301568048 0
202 186 -16 52.475478405 111.15516843869133 0
199 184 -15 52.502697999999995 111.20070191288 0
191 189 -2 52.971570879999994 111.98854041431554 0
189 185 -4 52.920946005 111.90311741627877 0
195 182 -13 52.596515124999996 111.35779418910876 0
191 179 -12 52.600670205 111.36475736460153 0
189 178 -11 52.65250408 111.45166407883329 0
187 179 -8 52.774063845 111.65579919986781 0
186 194 8 53.359795405 112.64719662088818 0
186 202 16 53.65232242 113.14845403612505 0
194 204 10 53.40090112 112.71735053656064 0
190 187 -3 52.93311364499999 111.9236399126056 0
199 189 -10 52.695894804999995 111.52447667676108 0
197 179 -18 52.404041004999996 111.03575629866128 0
192 191 -1 53.013946045 112.06011903716279 0
187 183 -4 52.91891697999999 111.89969570720488 0
196 185 -11 52.65664242 111.45860602038505 0
190 189 -1 53.007900819999996 112.04990333358776 0
189 182 -7 52.798655804999996 111.69715459274458 0
195 178 -17 52.433499805 111.08498313044393 0
189 191 2 53.12827521999999 112.25360313858057 0
186 197 11 53.455496079999996 112.81066282424129 0
198 203 5 53.241597205 112.44594089649797 0
191 188 -3 52.93311364499999 111.9236399126056 0
198 185 -13 52.586121999999996 111.34037932456 0
197 178 -19 52.351284879999994 110.94765074629953 0
191 190 -1 53.03608799999999 112.09754876352001 0
185 182 -3 52.927031219999996 111.91338032591257 0
197 186 -11 52.650434444999995 111.44819252138002 0
188 184 -4 52.916887644999996 111.89627362825992 0
189 182 -7 52.810935044999994 111.7178117763898 0
191 179 -12 52.62557464499999 111.40650326081109 0
189 189 0 53.06822751999999 112.15191422153217 0
187 182 -5 52.86197842 111.80373708673305 0
195 197 2 53.13226847999999 112.26037106022913 0
188 189 1 53.096284499999996 112.19940884781 0
199 178 -21 52.283474319999996 110.83449702150976 0
193 172 -21 52.255835604999994 110.78840577078438 0
186 184 -2 52.98369201999999 112.00900783553385 0
179 173 -6 52.80479681999999 111.70748489027977 0
191 175 -16 52.439804499999994 111.09552130829002 0
181 171 -10 52.65664242 111.45860602038505 0
179 168 -11 52.617278125 111.39259426890627 0
180 171 -9 52.708267045 111.5452488035283 0
177 187 10 53.439922319999994 112.78402837823424 0
178 187 9 53.40480882 112.72402424300377 0
185 195 10 53.42042721999999 112.75070588631544 0
179 181 2 53.140251279999994 112.27390267481408 0
191 175 -16 52.450306125 111.11307678248626 0
191 172 -19 52.328010805 110.90880233046045 0
183 177 -6 52.843625124999996 111.77283106977876 0
178 170 -8 52.73503528 111.59020736195009 0
184 173 -11 52.644223679999996 111.43777550034433 0
179 174 -5 52.851785244999995 111.7865708295524 0
179 172 -7 52.78226612499999 111.66959042092626 0
181 167 -14 52.49223512499999 111.18319711727125 0
179 181 2 53.148229119999996 112.28742865985537 0
177 183 6 53.29098207999999 112.52994569385473 0
187 191 4 53.209889204999996 112.39206532283254 0
179 175 -4 52.902673619999995 111.87230870549065 0
186 174 -12 52.602747279999996 111.36823835936192 0
186 175 -11 52.654573404999994 111.45513524511368 0
180 182 2 53.122283005 112.24344860947578 0
182 171 -11 52.619352719999995 111.39607210741056 0
185 170 -15 52.47338241999999 111.15166303263497 0
180 171 -9 52.691768245 111.51754953439863 0
177 169 -8 52.74737218 111.61093552079033 0
179 167 -12 52.561146879999995 111.29854317617153 0
177 181 4 53.213857045 112.3988046013358 0
175 195 20 53.84215842 113.47650074447304 0
185 178 -7 52.80479681999999 111.70748489027977 0
180 171 -9 52.710328 111.54870947008001 0
181 169 -12 52.57364002 111.31946840355785 0
180 166 -14 52.494328319999994 111.18669888331777 0
174 172 -2 52.98369201999999 112.00900783553385 0
175 166 -9 52.70620578 111.54178775022793 0
178 172 -6 52.825246719999996 111.74189460217856 0
175 164 -11 52.61312800499999 111.38563740985828 0
176 166 -10 52.671116845 111.48289051279632 0
175 163 -12 52.550727404999996 111.28109453266018 0
173 175 2 53.12827521999999 112.25360313858057 0
173 185 12 53.54079711999999 112.95678200731138 0
178 171 -7 52.772012499999995 111.65235044125001 0
177 164 -13 52.546557445 111.27411228198852 0
176 156 -20 52.247320845 110.77420951135569 0
174 158 -16 52.391397205 111.01463447092453 0
168 165 -3 52.94324482 111.94073185146425 0
167 163 -4 52.89860967999999 111.8654582465197 0
172 168 -4 52.90470512499999 111.87573337812125 0
169 157 -12 52.546557445 111.27411228198852 0
172 156 -16 52.39350528 111.01815580372993 0
171 152 -19 52.262218419999996 110.79904853228697 0
166 177 11 53.527266645 112.9335773696446 0
166 179 13 53.60822164499999 113.07257228173042 0
182 175 -7 52.786365405 111.67648374570183 0
167 162 -5 52.833417999999995 111.75564791032001 0
174 163 -11 52.59859281999999 111.36127597457177 0
176 154 -22 52.157616405 110.62473835963084 0
170 161 -9 52.68144641999999 111.50022488458296 0
169 150 -19 52.243061604999994 110.76710884550964 0
168 149 -19 52.238801124999995 110.76000648716126 0
167 153 -14 52.437703244999994 111.0920089904464 0
162 151 -11 52.5653125 111.30551984375 0
165 149 -16 52.37241057999999 110.98292393152073 0
164 161 -3 52.929059005 111.91680055714073 0
163 154 -9 52.67938112499999 111.49675878863876 0
168 160 -8 52.700020124999995 111.53140226819626 0
165 163 -2 52.95134417999999 111.95439877928233 0
165 163 -2 52.977632844999995 111.99877576796082 0
170 158 -12 52.544472 111.27062055744001 0
169 161 -8 52.704144205 111.53832631001504 0
169 153 -16 52.353398844999994 110.95117992857719 0
169 154 -15 52.406147219999994 111.03927516497545 0
167 151 -16 52.374521445 110.9864489751235 0
164 150 -14 52.444006079999994 111.10254472048129 0
165 149 -16 52.378742245 110.99349782359411 0
163 163 0 53.04814962 112.11794658524137 0
163 165 2 53.12827521999999 112.25360313858057 0
168 163 -5 52.859940404999996 111.80030458487067 0
166 158 -8 52.73503528 111.59020736195009 0
168 156 -12 52.561146879999995 111.29854317617153 0
170 145 -25 51.97873522 110.32711431123944 0
168 155 -13 52.50688098 111.20770100918088 0
164 146 -18 52.251578845 110.78130848601032 0
164 147 -17 52.321656819999994 110.89819856914025 0
163 148 -15 52.401934479999994 111.03223702167489 0
160 146 -14 52.42508920499999 111.07092650858998 0
163 145 -18 52.26434540499999 110.80259527593434 0
161 156 -5 52.855863445 111.79343845711301 0
161 162 1 53.078254845 112.16888461398231 0
165 163 -2 52.963483919999994 111.97488815680705 0
165 147 -18 52.26647208 110.80614159809473 0
166 146 -20 52.1854405 110.67108366833001 0
165 140 -25 51.948352 110.27661423616001 0
160 148 -12 52.515243219999995 111.22169437137657 0
161 145 -16 52.319538205 110.89466314812648 0
161 145 -16 52.355512499999996 110.95470869625001 0
161 148 -13 52.49223512499999 111.18319711727125 0
159 150 -9 52.644223679999996 111.43777550034433 0
162 145 -17 52.29621297999999 110.85574594396888 0
162 160 -2 52.967528019999996 111.98171501743818 0
161 150 -11 52.57155860499999 111.31598186011487 0
167 150 -17 52.315300045 110.88759105425521 0
163 151 -12 52.521511645 111.2321851715796 0
161 147 -14 52.45240552 111.11658665546817 0
164 144 -20 52.14904460499999 110.61046367224088 0
162 155 -7 52.72886264499999 111.5798380923926 0
161 152 -9 52.635938319999994 111.42388065260225 0
164 156 -8 52.700020124999995 111.53140226819626 0
163 179 16 53.72862882 113.28003424149625 0
163 150 -13 52.498513779999996 111.19370120469593 0
175 148 -27 51.911376405 110.21517526438917 0
163 163 0 53.050158804999995 112.12134496339493 0
162 180 18 53.802550005 113.40785907084027 0
170 176 6 53.29492449999999 112.53665688011 0
168 162 -6 52.800703119999994 111.70059840457665 0
168 162 -6 52.815025645 111.72469447407842 0
173 151 -22 52.153331124999994 110.61760187595125 0
169 156 -13 52.502697999999995 111.20070191288 0
168 155 -13 52.51106272 111.21469849490944 0
165 153 -12 52.519422479999996 111.22868863989312 0
167 153 -14 52.45660338 111.12360518088553 0
164 152 -12 52.517333005 111.22519170654674 0
165 150 -15 52.395613045 111.0216767250438 0
165 168 3 53.170142604999995 112.32459617700114 0
163 174 11 53.54079711999999 112.95678200731138 0
172 172 0 53.042120204999996 112.10774929382097 0
167 160 -7 52.765856604999996 111.64200187472714 0
170 157 -13 52.527777279999995 111.24267235831809 0
173 151 -22 52.15118801999999 110.61403298918185 0
168 152 -16 52.357625844999994 110.95823704948182 0
166 152 -14 52.46499538 111.13763735412249 0
164 155 -9 52.67938112499999 111.49675878863876 0
165 158 -7 52.774063845 111.65579919986781 0
165 156 -9 52.6483645 111.44472057259 0
166 152 -14 52.46499538 111.13763735412249 0
166 178 12 53.54079711999999 112.95678200731138 0
165 185 20 53.86097151999999 113.50914182057986 0
182 170 -12 52.567394844999995 111.30900758037481 0
168 165 -3 52.91891697999999 111.89969570720488 0
172 168 -4 52.902673619999995 111.87230870549065 0
174 154 -20 52.221746804999995 110.73158010252693 0
174 166 -8 52.71856871999999 111.56254827207745 0
171 161 -10 52.654573404999994 111.45513524511368 0
170 168 -2 52.967528019999996 111.98171501743818 0
171 163 -8 52.71856871999999 111.56254827207745 0
170 160 -10 52.629721045 111.41345539628972 0
172 154 -18 52.317419279999996 110.89112730988609 0
169 180 11 53.49628280499999 112.88047930722908 0
168 158 -10 52.64629424499999 111.4412482322994 0
186 158 -28 51.970060499999995 110.31269460363 0
166 159 -7 52.76790887999999 111.64545177884352 0
165 154 -11 52.586121999999996 111.34037932456 0
168 147 -21 52.131886124999994 110.58189363087376 0
167 157 -10 52.6483645 111.44472057259 0
163 154 -9 52.644223679999996 111.43777550034433 0
166 152 -14 52.454504605 111.12009612154664 0
165 156 -9 52.662847604999996 111.46901600178364 0
163 157 -6 52.790463445 111.68337554838949 0
166 154 -12 52.52360049999999 111.23568130177001 0
166 167 1 53.11428904499999 112.2299042900743 0
165 177 12 53.546591244999995 112.9667220724629 0
172 169 -3 52.95134417999999 111.95439877928233 0
171 159 -12 52.569476879999996 111.31249491910849 0
171 160 -11 52.581962579999995 111.33341060497273 0
172 151 -21 52.159758579999995 110.62830595686873 0
168 155 -13 52.508972005 111.21119995328478 0
167 152 -15 52.418777999999996 111.06037974792001 0
165 159 -6 52.794560245 111.69026583030012 0
165 156 -9 52.675249605 111.48982542945838 0
166 155 -11 52.58820124499999 111.34386308964712 0
166 154 -12 52.52986520499999 111.24616728500348 0
165 180 15 53.684813245 113.20443540766362 0
166 184 18 53.80066048 113.40458717605888 0
181 188 7 53.336245045 112.60704270212022 0
167 167 0 53.06421442 112.14512356148104 0
179 173 -6 52.82115922 111.73501568431145 0
183 162 -21 52.208943045 110.71024247854372 0
175 172 -3 52.916887644999996 111.89627362825992 0
174 165 -9 52.69795762 111.52793966626265 0
175 163 -12 52.586121999999996 111.34037932456 0
175 166 -9 52.67731551999999 111.49329230365186 0
171 166 -5 52.859940404999996 111.80030458487067 0
174 163 -11 52.592358804999996 111.35082943122758 0
173 171 -2 52.969549605 111.98512789876415 0
172 180 8 53.369594879999994 112.66391322365953 0
175 174 -1 53.030053005 112.08734498991424 0
177 162 -15 52.437703244999994 111.0920089904464 0
176 159 -17 52.374521445 110.9864489751235 0
175 152 -23 52.084598005 110.50318332149078 0
168 160 -8 52.730920499999996 111.58329490047001 0
167 156 -11 52.57988240499999 111.32992565014484 0
168 159 -9 52.683511405 111.50369059164834 0
167 161 -6 52.810935044999994 111.7178117763898 0
166 161 -5 52.825246719999996 111.74189460217856 0
169 156 -13 52.52568904499999 111.23917703062821 0
168 174 6 53.29886568 112.54336671010368 0
168 177 9 53.44381762 112.79068894809737 0
177 174 -3 52.949319804999995 111.95098259861143 0
171 166 -5 52.847705805 111.77970170087794 0
175 166 -9 52.6897045 111.51408538121001 0
177 161 -16 52.406147219999994 111.03927516497545 0
174 170 -4 52.892511445 111.855179771331 0
172 166 -6 52.802750124999996 111.70404183703376 0
175 171 -4 52.902673619999995 111.87230870549065 0
173 179 6 53.296895244999995 112.54001196455762 0
174 184 10 53.44771168 112.79734821151233 0
179 183 4 53.195992 112.36846693696 0
180 194 14 53.61014247999999 113.0758749135469 0
184 196 12 53.517592719999996 112.91699304474945 0
195 196 1 53.094282445 112.196018690264 0
193 191 -2 52.995802 112.02946213016001 0
198 181 -17 52.429295124999996 111.07795563692876 0
199 175 -24 52.1854405 110.67108366833001 0
191 176 -15 52.485953679999994 111.17268939573569 0
183 169 -14 52.502697999999995 111.20070191288 0
182 173 -9 52.693831679999995 111.5210132995277 0
179 181 2 53.140251279999994 112.27390267481408 0
179 180 1 53.098286245 112.20279864990462 0
183 180 -3 52.95336824499999 111.9578145927039 0
180 192 12 53.500160124999994 112.88712106189627 0
184 200 16 53.669534604999996 113.17810230264338 0
194 188 -6 52.82320312499999 111.73845533203126 0
192 185 -7 52.81707048 111.72813525549888 0
193 182 -11 52.642152804999995 111.43430237656094 0
191 178 -13 52.57364002 111.31946840355785 0
189 186 -3 52.955391999999996 111.96123003904 0
187 177 -10 52.683511405 111.50369059164834 0
192 178 -14 52.546557445 111.27411228198852 0
186 184 -2 52.977632844999995 111.99877576796082 0
183 181 -2 52.993784444999996 112.0260539911225 0
189 180 -9 52.710328 111.54870947008001 0
186 193 7 53.314617999999996 112.57019249368001 0
186 187 1 53.08426752 112.17906256502785 0
197 194 -3 52.93919328 111.93389618078209 0
189 196 7 53.310681779999996 112.56348807562392 0
195 180 -15 52.502697999999995 111.20070191288 0
199 171 -28 52.039319379999995 110.42785426217849 0
191 180 -11 52.66077952 111.46554639855617 0
181 173 -8 52.751481999999996 111.61784183624 0
183 176 -7 52.80479681999999 111.70748489027977 0
181 183 2 53.148229119999996 112.28742865985537 0
180 176 -4 52.896577244999996 111.86203245985162 0
187 173 -14 52.515243219999995 111.22169437137657 0
182 191 9 53.395037245 112.70733749985912 0
180 192 12 53.525332479999996 112.93026114445313 0
198 194 -4 52.90673631999999 111.87915767973377 0
184 181 -3 52.95134417999999 111.95439877928233 0
192 179 -13 52.559063605 111.29505424489014 0
192 173 -19 52.359738879999995 110.96176498843649 0
186 186 0 53.074244844999996 112.1620975289277 0
182 179 -3 52.955391999999996 111.96123003904 0
192 178 -14 52.546557445 111.27411228198852 0
183 182 -1 53.001852805 112.03968436606158 0
183 180 -3 52.94324482 111.94073185146425 0
188 179 -9 52.72268722 111.56946535684457 0
186 190 4 53.199964179999995 112.37521106675769 0
185 204 19 53.77417457999999 113.35874948048473 0
193 194 1 53.104289619999996 112.21296592511865 0
193 182 -11 52.64629424499999 111.4412482322994 0
194 181 -13 52.57780192 111.32644029840897 0
190 179 -11 52.642152804999995 111.43430237656094 0
185 180 -5 52.857902079999995 111.79687170838528 0
186 177 -9 52.69795762 111.52793966626265 0
186 214 28 54.087995219999996 113.90506995592057 0
184 326 142 57.36096784499999 120.56703239189332 0
219 312 93 55.693307004999994 116.86406814360728 0
199 318 119 56.570614719999995 118.68534168787457 0
220 294 74 55.203348819999995 115.92291284608376 0
279 208 -71 51.15533352 108.96189367243585 0
284 214 -70 51.230495805 109.08633618087543 0
234 201 -33 52.019872404999994 110.39551124464268 0
185 198 13 53.54079711999999 112.95678200731138 0
183 193 10 53.445764804999996 112.79401874302894 0
204 197 -7 52.831375644999994 111.7522101488241 0
200 185 -15 52.521511645 111.2321851715796 0
204 189 -15 52.536127119999996 111.25664966067137 0
196 190 -6 52.84974568 111.78313645293633 0
194 189 -5 52.88234152 111.83804153713984 0
197 189 -8 52.759697919999994 111.63164986875904 0
194 200 6 53.271251379999995 112.49636937277353 0
195 211 16 53.615903124999996 113.08578093453126 0
204 188 -16 52.51106272 111.21469849490944 0
203 185 -18 52.42298578 111.06741133095208 0
198 181 -17 52.42508920499999 111.07092650858998 0
190 176 -14 52.53195282 111.24966181084825 0
183 182 -1 53.030053005 112.08734498991424 0
185 173 -12 52.602747279999996 111.36823835936192 0
188 178 -10 52.66077952 111.46554639855617 0
183 179 -4 52.914857999999995 111.89285117928002 0
182 174 -8 52.753536444999995 111.62129441892152 0
185 172 -13 52.540300179999996 111.26363590909833 0
181 189 8 53.35587344499999 112.64050764532053 0
180 210 30 54.163254204999994 114.03720777721753 0
193 188 -5 52.87012738 111.81746335122952 0
185 182 -3 52.949319804999995 111.95098259861143 0
189 184 -5 52.874199999999995 111.82432424000001 0
187 183 -4 52.894544499999995 111.85860630151001 0
184 180 -4 52.912828045 111.8894283601013 0
190 174 -16 52.441905444999996 111.09903321824702 0
187 174 -13 52.57988240499999 111.32992565014484 0
184 183 -1 53.01193128 112.05671416502592 0
181 177 -4 52.90470512499999 111.87573337812125 0
187 176 -11 52.62764799999999 111.40997952512001 0
182 187 5 53.257421445 112.47284566637902 0
182 182 0 53.062207404999995 112.14172769442767 0
192 201 9 53.395037245 112.70733749985912 0
185 183 -2 52.979652879999996 112.0021868220525 0
201 180 -21 52.317419279999996 110.89112730988609 0
191 175 -16 52.45240552 111.11658665546817 0
185 184 -1 53.038099044999996 112.10094930043572 0
181 174 -7 52.763804019999995 111.63855158845017 0
190 174 -16 52.444006079999994 111.10254472048129 0
183 175 -8 52.75764440499999 111.62819843501718 0
179 170 -9 52.68557608 111.50715590999873 0
182 170 -12 52.604824045 111.37171895901679 0
179 180 1 53.082263604999994 112.17567027133238 0
177 189 12 53.531134044999995 112.94020886149322 0
183 186 3 53.17213287999999 112.32797294258754 0
182 176 -6 52.819115005 111.73157565885528 0
185 174 -11 52.64008162 111.43082886078537 0
185 172 -13 52.538213805 111.26014298497743 0
181 180 -1 53.007900819999996 112.04990333358776 0
180 174 -6 52.833417999999995 111.75564791032001 0
184 177 -7 52.78431592 111.67303727365697 0
180 171 -9 52.704144205 111.53832631001504 0
181 168 -13 52.559063605 111.29505424489014 0
181 167 -14 52.517333005 111.22519170654674 0
177 182 5 53.25148967999999 112.46275894852033 0
176 183 7 53.34213681999999 112.61708570168025 0
184 184 0 53.070233605 112.15530901485764 0
178 171 -7 52.792511999999995 111.68682087936 0
184 167 -17 52.401934479999994 111.03223702167489 0
184 166 -18 52.359738879999995 110.96176498843649 0
176 174 -2 52.961461404999994 111.97147417717417 0
174 168 -6 52.812980499999995 111.72125331443002 0
178 166 -12 52.58820124499999 111.34386308964712 0
175 170 -5 52.866053519999994 111.81060096724417 0
173 165 -8 52.71856871999999 111.56254827207745 0
177 162 -15 52.44820642 111.10956650243705 0
174 188 14 53.62549799999999 113.10228473112001 0
171 196 25 54.03074612499999 113.80485915708626 0
192 180 -12 52.621427005 111.39954955212023 0
174 176 2 53.126278125 112.25021864859376 0
182 158 -24 52.091055219999994 110.51392891124057 0
183 164 -19 52.29621297999999 110.85574594396888 0
174 173 -1 53.01596049999999 112.06352354713 0
167 159 -8 52.704144205 111.53832631001504 0
176 164 -12 52.57988240499999 111.32992565014484 0
169 164 -5 52.833417999999995 111.75564791032001 0
168 163 -5 52.853824499999995 111.79000483089001 0
172 160 -12 52.550727404999996 111.28109453266018 0
170 174 4 53.201949805 112.37858261117857 0
170 172 2 53.152216179999996 112.29418954457432 0
176 189 13 53.57552002 113.01637956649785 0
173 168 -5 52.872163844999996 111.8208939824347 0
183 167 -16 52.43139762 111.08146958795737 0
179 164 -15 52.437703244999994 111.0920089904464 0
174 171 -3 52.914857999999995 111.89285117928002 0
171 164 -7 52.772012499999995 111.65235044125001 0
175 163 -12 52.581962579999995 111.33341060497273 0
173 168 -5 52.835460045 111.75908529506272 0
171 160 -11 52.59859281999999 111.36127597457177 0
174 158 -16 52.395613045 111.0216767250438 0
171 177 6 53.310681779999996 112.56348807562392 0
168 193 25 54.04369937999999 113.82751040989848 0
181 177 -4 52.910797779999996 111.88600517055993 0
173 161 -12 52.567394844999995 111.30900758037481 0
176 160 -16 52.408253124999995 111.04279362078125 0
176 153 -23 52.121151999999995 110.56402333184 0
165 163 -2 52.971570879999994 111.98854041431554 0
167 153 -14 52.45870184499999 111.12711383364869 0
169 158 -11 52.581962579999995 111.33341060497273 0
166 160 -6 52.808889279999995 111.71436985979393 0
164 159 -5 52.831375644999994 111.7522101488241 0
168 154 -14 52.44820642 111.10956650243705 0
166 166 0 53.074244844999996 112.1620975289277 0
166 172 6 53.29492449999999 112.53665688011 0
171 176 5 53.24753362 112.45603275686936 0
170 168 -2 52.98369201999999 112.00900783553385 0
173 161 -12 52.563229844999995 111.3020317090702 0
176 154 -22 52.14690088 110.60689392496448 0
172 162 -10 52.633866205 111.42040595986697 0
167 157 -10 52.62557464499999 111.40650326081109 0
169 153 -16 52.38085218 110.99702162878968 0
167 158 -9 52.65250408 111.45166407883329 0
164 158 -6 52.78226612499999 111.66959042092626 0
166 156 -10 52.619352719999995 111.39607210741056 0
166 170 4 53.231696979999995 112.42911425723513 0
165 156 -9 52.66905 111.47942247 0
172 156 -16 52.376632 110.98997360576001 0
167 158 -9 52.693831679999995 111.5210132995277 0
164 158 -6 52.792511999999995 111.68682087936 0
168 153 -15 52.39350528 111.01815580372993 0
167 162 -5 52.847705805 111.77970170087794 0
165 157 -8 52.730920499999996 111.58329490047001 0
168 157 -11 52.584042444999994 111.3368951630565 0
167 169 2 53.140251279999994 112.27390267481408 0
165 165 0 53.070233605 112.15530901485764 0
172 158 -14 52.490141619999996 111.17969494743465 0
169 168 -1 53.026028124999996 112.08054067015627 0
168 169 1 53.08827442 112.18584608327896 0
174 172 -2 52.963483919999994 111.97488815680705 0
172 155 -17 52.33859457999999 110.92646693675529 0
173 156 -17 52.355512499999996 110.95470869625001 0
171 150 -21 52.153331124999994 110.61760187595125 0
164 155 -9 52.662847604999996 111.46901600178364 0
165 153 -12 52.52568904499999 111.23917703062821 0
164 155 -9 52.66077952 111.46554639855617 0
164 157 -7 52.769960845 111.64890130096319 0
163 157 -6 52.788414579999994 111.67992983722473 0
166 154 -12 52.53195282 111.24966181084825 0
165 173 8 53.40090112 112.71735053656064 0
165 177 12 53.548522 112.97003479144001 0
175 179 4 53.219806479999995 112.40891092612289 0
169 167 -2 52.979652879999996 112.0021868220525 0
175 162 -13 52.536127119999996 111.25664966067137 0
179 156 -23 52.1426125 110.59975313875 0
172 161 -11 52.617278125 111.39259426890627 0
168 159 -9 52.65664242 111.45860602038505 0
169 161 -8 52.73503528 111.59020736195009 0
168 162 -6 52.800703119999994 111.70059840457665 0
168 167 -1 53.01193128 112.05671416502592 0
169 160 -9 52.67731551999999 111.49329230365186 0
171 174 3 53.178101845 112.33810114465382 0
170 183 13 53.57937192 113.02299519064897 0
176 182 6 53.30674431999999 112.55678230654976 0
176 172 -4 52.896577244999996 111.86203245985162 0
178 178 0 53.04814962 112.11794658524137 0
181 163 -18 52.344941125 110.93706071019875 0
183 167 -16 52.446106404999995 111.10605581515668 0
178 158 -20 52.260091124999995 110.79550136698876 0
172 176 4 53.21187327999999 112.39543513505794 0
171 171 0 53.070233605 112.15530901485764 0
179 168 -11 52.638010124999994 111.42735495285376 0
173 162 -11 52.61105248 111.3821583889869 0
173 180 7 53.351950245 112.6338173338099 0
173 178 5 53.25148967999999 112.46275894852033 0
185 182 -3 52.949319804999995 111.95098259861143 0
175 166 -9 52.67938112499999 111.49675878863876 0
181 161 -20 52.272850245 110.81677803729262 0
180 153 -27 51.948352 110.27661423616001 0
171 161 -10 52.644223679999996 111.43777550034433 0
166 156 -10 52.629721045 111.41345539628972 0
168 161 -7 52.78021602 111.66614318734585 0
167 165 -2 52.9756125 111.99536434875 0
166 163 -3 52.94729511999999 111.94756605052737 0
170 163 -7 52.761751124999996 111.63510091984875 0
169 175 6 53.289010405 112.52658959171934 0
170 184 14 53.61782271999999 113.08908231725057 0
176 179 3 53.16416992 112.31446378325505 0
176 164 -12 52.57780192 111.32644029840897 0
178 164 -14 52.49223512499999 111.18319711727125 0
177 158 -19 52.2707245 110.81323297861002 0
170 167 -3 52.93919328 111.93389618078209 0
169 167 -2 52.973591844999994 111.9919525642562 0
172 170 -2 52.99176658 112.02264548827672 0
171 171 0 53.076249999999995 112.16549125 0
172 173 1 53.100287679999994 112.20618809671168 0
176 168 -8 52.745316804999995 111.60748178769444 0
177 185 8 53.387214404999995 112.69398215357283 0
176 176 0 53.074244844999996 112.1620975289277 0
188 176 -12 52.61312800499999 111.38563740985828 0
179 167 -12 52.575721124999994 111.32295454960126 0
179 169 -10 52.662847604999996 111.46901600178364 0
179 162 -17 52.391397205 111.01463447092453 0
175 174 -1 53.013946045 112.06011903716279 0
174 166 -8 52.71856871999999 111.56254827207745 0
177 167 -10 52.635938319999994 111.42388065260225 0
174 165 -9 52.67938112499999 111.49675878863876 0
171 161 -10 52.635938319999994 111.42388065260225 0
173 162 -11 52.594437119999995 111.35431200804865 0
171 178 7 53.35587344499999 112.64050764532053 0
170 190 20 53.855330845 113.49935255955432 0
178 177 -1 53.03608799999999 112.09754876352001 0
174 172 -2 52.967528019999996 111.98171501743818 0
179 169 -10 52.671116845 111.48289051279632 0
180 164 -16 52.412464005 111.04982930152323 0
176 171 -5 52.851785244999995 111.7865708295524 0
174 162 -12 52.57155860499999 111.31598186011487 0
176 156 -20 52.24093152 110.76355787798016 0
173 154 -19 52.243061604999994 110.76710884550964 0
168 164 -4 52.88641042 111.84489794813096 0
165 164 -1 52.993784444999996 112.0260539911225 0
169 182 13 53.59476711999999 113.04944509468865 0
168 182 14 53.615903124999996 113.08578093453126 0
176 181 5 53.257421445 112.47284566637902 0
174 174 0 53.050158804999995 112.12134496339493 0
181 175 -6 52.81707048 111.72813525549888 0
184 169 -15 52.479669445 111.162178035665 0
181 176 -5 52.843625124999996 111.77283106977876 0
179 172 -7 52.769960845 111.64890130096319 0
180 174 -6 52.82115922 111.73501568431145 0
179 179 0 53.046140124999994 112.11454784770376 0
178 175 -3 52.935140499999996 111.92705903717001 0
182 171 -11 52.642152804999995 111.43430237656094 0
180 189 9 53.412620499999996 112.73736769853001 0
179 200 21 53.855330845 113.49935255955432 0
193 179 -14 52.544472 111.27062055744001 0
185 183 -2 52.981672605 112.00559751118888 0
186 189 3 53.166161124999995 112.31784159749876 0
186 181 -5 52.855863445 111.79343845711301 0
193 186 -7 52.808889279999995 111.71436985979393 0
188 181 -7 52.80684320499999 111.71092756447854 0
190 184 -6 52.82115922 111.73501568431145 0
189 184 -5 52.88641042 111.84489794813096 0
189 184 -5 52.866053519999994 111.81060096724417 0
190 183 -7 52.808889279999995 111.71436985979393 0
189 194 5 53.253467244999996 112.46612153025839 0
190 208 18 53.701978 113.23403673608001 0
197 184 -13 52.575721124999994 111.32295454960126 0
197 186 -11 52.658711124999996 111.46207640481126 0
194 183 -11 52.644223679999996 111.43777550034433 0
189 173 -16 52.467092605 111.14114438222138 0
186 184 -2 52.98974840499999 112.01923662145884 0
184 177 -7 52.798655804999996 111.69715459274458 0
189 177 -12 52.606900499999995 111.37519916373 0
184 175 -9 52.71856871999999 111.56254827207745 0
182 177 -5 52.874199999999995 111.82432424000001 0
183 176 -7 52.778165605 111.66269557275189 0
183 189 6 53.2752 112.50308736000001 0
182 199 17 53.703883645 113.23732424711193 0
190 183 -7 52.788414579999994 111.67992983722473 0
188 184 -4 52.892511445 111.855179771331 0
189 181 -8 52.74326112 111.60402767079937 0
188 174 -14 52.50688098 111.20770100918088 0
187 186 -1 53.03608799999999 112.09754876352001 0
183 185 2 53.120284979999994 112.2400630600169 0
192 184 -8 52.761751124999996 111.63510091984875 0
185 184 -1 53.02804071999999 112.08394301054656 0
187 180 -7 52.78021602 111.66614318734585 0
191 174 -17 52.43560168 111.08849626455233 0
188 189 1 53.078254845 112.16888461398231 0
184 197 13 53.53306728 112.94352412847809 0
194 180 -14 52.546557445 111.27411228198852 0
188 182 -6 52.84566562 111.77626657321336 0
187 177 -10 52.675249605 111.48982542945838 0
187 179 -8 52.75764440499999 111.62819843501718 0
185 187 2 53.13226847999999 112.26037106022913 0
185 184 -1 53.01193128 112.05671416502592 0
190 192 2 53.146235125 112.28404769079125 0
187 196 9 53.38917058 112.69732148678072 0
194 190 -4 52.914857999999995 111.89285117928002 0
196 184 -12 52.61312800499999 111.38563740985828 0
195 199 4 53.201949805 112.37858261117857 0
192 202 10 53.426279005 112.76070607650824 0
206 183 -23 52.25796352 110.79195377987585 0
198 185 -13 52.59859281999999 111.36127597457177 0
192 190 -2 52.967528019999996 111.98171501743818 0
189 188 -1 53.01596049999999 112.06352354713 0
194 196 2 53.134264644999995 112.2637544922186 0
192 192 0 53.05216768 112.12474298232833 0
199 193 -6 52.857902079999995 111.79687170838528 0
197 190 -7 52.798655804999996 111.69715459274458 0
198 181 -17 52.437703244999994 111.0920089904464 0
198 184 -14 52.544472 111.27062055744001 0
191 196 5 53.245555124999996 112.45266914662875 0
189 198 9 53.37742888 112.67728051379649 0
199 194 -5 52.894544499999995 111.85860630151001 0
193 188 -5 52.859940404999996 111.80030458487067 0
198 177 -21 52.30894048 110.87697978138112 0
197 172 -25 52.144756844999996 110.60332374718882 0
188 181 -7 52.80479681999999 111.70748489027977 0
180 173 -7 52.794560245 111.69026583030012 0
186 172 -14 52.52986520499999 111.24616728500348 0
181 174 -7 52.78431592 111.67303727365697 0
178 179 1 53.11228978 112.22651732569193 0
180 175 -5 52.857902079999995 111.79687170838528 0
182 187 5 53.249511805 112.45939602411194 0
180 196 16 53.68099544499999 113.19785397146299 0
189 175 -14 52.527777279999995 111.24267235831809 0
188 175 -13 52.546557445 111.27411228198852 0
185 177 -8 52.753536444999995 111.62129441892152 0
180 173 -7 52.772012499999995 111.65235044125001 0
180 178 -2 52.979652879999996 112.0021868220525 0
180 168 -12 52.58820124499999 111.34386308964712 0
182 166 -16 52.437703244999994 111.0920089904464 0
179 169 -10 52.642152804999995 111.43430237656094 0
174 163 -11 52.606900499999995 111.37519916373 0
175 168 -7 52.759697919999994 111.63164986875904 0
172 180 8 53.391126445 112.7006604887885 0
172 194 22 53.93964801999999 113.64591859637817 0
178 175 -3 52.94527012499999 111.94414913486625 0
179 181 2 53.146235125 112.28404769079125 0
181 178 -3 52.95943858 111.96805983111129 0
183 173 -10 52.65250408 111.45166407883329 0
184 184 0 53.040109779999995 112.10434947714809 0
181 177 -4 52.88234152 111.83804153713984 0
188 174 -14 52.542386244999996 111.2671284331979 0
182 172 -10 52.67731551999999 111.49329230365186 0
180 172 -8 52.73503528 111.59020736195009 0
180 171 -9 52.695894804999995 111.52447667676108 0
179 184 5 53.25939808 112.47620722108928 0
178 200 22 53.892882645 113.56456497832491 0
185 185 0 53.040109779999995 112.10434947714809 0
184 180 -4 52.88641042 111.84489794813096 0
186 178 -8 52.74326112 111.60402767079937 0
185 174 -11 52.62557464499999 111.40650326081109 0
183 178 -5 52.88234152 111.83804153713984 0
182 172 -10 52.658711124999996 111.46207640481126 0
184 175 -9 52.72268722 111.56946535684457 0
180 179 -1 53.00588512499999 112.04649737395876 0
180 173 -7 52.798655804999996 111.69715459274458 0
182 169 -13 52.546557445 111.27411228198852 0
180 184 4 53.231696979999995 112.42911425723513 0
177 194 17 53.701978 113.23403673608001 0
189 185 -4 52.894544499999995 111.85860630151001 0
182 173 -9 52.702082319999995 111.53486448272577 0
186 175 -11 52.650434444999995 111.44819252138002 0
184 171 -13 52.536127119999996 111.25664966067137 0
179 181 2 53.13825604499999 112.27052029934723 0
179 171 -8 52.74326112 111.60402767079937 0
184 173 -11 52.635938319999994 111.42388065260225 0
179 185 6 53.27914738 112.5098039844105 0
177 181 4 53.221789005 112.41227901024928 0
187 170 -17 52.412464005 111.04982930152323 0
181 178 -3 52.93919328 111.93389618078209 0
180 187 7 53.32641922 112.59029765484857 0
182 167 -15 52.47338241999999 111.15166303263497 0
186 175 -11 52.650434444999995 111.44819252138002 0
179 166 -13 52.552811919999996 111.28458505911105 0
176 169 -7 52.774063845 111.65579919986781 0
176 172 -4 52.89860967999999 111.8654582465197 0
173 163 -10 52.629721045 111.41345539628972 0
177 160 -17 52.359738879999995 110.96176498843649 0
173 162 -11 52.617278125 111.39259426890627 0
169 165 -4 52.902673619999995 111.87230870549065 0
170 160 -10 52.623500979999996 111.40302660319912 0
170 192 22 53.941514604999995 113.64916903194914 0
169 195 26 54.07878164499999 113.88892466013792 0
196 169 -27 52.037159845 110.42426235051731 0
174 175 1 53.096284499999996 112.19940884781 0
175 174 -1 53.019988479999995 112.07033148121089 0
177 172 -5 52.839543205 111.76595893494398 0
177 176 -1 53.03608799999999 112.09754876352001 0
177 165 -12 52.563229844999995 111.3020317090702 0
181 165 -16 52.41035872 111.04631166624256 0
177 168 -9 52.693831679999995 111.5210132995277 0
171 164 -7 52.76790887999999 111.64545177884352 0
174 159 -15 52.454504605 111.12009612154664 0
172 174 2 53.140251279999994 112.27390267481408 0
169 178 9 53.437974204999996 112.78069760297498 0
177 165 -12 52.58820124499999 111.34386308964712 0
173 157 -16 52.404041004999996 111.03575629866128 0
173 157 -16 52.374521445 110.9864489751235 0
170 156 -14 52.467092605 111.14114438222138 0
165 162 -3 52.94527012499999 111.94414913486625 0
166 159 -7 52.74120512499999 111.60057316994126 0
167 154 -13 52.496421205 111.19020024573804 0
166 161 -5 52.84566562 111.77626657321336 0
165 158 -7 52.737092204999996 111.59366301568048 0
167 160 -7 52.759697919999994 111.63164986875904 0
166 173 7 53.34802580499999 112.62712568504544 0
165 179 14 53.62357964499999 113.0989845948761 0
172 171 -1 53.032064979999994 112.09074660842313 0
172 163 -9 52.700020124999995 111.53140226819626 0
175 160 -15 52.429295124999996 111.07795563692876 0
174 157 -17 52.336478445 110.92293484765551 0
169 162 -7 52.78021602 111.66614318734585 0
167 157 -10 52.642152804999995 111.43430237656094 0
168 157 -11 52.584042444999994 111.3368951630565 0
167 153 -14 52.441905444999996 111.09903321824702 0
165 157 -8 52.704144205 111.53832631001504 0
165 153 -12 52.534040125 111.25315593601626 0
164 166 2 53.14224620499999 112.27728469843447 0
164 176 12 53.554312405 112.97997104244519 0
168 167 -1 53.034076645 112.0941478662371 0
169 166 -3 52.914857999999995 111.89285117928002 0
170 155 -15 52.429295124999996 111.07795563692876 0
172 153 -19 52.277100804999996 110.82386689232708 0
169 155 -14 52.47757408 111.15867343964673 0
164 154 -10 52.631793779999995 111.41693087448408 0
165 152 -13 52.488047804999994 111.17619237364408 0
164 155 -9 52.650434444999995 111.44819252138002 0
163 151 -12 52.54864258 111.27760360700728 0
163 150 -13 52.504789644999995 111.20420166243392 0
163 165 2 53.124280719999994 112.24683380561345 0
161 155 -6 52.808889279999995 111.71436985979393 0
167 159 -8 52.69795762 111.52793966626265 0
163 157 -6 52.78021602 111.66614318734585 0
163 158 -5 52.84566562 111.77626657321336 0
166 154 -12 52.517333005 111.22519170654674 0
165 159 -6 52.798655804999996 111.69715459274458 0
165 159 -6 52.790463445 111.68337554838949 0
165 168 3 53.174122845 112.3313493589492 0
166 178 12 53.569739844999994 113.00645376383981 0
168 159 -9 52.66905 111.47942247 0
172 155 -17 52.33859457999999 110.92646693675529 0
170 173 3 53.18804392 112.35497450895296 0
166 165 -1 53.009916204999996 112.05330893055554 0
178 162 -16 52.412464005 111.04982930152323 0
168 167 -1 53.026028124999996 112.08054067015627 0
167 168 1 53.10228880499999 112.20957718839509 0
173 165 -8 52.74737218 111.61093552079033 0
172 170 -2 52.9756125 111.99536434875 0
171 158 -13 52.490141619999996 111.17969494743465 0
174 162 -12 52.57364002 111.31946840355785 0
171 162 -9 52.675249605 111.48982542945838 0
167 169 2 53.150222805 112.29080927772844 0
169 158 -11 52.61312800499999 111.38563740985828 0
170 178 8 53.39308199999999 112.70399915976 0
169 186 17 53.760908844999996 113.33580872633281 0
180 172 -8 52.74737218 111.61093552079033 0
175 170 -5 52.853824499999995 111.79000483089001 0
176 166 -10 52.658711124999996 111.46207640481126 0
177 162 -15 52.44820642 111.10956650243705 0
174 165 -9 52.708267045 111.5452488035283 0
171 171 0 53.044130319999994 112.11114875061824 0
171 169 -2 52.969549605 111.98512789876415 0
173 178 5 53.265326124999994 112.48628983378626 0
173 175 2 53.150222805 112.29080927772844 0
179 168 -11 52.61312800499999 111.38563740985828 0
178 187 9 53.39699218 112.71067550924968 0
176 197 21 53.859091604999996 113.50587902468038 0
192 184 -8 52.772012499999995 111.65235044125001 0
182 178 -4 52.890478079999994 111.85175286915073 0
185 189 4 53.192018579999996 112.36172141812872 0
185 170 -15 52.4817645 111.16568222691001 0
193 178 -15 52.515243219999995 111.22169437137657 0
184 170 -14 52.52360049999999 111.23568130177001 0
179 188 9 53.408715279999996 112.73069662988993 0
179 183 4 53.205920125 112.38532465988376 0
189 180 -9 52.71444898 111.55562964359288 0
182 173 -9 52.712388645 111.55216975004691 0
183 194 11 53.480761124999994 112.85389938793875 0
183 199 16 53.673356125 113.18468742026376 0
201 179 -22 52.283474319999996 110.83449702150976 0
187 172 -15 52.46499538 111.13763735412249 0
186 168 -18 52.36818792 110.97587260476097 0
181 169 -12 52.57988240499999 111.32992565014484 0
172 175 3 53.197978244999995 112.37183917540612 0
175 164 -11 52.623500979999996 111.40302660319912 0
178 167 -11 52.631793779999995 111.41693087448408 0
174 173 -1 52.997819244999995 112.03286990555311 0
172 175 3 53.162178405 112.31108561913118 0
176 170 -6 52.800703119999994 111.70059840457665 0
176 190 14 53.58707199999999 113.03622265856 0
176 204 28 54.126607605 113.97280648118614 0
192 195 3 53.174122845 112.3313493589492 0
184 189 5 53.263350419999995 112.48292930462905 0
190 182 -8 52.774063845 111.65579919986781 0
194 178 -16 52.47338241999999 111.15166303263497 0
191 181 -10 52.67318338 111.48635816589449 0
186 184 -2 52.985711124999995 112.01241779525125 0
187 182 -5 52.872163844999996 111.8208939824347 0
188 181 -7 52.80684320499999 111.71092756447854 0
187 177 -10 52.693831679999995 111.5210132995277 0
187 176 -11 52.623500979999996 111.40302660319912 0
185 195 10 53.432128 112.77070331392001 0
183 206 23 53.926573245 113.6231575859689 0
198 194 -4 52.902673619999995 111.87230870549065 0
189 184 -5 52.855863445 111.79343845711301 0
193 182 -11 52.64008162 111.43082886078537 0
191 172 -19 52.342825919999996 110.93352986786304 0
186 177 -9 52.716509005 111.55908915088177 0
183 172 -11 52.644223679999996 111.43777550034433 0
182 174 -8 52.753536444999995 111.62129441892152 0
180 176 -4 52.914857999999995 111.89285117928002 0
179 176 -3 52.95134417999999 111.95439877928233 0
181 174 -7 52.765856604999996 111.64200187472714 0
180 192 12 53.517592719999996 112.91699304474945 0
180 205 25 54.00664978 113.76275662480809 0
194 185 -9 52.720628125 111.56600700734376 0
187 178 -9 52.710328 111.54870947008001 0
189 176 -13 52.57780192 111.32644029840897 0
185 170 -15 52.490141619999996 111.17969494743465 0
179 178 -1 53.01596049999999 112.06352354713 0
180 173 -7 52.798655804999996 111.69715459274458 0
182 181 -1 53.024015219999995 112.07713796857945 0
179 183 4 53.219806479999995 112.40891092612289 0
183 185 2 53.146235125 112.28404769079125 0
184 187 3 53.178101845 112.33810114465382 0
187 205 18 53.70769400499999 113.24389835586678 0
191 216 25 53.93591392 113.63941687304705 0
202 196 -6 52.86197842 111.80373708673305 0
200 199 -1 53.013946045 112.06011903716279 0
200 194 -6 52.839543205 111.76595893494398 0
201 186 -15 52.52986520499999 111.24616728500348 0
200 195 -5 52.884376124999996 111.84146992896376 0
195 188 -7 52.81707048 111.72813525549888 0
200 192 -8 52.78431592 111.67303727365697 0
195 196 1 53.11228978 112.22651732569193 0
196 191 -5 52.878271379999994 111.83118363486649 0
201 194 -7 52.82115922 111.73501568431145 0
197 207 10 53.40090112 112.71735053656064 0
199 220 21 53.781748179999994 113.3718519138337 0
209 211 2 53.118286645 112.23667715707292 0
209 199 -10 52.712388645 111.55216975004691 0
210 202 -8 52.800703119999994 111.70059840457665 0
205 206 1 53.08426752 112.17906256502785 0
206 204 -2 52.99176658 112.02264548827672 0
212 202 -10 52.708267045 111.5452488035283 0
209 198 -11 52.702082319999995 111.53486448272577 0
208 202 -6 52.843625124999996 111.77283106977876 0
206 204 -2 52.997819244999995 112.03286990555311 0
208 196 -12 52.662847604999996 111.46901600178364 0
209 211 2 53.11228978 112.22651732569193 0
204 223 19 53.69244512499999 113.21759460782125 0
215 202 -13 52.629721045 111.41345539628972 0
216 192 -24 52.2707245 110.81323297861002 0
207 188 -19 52.408253124999995 111.04279362078125 0
198 177 -21 52.291968 110.84866464768001 0
190 186 -4 52.92297472 111.90653875564544 0
188 184 -4 52.902673619999995 111.87230870549065 0
190 182 -8 52.745316804999995 111.60748178769444 0
188 182 -6 52.847705805 111.77970170087794 0
186 179 -7 52.774063845 111.65579919986781 0
189 182 -7 52.78226612499999 111.66959042092626 0
186 210 24 53.93964801999999 113.64591859637817 0
187 219 32 54.196130124999996 114.09507855625375 0
205 189 -16 52.498513779999996 111.19370120469593 0
196 197 1 53.11228978 112.22651732569193 0
191 193 2 53.11428904499999 112.2299042900743 0
196 186 -10 52.68557608 111.50715590999873 0
195 191 -4 52.912828045 111.8894283601013 0
193 183 -10 52.695894804999995 111.52447667676108 0
196 186 -10 52.700020124999995 111.53140226819626 0
192 185 -7 52.808889279999995 111.71436985979393 0
191 182 -9 52.716509005 111.55908915088177 0
192 182 -10 52.69795762 111.52793966626265 0
189 200 11 53.451604499999995 112.80400616979001 0
189 200 11 53.476877605 112.84725117640637 0
201 191 -10 52.702082319999995 111.53486448272577 0
193 181 -12 52.602747279999996 111.36823835936192 0
194 178 -16 52.485953679999994 111.17268939573569 0
191 178 -13 52.569476879999996 111.31249491910849 0
184 185 1 53.096284499999996 112.19940884781 0
184 177 -7 52.78021602 111.66614318734585 0
188 179 -9 52.712388645 111.55216975004691 0
184 181 -3 52.94324482 111.94073185146425 0
183 177 -6 52.81707048 111.72813525549888 0
186 173 -13 52.542386244999996 111.2671284331979 0
183 190 7 53.30674431999999 112.55678230654976 0
180 194 14 53.59476711999999 113.04944509468865 0
194 195 1 53.082263604999994 112.17567027133238 0
185 180 -5 52.88234152 111.83804153713984 0
192 176 -16 52.47757408 111.15867343964673 0
191 175 -16 52.45660338 111.12360518088553 0
184 183 -1 53.02804071999999 112.08394301054656 0
181 178 -3 52.95336824499999 111.9578145927039 0
187 182 -5 52.859940404999996 111.80030458487067 0
183 184 1 53.108290319999995 112.21974233434177 0
185 187 2 53.126278125 112.25021864859376 0
188 190 2 53.134264644999995 112.2637544922186 0
189 201 12 53.48658408 112.86386927940673 0
193 203 10 53.41457264499999 112.74070273891742 0
200 196 -4 52.929059005 111.91680055714073 0
200 187 -13 52.58820124499999 111.34386308964712 0
201 181 -20 52.332245244999996 110.9158694215449 0
196 175 -21 52.302578125 110.86636474609375 0
189 190 1 53.100287679999994 112.20618809671168 0
183 185 2 53.122283005 112.24344860947578 0
195 183 -12 52.606900499999995 111.37519916373 0
186 187 1 53.078254845 112.16888461398231 0
186 184 -2 52.98369201999999 112.00900783553385 0
192 178 -14 52.554896125 111.28807518652376 0
190 196 6 53.296895244999995 112.54001196455762 0
186 200 14 53.585147445 113.0329162637215 0
202 198 -4 52.920946005 111.90311741627877 0
192 188 -4 52.896577244999996 111.86203245985162 0
197 179 -18 52.418777999999996 111.06037974792001 0
197 172 -25 52.13832288 110.59261062922752 0
188 183 -5 52.855863445 111.79343845711301 0
181 179 -2 52.977632844999995 111.99877576796082 0
187 177 -10 52.67938112499999 111.49675878863876 0
182 180 -2 52.993784444999996 112.0260539911225 0
181 176 -5 52.866053519999994 111.81060096724417 0
185 171 -14 52.521511645 111.2321851715796 0
183 184 1 53.110290205 112.22313000716903 0
179 207 28 54.102720819999995 113.93088835091226 0
188 188 0 53.058192444999996 112.13493488544601 0
187 182 -5 52.872163844999996 111.8208939824347 0
187 173 -14 52.521511645 111.2321851715796 0
185 169 -16 52.441905444999996 111.09903321824702 0
180 174 -6 52.82320312499999 111.73845533203126 0
177 165 -12 52.561146879999995 111.29854317617153 0
179 170 -9 52.683511405 111.50369059164834 0
175 176 1 53.108290319999995 112.21974233434177 0
173 181 8 53.38917058 112.69732148678072 0
177 160 -17 52.36396402 110.96881962416985 0
178 170 -8 52.755590579999996 111.62474661845928 0
175 176 1 53.11428904499999 112.2299042900743 0
170 183 13 53.569739844999994 113.00645376383981 0
175 171 -4 52.914857999999995 111.89285117928002 0
178 166 -12 52.567394844999995 111.30900758037481 0
179 162 -17 52.359738879999995 110.96176498843649 0
175 170 -5 52.839543205 111.76595893494398 0
170 161 -9 52.66905 111.47942247 0
173 160 -13 52.534040125 111.25315593601626 0
170 160 -10 52.64008162 111.43082886078537 0
167 159 -8 52.724746005 111.57292332074374 0
168 160 -8 52.700020124999995 111.53140226819626 0
166 172 6 53.300835805 112.54672111691208 0
166 184 18 53.78553312 113.37840134321665 0
172 170 -2 52.973591844999994 111.9919525642562 0
172 165 -7 52.769960845 111.64890130096319 0
174 162 -12 52.57364002 111.31946840355785 0
173 158 -15 52.42508920499999 111.07092650858998 0
170 162 -8 52.72268722 111.56946535684457 0
168 157 -11 52.569476879999996 111.31249491910849 0
167 162 -5 52.82933298 111.74877201041113 0
166 158 -8 52.693831679999995 111.5210132995277 0
166 159 -7 52.74737218 111.61093552079033 0
166 156 -10 52.617278125 111.39259426890627 0
165 166 1 53.11228978 112.22651732569193 0
165 183 18 53.80632812499999 113.41440197265626 0
168 154 -14 52.45870184499999 111.12711383364869 0
171 153 -18 52.30045672 110.86282556414145 0
167 151 -16 52.36607612499999 110.97234632127626 0
165 153 -12 52.536127119999996 111.25664966067137 0
159 156 -3 52.935140499999996 111.92705903717001 0
161 145 -16 52.359738879999995 110.96176498843649 0
162 146 -16 52.342825919999996 110.93352986786304 0
160 148 -12 52.51106272 111.21469849490944 0
158 148 -10 52.600670205 111.36475736460153 0
159 146 -13 52.485953679999994 111.17268939573569 0
158 179 21 53.945246845 113.65566905172119 0
158 178 20 53.89850472 113.57433686948545 0
177 171 -6 52.80684320499999 111.71092756447854 0
162 160 -2 52.95336824499999 111.9578145927039 0
169 155 -14 52.441905444999996 111.09903321824702 0
173 152 -21 52.187578644999995 110.67464569463942 0
165 160 -5 52.833417999999995 111.75564791032001 0
163 147 -16 52.332245244999996 110.9158694215449 0
165 148 -17 52.317419279999996 110.89112730988609 0
161 155 -6 52.78431592 111.67303727365697 0
158 146 -12 52.513153124999995 111.21819663421876 0
161 145 -16 52.336478445 110.92293484765551 0
159 160 1 53.108290319999995 112.21974233434177 0
158 173 15 53.72482528 113.27346680811009 0
164 155 -9 52.662847604999996 111.46901600178364 0
163 150 -13 52.500606045 111.1972017603553 0
162 149 -13 52.479669445 111.162178035665 0
163 149 -14 52.420882045 111.06389574411672 0
160 154 -6 52.769960845 111.64890130096319 0
160 149 -11 52.559063605 111.29505424489014 0
160 145 -15 52.378742245 110.99349782359411 0
160 149 -11 52.550727404999996 111.28109453266018 0
158 147 -11 52.567394844999995 111.30900758037481 0
159 144 -15 52.370299405 110.97939847478784 0
158 155 -3 52.93311364499999 111.9236399126056 0
157 168 11 53.558171124999994 112.98659362314876 0
160 159 -1 53.026028124999996 112.08054067015627 0
162 148 -14 52.429295124999996 111.07795563692876 0
162 144 -18 52.253707379999994 110.78485733955048 0
163 143 -20 52.1854405 110.67108366833001 0
158 149 -9 52.662847604999996 111.46901600178364 0
158 151 -7 52.730920499999996 111.58329490047001 0
158 150 -8 52.704144205 111.53832631001504 0
158 152 -6 52.774063845 111.65579919986781 0
158 146 -12 52.504789644999995 111.20420166243392 0
160 143 -17 52.27922561999999 110.82741068900665 0
159 161 2 53.13825604499999 112.27052029934723 0
158 155 -3 52.912828045 111.8894283601013 0
164 154 -10 52.61105248 111.3821583889869 0
159 145 -14 52.427192319999996 111.07444127719424 0
160 142 -18 52.23453940499999 110.75290243499967 0
161 137 -24 51.963551204999995 110.30187516217055 0
158 147 -11 52.57155860499999 111.31598186011487 0
157 147 -10 52.59028017999999 111.3473464584817 0
157 143 -14 52.42298578 111.06741133095208 0
156 145 -11 52.540300179999996 111.26363590909833 0
156 145 -11 52.567394844999995 111.30900758037481 0
157 139 -18 52.22601224499999 110.7386892439934 0
157 153 -4 52.855863445 111.79343845711301 0
156 144 -12 52.504789644999995 111.20420166243392 0
159 143 -16 52.351284879999994 110.94765074629953 0
156 147 -9 52.654573404999994 111.45513524511368 0
156 144 -12 52.49223512499999 111.18319711727125 0
158 139 -19 52.166183245 110.63900617214112 0
157 148 -9 52.635938319999994 111.42388065260225 0
156 147 -9 52.658711124999996 111.46207640481126 0
157 151 -6 52.800703119999994 111.70059840457665 0
157 162 5 53.281120605 112.51316178596937 0
157 160 3 53.174122845 112.3313493589492 0
162 153 -9 52.675249605 111.48982542945838 0
162 170 8 53.40676220499999 112.72736060130954 0
163 168 5 53.253467244999996 112.46612153025839 0
173 168 -5 52.835460045 111.75908529506272 0
167 157 -10 52.64629424499999 111.4412482322994 0
169 161 -8 52.70620578 111.54178775022793 0
169 152 -17 52.313180499999994 110.88405438107 0
166 155 -11 52.596515124999996 111.35779418910876 0
165 152 -13 52.46918951999999 111.14465100456385 0
162 155 -7 52.755590579999996 111.62474661845928 0
162 156 -6 52.798655804999996 111.69715459274458 0
161 153 -8 52.702082319999995 111.53486448272577 0
162 154 -8 52.702082319999995 111.53486448272577 0
161 168 7 53.369594879999994 112.66391322365953 0
162 170 8 53.38134402 112.68396216510985 0
168 172 4 53.217823644999996 112.40554249670441 0
166 160 -6 52.78431592 111.67303727365697 0
171 156 -15 52.41035872 111.04631166624256 0
171 151 -20 52.22601224499999 110.7386892439934 0
165 154 -11 52.584042444999994 111.3368951630565 0
163 152 -11 52.575721124999994 111.32295454960126 0
162 156 -6 52.788414579999994 111.67992983722473 0
161 158 -3 52.92297472 111.90653875564544 0
161 161 0 53.06822751999999 112.15191422153217 0
163 154 -9 52.650434444999995 111.44819252138002 0
164 176 12 53.571666879999995 113.00976268046848 0
164 192 28 54.181531005 114.06936871609624 0
179 184 5 53.26730152 112.48965002142018 0
170 162 -8 52.712388645 111.55216975004691 0
176 165 -11 52.61520322 111.38911603644345 0
176 155 -21 52.213212205 110.71735672111298 0
168 164 -4 52.880306604999994 111.83461277249538 0
166 157 -9 52.67318338 111.48635816589449 0
167 160 -7 52.763804019999995 111.63855158845017 0
166 160 -6 52.778165605 111.66269557275189 0
164 157 -7 52.73914882 111.59711828495625 0
166 158 -8 52.724746005 111.57292332074374 0
164 174 10 53.467163379999995 112.83062497774553 0
165 195 30 54.274260479999995 114.23298460250112 0
172 166 -6 52.792511999999995 111.68682087936 0
172 165 -7 52.786365405 111.67648374570183 0
173 163 -10 52.66077952 111.46554639855617 0
171 158 -13 52.527777279999995 111.24267235831809 0
165 159 -6 52.79660817999999 111.69371040137369 0
167 155 -12 52.546557445 111.27411228198852 0
166 156 -10 52.635938319999994 111.42388065260225 0
164 166 2 53.148229119999996 112.28742865985537 0
163 166 3 53.166161124999995 112.31784159749876 0
167 166 -1 53.030053005 112.08734498991424 0
166 179 13 53.606300499999996 113.06926933723001 0
169 198 29 54.216171519999996 114.13040230486017 0
178 170 -8 52.72680448 111.57638089920513 0
180 171 -9 52.68557608 111.50715590999873 0
179 163 -16 52.41035872 111.04631166624256 0
175 160 -15 52.45240552 111.11658665546817 0
168 168 0 53.06421442 112.14512356148104 0
168 160 -8 52.730920499999996 111.58329490047001 0
171 165 -6 52.788414579999994 111.67992983722473 0
168 175 7 53.332315644999994 112.6003456912316 0
167 169 2 53.13226847999999 112.26037106022913 0
174 162 -12 52.57364002 111.31946840355785 0
171 179 8 53.375470844999995 112.67393918994682 0
170 177 7 53.328385004999994 112.59364733653473 0
183 173 -10 52.68557608 111.50715590999873 0
174 176 2 53.120284979999994 112.2400630600169 0
175 178 3 53.16416992 112.31446378325505 0
180 169 -11 52.621427005 111.39954955212023 0
181 166 -15 52.454504605 111.12009612154664 0
177 163 -14 52.502697999999995 111.20070191288 0
173 174 1 53.08426752 112.17906256502785 0
171 184 13 53.59092018 113.04283450494168 0
176 179 3 53.174122845 112.3313493589492 0
176 170 -6 52.819115005 111.73157565885528 0
178 181 3 53.180090879999995 112.34147651432448 0
178 189 11 53.50403620499999 112.89376152912304 0
184 184 0 53.04814962 112.11794658524137 0
184 178 -6 52.843625124999996 111.77283106977876 0
184 175 -9 52.72886264499999 111.5798380923926 0
185 170 -15 52.47128612499999 111.14815722131377 0
182 181 -1 53.013946045 112.06011903716279 0
178 175 -3 52.93919328 111.93389618078209 0
184 173 -11 52.629721045 111.41345539628972 0
179 177 -2 52.973591844999994 111.9919525642562 0
177 176 -1 53.01193128 112.05671416502592 0
181 173 -8 52.74120512499999 111.60057316994126 0
180 187 7 53.332315644999994 112.6003456912316 0
179 204 25 54.001081645 113.7530339943021 0
189 181 -8 52.76790887999999 111.64545177884352 0
187 187 0 53.060200079999994 112.13833146913728 0
186 180 -6 52.812980499999995 111.72125331443002 0
186 172 -14 52.519422479999996 111.22868863989312 0
185 185 0 53.042120204999996 112.10774929382097 0
180 179 -1 53.01596049999999 112.06352354713 0
188 181 -7 52.78021602 111.66614318734585 0
182 186 4 53.21187327999999 112.39543513505794 0
182 193 11 53.457441405 112.81399066294168 0
189 185 -4 52.894544499999995 111.85860630151001 0
191 200 9 53.39308199999999 112.70399915976 0
190 203 13 53.544660179999994 112.96340903555833 0
201 201 0 53.044130319999994 112.11114875061824 0
199 187 -12 52.62557464499999 111.40650326081109 0
200 182 -18 52.429295124999996 111.07795563692876 0
196 180 -16 52.47338241999999 111.15166303263497 0
189 190 1 53.100287679999994 112.20618809671168 0
185 190 5 53.241597205 112.44594089649797 0
194 182 -12 52.623500979999996 111.40302660319912 0
190 186 -4 52.90673631999999 111.87915767973377 0
188 182 -6 52.84974568 111.78313645293633 0
190 180 -10 52.695894804999995 111.52447667676108 0
189 194 5 53.23367764499999 112.4324802730501 0
186 218 32 54.22163084499999 114.1400305972857 0
197 181 -16 52.479669445 111.162178035665 0
198 181 -17 52.45240552 111.11658665546817 0
190 178 -12 52.602747279999996 111.36823835936192 0
181 166 -15 52.446106404999995 111.10605581515668 0
175 178 3 53.174122845 112.3313493589492 0
177 173 -4 52.90470512499999 111.87573337812125 0
180 174 -6 52.82933298 111.74877201041113 0
176 173 -3 52.920946005 111.90311741627877 0
176 170 -6 52.827290004999995 111.74533349491723 0
178 166 -12 52.57988240499999 111.32992565014484 0
176 185 9 53.41457264499999 112.74070273891742 0
174 198 24 54.002938 113.75627514952001 0
188 181 -7 52.798655804999996 111.69715459274458 0
180 189 9 53.38917058 112.69732148678072 0
182 185 3 53.15819444499999 112.30432824058752 0
188 178 -10 52.67318338 111.48635816589449 0
190 187 -3 52.93108648 111.92022041931713 0
184 185 1 53.108290319999995 112.21974233434177 0
190 184 -6 52.825246719999996 111.74189460217856 0
188 187 -1 53.01596049999999 112.06352354713 0
187 185 -2 52.98772991999999 112.01582739050497 0
191 182 -9 52.724746005 111.57292332074374 0
190 198 8 53.363716124999996 112.65388426182376 0
188 199 11 53.476877605 112.84725117640637 0
202 200 -2 52.999836179999996 112.03627731746569 0
194 193 -1 53.032064979999994 112.09074660842313 0
199 185 -14 52.559063605 111.29505424489014 0
200 177 -23 52.236670419999996 110.75645467288905 0
193 188 -5 52.88641042 111.84489794813096 0
185 183 -2 52.997819244999995 112.03286990555311 0
192 190 -2 52.979652879999996 112.0021868220525 0
187 190 3 53.162178405 112.31108561913118 0
190 184 -6 52.825246719999996 111.74189460217856 0
193 181 -12 52.619352719999995 111.39607210741056 0
189 193 4 53.201949805 112.37858261117857 0
187 198 11 53.480761124999994 112.85389938793875 0
197 196 -1 53.007900819999996 112.04990333358776 0
193 183 -10 52.67318338 111.48635816589449 0
196 179 -17 52.42508920499999 111.07092650858998 0
191 176 -15 52.504789644999995 111.20420166243392 0
185 196 11 53.465219604999994 112.82729876473164 0
182 192 10 53.439922319999994 112.78402837823424 0
200 202 2 53.116288 112.23329090048 0
187 211 24 53.941514604999995 113.64916903194914 0
197 204 7 53.314617999999996 112.57019249368001 0
208 204 -4 52.935140499999996 111.92705903717001 0
205 215 10 53.40090112 112.71735053656064 0
207 221 14 53.538865125 112.95346801564125 0
220 227 7 53.292953444999995 112.533301456597 0
218 218 0 53.05618449999999 112.13153794319001 0
224 207 -17 52.527777279999995 111.24267235831809 0
222 203 -19 52.43560168 111.08849626455233 0
214 212 -2 52.999836179999996 112.03627731746569 0
208 203 -5 52.896577244999996 111.86203245985162 0
217 204 -13 52.633866205 111.42040595986697 0
209 208 -1 53.019988479999995 112.07033148121089 0
206 205 -1 53.026028124999996 112.08054067015627 0
213 204 -9 52.776114879999994 111.65924757698049 0
209 214 5 53.223771219999996 112.41564674924744 0
209 224 15 53.55238258 112.9766592762673 0
218 214 -4 52.93108648 111.92022041931713 0
220 207 -13 52.6483645 111.44472057259 0
215 204 -11 52.710328 111.54870947008001 0
212 200 -12 52.6483645 111.44472057259 0
210 206 -4 52.920946005 111.90311741627877 0
207 198 -9 52.74942724499999 111.6143888702509 0
211 200 -11 52.67318338 111.48635816589449 0
205 205 0 53.06822751999999 112.15191422153217 0
203 197 -6 52.833417999999995 111.75564791032001 0
210 192 -18 52.43139762 111.08146958795737 0
202 208 6 53.257421445 112.47284566637902 0
197 212 15 53.565884845 112.99983498253519 0
213 207 -6 52.855863445 111.79343845711301 0
205 197 -8 52.786365405 111.67648374570183 0
206 195 -11 52.68557608 111.50715590999873 0
204 191 -13 52.621427005 111.39954955212023 0
201 197 -4 52.93108648 111.92022041931713 0
198 189 -9 52.71856871999999 111.56254827207745 0
202 191 -11 52.675249605 111.48982542945838 0
196 197 1 53.096284499999996 112.19940884781 0
194 190 -4 52.92297472 111.90653875564544 0
201 188 -13 52.581962579999995 111.33341060497273 0
195 208 13 53.525332479999996 112.93026114445313 0
192 197 5 53.25939808 112.47620722108928 0
213 206 -7 52.843625124999996 111.77283106977876 0
197 193 -4 52.908767205 111.88258161049204 0
201 197 -4 52.912828045 111.8894283601013 0
202 193 -9 52.74120512499999 111.60057316994126 0
198 201 3 53.17213287999999 112.32797294258754 0
199 193 -6 52.859940404999996 111.80030458487067 0
203 191 -12 52.633866205 111.42040595986697 0
199 190 -9 52.74942724499999 111.6143888702509 0
195 187 -8 52.78431592 111.67303727365697 0
196 184 -12 52.604824045 111.37171895901679 0
194 199 5 53.245555124999996 112.45266914662875 0
190 201 11 53.457441405 112.81399066294168 0
203 207 4 53.192018579999996 112.36172141812872 0
196 194 -2 52.98369201999999 112.00900783553385 0
203 191 -12 52.642152804999995 111.43430237656094 0
201 201 0 53.05216768 112.12474298232833 0
195 203 8 53.33035047999999 112.59699668194114 0
205 190 -15 52.544472 111.27062055744001 0
202 193 -9 52.759697919999994 111.63164986875904 0
195 199 4 53.2158405 112.40217372183001 0
197 182 -15 52.519422479999996 111.22868863989312 0
203 182 -21 52.29621297999999 110.85574594396888 0
192 195 3 53.182079605 112.34485153542587 0
185 203 18 53.719117645 113.2636133874576 0
199 193 -6 52.835460045 111.75908529506272 0
194 181 -13 52.57364002 111.31946840355785 0
194 177 -17 52.439804499999994 111.09552130829002 0
188 175 -13 52.559063605 111.29505424489014 0
182 185 3 53.15620199999999 112.30094902584001 0
180 174 -6 52.81707048 111.72813525549888 0
188 175 -13 52.57780192 111.32644029840897 0
181 178 -3 52.955391999999996 111.96123003904 0
178 176 -2 52.9756125 111.99536434875 0
182 175 -7 52.78021602 111.66614318734585 0
180 205 25 53.99551072 113.74330885638656 0
180 216 36 54.378737619999995 114.41825529823737 0
208 188 -20 52.378742245 110.99349782359411 0
191 188 -3 52.95943858 111.96805983111129 0
185 185 0 53.060200079999994 112.13833146913728 0
189 178 -11 52.6483645 111.44472057259 0
186 190 4 53.192018579999996 112.36172141812872 0
186 179 -7 52.788414579999994 111.67992983722473 0
193 174 -19 52.361851605 110.96529251327787 0
185 176 -9 52.72886264499999 111.5798380923926 0
179 173 -6 52.815025645 111.72469447407842 0
181 171 -10 52.675249605 111.48982542945838 0
179 182 3 53.182079605 112.34485153542587 0
177 181 4 53.197978244999995 112.37183917540612 0
184 184 0 53.058192444999996 112.13493488544601 0
180 187 7 53.324453125 112.58694763671876 0
184 178 -6 52.827290004999995 111.74533349491723 0
189 169 -20 52.28772178 110.84158167396393 0
185 176 -9 52.720628125 111.56600700734376 0
178 171 -7 52.792511999999995 111.68682087936 0
178 165 -13 52.521511645 111.2321851715796 0
177 167 -10 52.65664242 111.45860602038505 0
172 166 -6 52.792511999999995 111.68682087936 0
171 166 -5 52.859940404999996 111.80030458487067 0
171 180 9 53.408715279999996 112.73069662988993 0
170 191 21 53.879753619999995 113.54175380763064 0
179 183 4 53.225753125 112.41901414328126 0
178 169 -9 52.695894804999995 111.52447667676108 0
182 166 -16 52.42508920499999 111.07092650858998 0
178 166 -12 52.57780192 111.32644029840897 0
172 174 2 53.122283005 112.24344860947578 0
171 163 -8 52.74326112 111.60402767079937 0
175 163 -12 52.575721124999994 111.32295454960126 0
171 166 -5 52.851785244999995 111.7865708295524 0
168 165 -3 52.914857999999995 111.89285117928002 0
170 163 -7 52.765856604999996 111.64200187472714 0
169 173 4 53.221789005 112.41227901024928 0
168 177 9 53.44771168 112.79734821151233 0
174 179 5 53.245555124999996 112.45266914662875 0
174 167 -7 52.761751124999996 111.63510091984875 0
178 161 -17 52.361851605 110.96529251327787 0
176 160 -16 52.412464005 111.04982930152323 0
170 163 -7 52.772012499999995 111.65235044125001 0
166 158 -8 52.71444898 111.55562964359288 0
167 162 -5 52.82320312499999 111.73845533203126 0
165 163 -2 52.98974840499999 112.01923662145884 0
165 164 -1 53.009916204999996 112.05330893055554 0
167 159 -8 52.73503528 111.59020736195009 0
167 172 5 53.24753362 112.45603275686936 0
166 168 2 53.122283005 112.24344860947578 0
173 166 -7 52.774063845 111.65579919986781 0
169 168 -1 53.001852805 112.03968436606158 0
169 166 -3 52.94527012499999 111.94414913486625 0
172 165 -7 52.751481999999996 111.61784183624 0
171 177 6 53.30477512499999 112.55342891497126 0
170 169 -1 53.009916204999996 112.05330893055554 0
178 174 -4 52.896577244999996 111.86203245985162 0
172 173 1 53.116288 112.23329090048 0
174 170 -4 52.892511445 111.855179771331 0
177 173 -4 52.89860967999999 111.8654582465197 0
175 210 35 54.384113244999995 114.42781560197639 0
177 178 1 53.08426752 112.17906256502785 0
205 176 -29 52.015547444999996 110.38831906978102 0
185 203 18 53.709598719999995 113.24718495391744 0
172 185 13 53.58707199999999 113.03622265856 0
200 174 -26 52.127593405 110.57474680734617 0
186 177 -9 52.700020124999995 111.53140226819626 0
175 169 -6 52.819115005 111.73157565885528 0
177 168 -9 52.700020124999995 111.53140226819626 0
177 177 0 53.06421442 112.14512356148104 0
173 177 4 53.209889204999996 112.39206532283254 0
180 173 -7 52.78431592 111.67303727365697 0
177 195 18 53.757115844999994 113.3292515314282 0
177 207 30 54.192482205 114.08865266688298 0
199 183 -16 52.498513779999996 111.19370120469593 0
187 187 0 53.07223938 112.15870345060152 0
184 181 -3 52.94324482 111.94073185146425 0
186 172 -14 52.513153124999995 111.21819663421876 0
185 182 -3 52.957415444999995 111.96464511845451 0
180 179 -1 52.999836179999996 112.03627731746569 0
184 186 2 53.1362605 112.26713757187001 0
181 182 1 53.104289619999996 112.21296592511865 0
186 185 -1 53.02804071999999 112.08394301054656 0
186 187 1 53.090277404999995 112.18923730816233 0
187 203 16 53.65232242 113.14845403612505 0
190 213 23 53.889133044999994 113.5580489439663 0
201 195 -6 52.841584319999996 111.76939519041025 0
200 194 -6 52.859940404999996 111.80030458487067 0
195 202 7 53.310681779999996 112.56348807562392 0
195 188 -7 52.815025645 111.72469447407842 0
205 203 -2 52.979652879999996 112.0021868220525 0
195 192 -3 52.937167044999995 111.93047779317422 0
201 204 3 53.154209245 112.2975694605569 0
196 199 3 53.168152019999994 112.32121906202617 0
200 197 -3 52.94324482 111.94073185146425 0
202 196 -6 52.855863445 111.79343845711301 0
197 216 19 53.701978 113.23403673608001 0
201 209 8 53.3342805 112.60369436457 0
217 206 -11 52.704144205 111.53832631001504 0
205 196 -9 52.745316804999995 111.60748178769444 0
203 194 -9 52.75764440499999 111.62819843501718 0
203 186 -17 52.475478405 111.15516843869133 0
199 198 -1 53.038099044999996 112.10094930043572 0
194 190 -4 52.90470512499999 111.87573337812125 0
201 186 -15 52.52568904499999 111.23917703062821 0
194 190 -4 52.89860967999999 111.8654582465197 0
188 187 -1 53.01193128 112.05671416502592 0
194 188 -6 52.843625124999996 111.77283106977876 0
192 195 3 53.174122845 112.3313493589492 0
191 210 19 53.74193144499999 113.30301074258652 0
197 192 -5 52.866053519999994 111.81060096724417 0
204 190 -14 52.57780192 111.32644029840897 0
195 187 -8 52.769960845 111.64890130096319 0
189 184 -5 52.888444405 111.84832559480535 0
191 184 -7 52.808889279999995 111.71436985979393 0
190 178 -12 52.617278125 111.39259426890627 0
189 183 -6 52.841584319999996 111.76939519041025 0
185 186 1 53.08025938 112.17227762103849 0
186 184 -2 52.99176658 112.02264548827672 0
188 181 -7 52.80479681999999 111.70748489027977 0
187 204 17 53.684813245 113.20443540766362 0
186 205 19 53.749526124999996 113.31613354147376 0
207 187 -20 52.349170605 110.94412114925314 0
194 185 -9 52.72268722 111.56946535684457 0
186 182 -4 52.910797779999996 111.88600517055993 0
187 180 -7 52.78431592 111.67303727365697 0
186 182 -4 52.890478079999994 111.85175286915073 0
185 179 -6 52.81707048 111.72813525549888 0
186 187 1 53.086271124999996 112.18245450228876 0
184 183 -1 53.007900819999996 112.04990333358776 0
189 181 -8 52.753536444999995 111.62129441892152 0
186 178 -8 52.745316804999995 111.60748178769444 0
184 192 8 53.344100125 112.62043269771625 0
184 200 16 53.661887844999995 113.1649283768067 0
194 185 -9 52.71444898 111.55562964359288 0
191 180 -11 52.64629424499999 111.4412482322994 0
187 180 -7 52.778165605 111.66269557275189 0
183 174 -9 52.70620578 111.54178775022793 0
183 182 -1 53.032064979999994 112.09074660842313 0
181 174 -7 52.765856604999996 111.64200187472714 0
185 181 -4 52.890478079999994 111.85175286915073 0
180 184 4 53.21187327999999 112.39543513505794 0
181 181 0 53.040109779999995 112.10434947714809 0
185 178 -7 52.800703119999994 111.70059840457665 0
183 196 13 53.558171124999994 112.98659362314876 0
183 204 21 53.851568844999996 113.4928249288997 0
199 184 -15 52.515243219999995 111.22169437137657 0
191 193 2 53.130272004999995 112.25698727573774 0
185 184 -1 53.00386912 112.04309105150465 0
190 182 -8 52.75764440499999 111.62819843501718 0
189 188 -1 53.007900819999996 112.04990333358776 0
184 177 -7 52.798655804999996 111.69715459274458 0
191 180 -11 52.629721045 111.41345539628972 0
184 186 2 53.1362605 112.26713757187001 0
182 185 3 53.162178405 112.31108561913118 0
189 183 -6 52.83750178 111.76252230321609 0
186 198 12 53.50403620499999 112.89376152912304 0
186 208 22 53.851568844999996 113.4928249288997 0
200 192 -8 52.765856604999996 111.64200187472714 0
197 193 -4 52.929059005 111.91680055714073 0
192 189 -3 52.95943858 111.96805983111129 0
193 188 -5 52.87012738 111.81746335122952 0
194 193 -1 53.00588512499999 112.04649737395876 0
192 189 -3 52.941219204999996 111.93731420015749 0
196 190 -6 52.847705805 111.77970170087794 0
193 190 -3 52.965506125 111.97830177017376 0
193 188 -5 52.884376124999996 111.84146992896376 0
195 188 -7 52.798655804999996 111.69715459274458 0
192 203 11 53.457441405 112.81399066294168 0
192 212 20 53.764700604999994 113.34236472293688 0
204 202 -2 52.999836179999996 112.03627731746569 0
201 195 -6 52.84566562 111.77626657321336 0
200 191 -9 52.751481999999996 111.61784183624 0
197 188 -9 52.732978044999996 111.58675132360122 0
196 190 -6 52.835460045 111.75908529506272 0
193 190 -3 52.961461404999994 111.97147417717417 0
194 191 -3 52.94527012499999 111.94414913486625 0
194 190 -4 52.927031219999996 111.91338032591257 0
194 190 -4 52.916887644999996 111.89627362825992 0
194 193 -1 53.017974644999995 112.06692769509142 0
194 205 11 53.44381762 112.79068894809737 0
196 208 12 53.47105 112.83727643 0
204 191 -13 52.59859281999999 111.36127597457177 0
203 197 -6 52.859940404999996 111.80030458487067 0
194 192 -2 53.001852805 112.03968436606158 0
197 188 -9 52.745316804999995 111.60748178769444 0
197 199 2 53.148229119999996 112.28742865985537 0
191 192 1 53.090277404999995 112.18923730816233 0
202 194 -8 52.792511999999995 111.68682087936 0
195 192 -3 52.941219204999996 111.93731420015749 0
194 193 -1 53.026028124999996 112.08054067015627 0
197 189 -8 52.76790887999999 111.64545177884352 0
196 207 11 53.455496079999996 112.81066282424129 0
194 209 15 53.59476711999999 113.04944509468865 0
208 201 -7 52.83750178 111.76252230321609 0
201 198 -3 52.95943858 111.96805983111129 0
198 193 -5 52.876235845 111.82775412408932 0
202 190 -12 52.62764799999999 111.40997952512001 0
198 198 0 53.05618449999999 112.13153794319001 0
195 189 -6 52.833417999999995 111.75564791032001 0
201 192 -9 52.730920499999996 111.58329490047001 0
194 192 -2 52.995802 112.02946213016001 0
192 190 -2 52.99176658 112.02264548827672 0
196 189 -7 52.81707048 111.72813525549888 0
193 199 6 53.292953444999995 112.533301456597 0
193 210 17 53.673356125 113.18468742026376 0
201 191 -10 52.691768245 111.51754953439863 0
204 192 -12 52.644223679999996 111.43777550034433 0
194 190 -4 52.90673631999999 111.87915767973377 0
191 188 -3 52.94527012499999 111.94414913486625 0
193 194 1 53.11228978 112.22651732569193 0
192 189 -3 52.94527012499999 111.94414913486625 0
197 196 -1 53.038099044999996 112.10094930043572 0
193 200 7 53.30674431999999 112.55678230654976 0
196 191 -5 52.87012738 111.81746335122952 0
200 199 -1 53.022002005 112.07373490565229 0
193 205 12 53.498221619999995 112.88380034557466 0
199 219 20 53.743830579999994 113.30629189371929 0
205 197 -8 52.774063845 111.65579919986781 0
213 192 -21 52.349170605 110.94412114925314 0
200 188 -12 52.62764799999999 111.40997952512001 0
191 191 0 53.05618449999999 112.13153794319001 0
189 195 6 53.296895244999995 112.54001196455762 0
194 184 -10 52.68144641999999 111.50022488458296 0
197 189 -8 52.78431592 111.67303727365697 0
189 191 2 53.124280719999994 112.24683380561345 0
190 190 0 53.066221125 112.14851907046126 0
193 189 -4 52.90470512499999 111.87573337812125 0
192 195 3 53.18406802 112.34822620812184 0
192 206 14 53.548522 112.97003479144001 0
197 194 -3 52.95943858 111.96805983111129 0
203 192 -11 52.68557608 111.50715590999873 0
196 189 -7 52.798655804999996 111.69715459274458 0
192 181 -11 52.64629424499999 111.4412482322994 0
194 188 -6 52.82320312499999 111.73845533203126 0
187 180 -7 52.798655804999996 111.69715459274458 0
190 182 -8 52.75764440499999 111.62819843501718 0
186 187 1 53.08025938 112.17227762103849 0
183 185 2 53.14424081999999 112.28066637037224 0
189 184 -5 52.86197842 111.80373708673305 0
187 194 7 53.31855297999999 112.5768955620289 0
187 193 6 53.269276604999995 112.49300986769464 0
196 189 -7 52.802750124999996 111.70404183703376 0
192 177 -15 52.513153124999995 111.21819663421876 0
190 173 -17 52.42298578 111.06741133095208 0
185 176 -9 52.71444898 111.55562964359288 0
178 187 9 53.398946804999994 112.71401318809558 0
179 174 -5 52.853824499999995 111.79000483089001 0
187 178 -9 52.695894804999995 111.52447667676108 0
179 179 0 53.06822751999999 112.15191422153217 0
177 177 0 53.042120204999996 112.10774929382097 0
182 174 -8 52.759697919999994 111.63164986875904 0
180 189 9 53.391126445 112.7006604887885 0
179 199 20 53.802550005 113.40785907084027 0
191 182 -9 52.71856871999999 111.56254827207745 0
187 178 -9 52.724746005 111.57292332074374 0
183 176 -7 52.80479681999999 111.70748489027977 0
180 174 -6 52.83750178 111.76252230321609 0
179 182 3 53.18406802 112.34822620812184 0
179 174 -5 52.857902079999995 111.79687170838528 0
185 172 -13 52.55698002 111.29156491506217 0
179 175 -4 52.91891697999999 111.89969570720488 0
175 171 -4 52.88234152 111.83804153713984 0
179 169 -10 52.642152804999995 111.43430237656094 0
176 187 11 53.482702419999995 112.85722300837497 0
173 193 20 53.840275405 113.47323503065567 0
191 180 -11 52.6483645 111.44472057259 0
180 174 -6 52.82933298 111.74877201041113 0
179 173 -6 52.83750178 111.76252230321609 0
178 172 -6 52.812980499999995 111.72125331443002 0
177 178 1 53.116288 112.23329090048 0
177 172 -5 52.866053519999994 111.81060096724417 0
181 171 -10 52.67938112499999 111.49675878863876 0
176 176 0 53.04814962 112.11794658524137 0
174 173 -1 53.001852805 112.03968436606158 0
179 170 -9 52.704144205 111.53832631001504 0
176 184 8 53.38134402 112.68396216510985 0
174 184 10 53.47299284499999 112.84060166956831 0
187 182 -5 52.86197842 111.80373708673305 0
180 174 -6 52.835460045 111.75908529506272 0
181 177 -4 52.914857999999995 111.89285117928002 0
180 173 -7 52.800703119999994 111.70059840457665 0
180 180 0 53.06822751999999 112.15191422153217 0
179 171 -8 52.753536444999995 111.62129441892152 0
182 173 -9 52.6897045 111.51408538121001 0
177 176 -1 53.017974644999995 112.06692769509142 0
174 169 -5 52.84974568 111.78313645293633 0
179 170 -9 52.68557608 111.50715590999873 0
174 203 29 54.166912045 114.0436420732008 0
173 202 29 54.166912045 114.0436420732008 0
209 185 -24 52.221746804999995 110.73158010252693 0
183 179 -4 52.914857999999995 111.89285117928002 0
176 174 -2 52.993784444999996 112.0260539911225 0
182 177 -5 52.866053519999994 111.81060096724417 0
178 180 2 53.118286645 112.23667715707292 0
180 169 -11 52.61312800499999 111.38563740985828 0
182 171 -11 52.608976645 111.37867897366542 0
176 172 -4 52.914857999999995 111.89285117928002 0
173 172 -1 53.007900819999996 112.04990333358776 0
176 171 -5 52.851785244999995 111.7865708295524 0
175 182 7 53.34606312 112.62377935878337 0
175 187 12 53.523398005 112.92694459953174 0
184 181 -3 52.937167044999995 111.93047779317422 0
181 170 -11 52.608976645 111.37867897366542 0
181 165 -16 52.439804499999994 111.09552130829002 0
176 167 -9 52.708267045 111.5452488035283 0
171 174 3 53.180090879999995 112.34147651432448 0
171 171 0 53.05618449999999 112.13153794319001 0
175 169 -6 52.833417999999995 111.75564791032001 0
173 168 -5 52.853824499999995 111.79000483089001 0
173 169 -4 52.90064180499999 111.86888366167808 0
173 167 -6 52.80479681999999 111.70748489027977 0
173 180 7 53.32052000499999 112.58024659047278 0
171 193 22 53.947112499999996 113.65891863625001 0
181 175 -6 52.833417999999995 111.75564791032001 0
181 172 -9 52.70620578 111.54178775022793 0
177 170 -7 52.790463445 111.68337554838949 0
173 172 -1 53.022002005 112.07373490565229 0
173 176 3 53.15819444499999 112.30432824058752 0
176 169 -7 52.78226612499999 111.66959042092626 0
178 171 -7 52.79660817999999 111.69371040137369 0
174 173 -1 53.026028124999996 112.08054067015627 0
174 169 -5 52.866053519999994 111.81060096724417 0
176 169 -7 52.790463445 111.68337554838949 0
173 179 6 53.29492449999999 112.53665688011 0
173 185 12 53.525332479999996 112.93026114445313 0
181 179 -2 52.977632844999995 111.99877576796082 0
180 177 -3 52.95943858 111.96805983111129 0
180 173 -7 52.790463445 111.68337554838949 0
180 172 -8 52.74326112 111.60402767079937 0
179 175 -4 52.91891697999999 111.89969570720488 0
176 170 -6 52.833417999999995 111.75564791032001 0
179 169 -10 52.64629424499999 111.4412482322994 0
175 170 -5 52.87012738 111.81746335122952 0
173 171 -2 52.993784444999996 112.0260539911225 0
174 170 -4 52.874199999999995 111.82432424000001 0
174 185 11 53.478819519999995 112.85057544400385 0
173 170 -3 52.95134417999999 111.95439877928233 0
186 171 -15 52.496421205 111.19020024573804 0
174 174 0 53.046140124999994 112.11454784770376 0
170 171 1 53.104289619999996 112.21296592511865 0
176 168 -8 52.751481999999996 111.61784183624 0
175 175 0 53.05216768 112.12474298232833 0
173 171 -2 52.98369201999999 112.00900783553385 0
177 185 8 53.383301124999996 112.68730249290125 0
174 183 9 53.430178645 112.76737122926309 0
185 171 -14 52.534040125 111.25315593601626 0
180 171 -9 52.71444898 111.55562964359288 0
174 184 10 53.469106845 112.8339508661137 0
174 181 7 53.33035047999999 112.59699668194114 0
187 186 -1 53.013946045 112.06011903716279 0
179 176 -3 52.929059005 111.91680055714073 0
183 181 -2 52.993784444999996 112.0260539911225 0
182 176 -6 52.81707048 111.72813525549888 0
181 191 10 53.451604499999995 112.80400616979001 0
180 184 4 53.229716005 112.42574789711124 0
191 182 -9 52.716509005 111.55908915088177 0
184 187 3 53.15819444499999 112.30432824058752 0
180 184 4 53.201949805 112.37858261117857 0
189 177 -12 52.600670205 111.36475736460153 0
187 195 8 53.369594879999994 112.66391322365953 0
181 195 14 53.58707199999999 113.03622265856 0
198 195 -3 52.95336824499999 111.9578145927039 0
188 185 -3 52.963483919999994 111.97488815680705 0
189 181 -8 52.75764440499999 111.62819843501718 0
190 181 -9 52.716509005 111.55908915088177 0
184 188 4 53.207904819999996 112.38869516449577 0
184 180 -4 52.88641042 111.84489794813096 0
190 187 -3 52.961461404999994 111.97147417717417 0
183 188 5 53.23367764499999 112.4324802730501 0
186 183 -3 52.957415444999995 111.96464511845451 0
188 181 -7 52.794560245 111.69026583030012 0
184 198 14 53.59092018 113.04283450494168 0
184 204 20 53.798770645 113.40131498514342 0
200 187 -13 52.61312800499999 111.38563740985828 0
193 189 -4 52.914857999999995 111.89285117928002 0
185 194 9 53.387214404999995 112.69398215357283 0
188 186 -2 52.969549605 111.98512789876415 0
196 194 -2 52.977632844999995 111.99877576796082 0
189 186 -3 52.94729511999999 111.94756605052737 0
193 196 3 53.15620199999999 112.30094902584001 0
190 191 1 53.110290205 112.22313000716903 0
193 190 -3 52.961461404999994 111.97147417717417 0
193 187 -6 52.83750178 111.76252230321609 0
189 207 18 53.696259205 113.22417237440004 0
191 205 14 53.546591244999995 112.9667220724629 0
207 201 -6 52.841584319999996 111.76939519041025 0
196 190 -6 52.827290004999995 111.74533349491723 0
194 189 -5 52.876235845 111.82775412408932 0
194 184 -10 52.675249605 111.48982542945838 0
190 190 0 53.070233605 112.15530901485764 0
188 192 4 53.197978244999995 112.37183917540612 0
191 191 0 53.074244844999996 112.1620975289277 0
192 193 1 53.082263604999994 112.17567027133238 0
191 189 -2 52.977632844999995 111.99877576796082 0
194 192 -2 52.971570879999994 111.98854041431554 0
191 203 12 53.49434368 112.87715794669569 0
193 213 20 53.764700604999994 113.34236472293688 0
202 201 -1 53.040109779999995 112.10434947714809 0
204 194 -10 52.710328 111.54870947008001 0
198 195 -3 52.94527012499999 111.94414913486625 0
193 190 -3 52.95943858 111.96805983111129 0
196 195 -1 53.007900819999996 112.04990333358776 0
194 191 -3 52.941219204999996 111.93731420015749 0
195 192 -3 52.937167044999995 111.93047779317422 0
193 195 2 53.134264644999995 112.2637544922186 0
192 183 -9 52.710328 111.54870947008001 0
196 186 -10 52.708267045 111.5452488035283 0
187 197 10 53.432128 112.77070331392001 0
185 212 27 54.0584845 113.85338106931002 0
198 192 -6 52.82933298 111.74877201041113 0
202 195 -7 52.82115922 111.73501568431145 0
190 192 2 53.130272004999995 112.25698727573774 0
189 180 -9 52.72886264499999 111.5798380923926 0
194 186 -8 52.753536444999995 111.62129441892152 0
184 182 -2 52.963483919999994 111.97488815680705 0
185 185 0 53.046140124999994 112.11454784770376 0
185 182 -3 52.93108648 111.92022041931713 0
185 176 -9 52.708267045 111.5452488035283 0
185 182 -3 52.949319804999995 111.95098259861143 0
179 194 15 53.621660979999994 113.09568414725913 0
184 202 18 53.717214479999996 113.26032830776512 0
191 191 0 53.06421442 112.14512356148104 0
193 186 -7 52.815025645 111.72469447407842 0
189 179 -10 52.687640445 111.510620839798 0
186 177 -9 52.732978044999996 111.58675132360122 0
183 187 4 53.217823644999996 112.40554249670441 0
180 179 -1 53.03608799999999 112.09754876352001 0
189 179 -10 52.68144641999999 111.50022488458296 0
182 183 1 53.11428904499999 112.2299042900743 0
178 181 3 53.180090879999995 112.34147651432448 0
186 181 -5 52.878271379999994 111.83118363486649 0
183 199 16 53.64083368 113.12867463130434 0
182 204 22 53.881630124999994 113.54501341274626 0
199 191 -8 52.759697919999994 111.63164986875904 0
192 198 6 53.265326124999994 112.48628983378626 0
186 187 1 53.096284499999996 112.19940884781 0
195 182 -13 52.57988240499999 111.32992565014484 0
191 194 3 53.15620199999999 112.30094902584001 0
182 188 6 53.29098207999999 112.52994569385473 0
195 192 -3 52.935140499999996 111.92705903717001 0
188 196 8 53.34606312 112.62377935878337 0
188 195 7 53.328385004999994 112.59364733653473 0
196 188 -8 52.776114879999994 111.65924757698049 0
194 200 6 53.273225845 112.4997285368207 0
190 210 20 53.787425125 113.38167561165875 0
199 196 -3 52.963483919999994 111.97488815680705 0
203 193 -10 52.70620578 111.54178775022793 0
193 190 -3 52.955391999999996 111.96123003904 0
190 189 -1 53.01193128 112.05671416502592 0
192 199 7 53.33035047999999 112.59699668194114 0
191 191 0 53.040109779999995 112.10434947714809 0
200 198 -2 52.985711124999995 112.01241779525125 0
191 199 8 53.357834579999995 112.64385230001528 0
193 197 4 53.217823644999996 112.40554249670441 0
199 194 -5 52.878271379999994 111.83118363486649 0
195 208 13 53.519528124999994 112.92031054984376 0
195 217 22 53.821428205 113.44056176732897 0
207 210 3 53.162178405 112.31108561913118 0
207 204 -3 52.969549605 111.98512789876415 0
203 203 0 53.054176244999994 112.1281406422054 0
203 193 -10 52.704144205 111.53832631001504 0
205 200 -5 52.88234152 111.83804153713984 0
196 193 -3 52.94729511999999 111.94756605052737 0
199 196 -3 52.955391999999996 111.96123003904 0
195 192 -3 52.941219204999996 111.93731420015749 0
194 188 -6 52.827290004999995 111.74533349491723 0
194 191 -3 52.93311364499999 111.9236399126056 0
189 193 4 53.192018579999996 112.36172141812872 0
192 201 9 53.367635605 112.66057056943814 0
193 195 2 53.146235125 112.28404769079125 0
198 188 -10 52.716509005 111.55908915088177 0
194 186 -8 52.765856604999996 111.64200187472714 0
188 179 -9 52.712388645 111.55216975004691 0
188 192 4 53.21187327999999 112.39543513505794 0
183 186 3 53.190031405 112.35834813741585 0
192 189 -3 52.94527012499999 111.94414913486625 0
186 190 4 53.194005444999995 112.3650943512555 0
185 185 0 53.050158804999995 112.12134496339493 0
191 185 -6 52.83750178 111.76252230321609 0
186 199 13 53.53693282 112.95015370538825 0
186 208 22 53.859091604999996 113.50587902468038 0
199 193 -6 52.833417999999995 111.75564791032001 0
197 192 -5 52.888444405 111.84832559480535 0
189 189 0 53.06421442 112.14512356148104 0
189 185 -4 52.90064180499999 111.86888366167808 0
191 195 4 53.18804392 112.35497450895296 0
187 187 0 53.07223938 112.15870345060152 0
195 183 -12 52.608976645 111.37867897366542 0
188 188 0 53.04814962 112.11794658524137 0
181 189 8 53.357834579999995 112.64385230001528 0
189 191 2 53.14224620499999 112.27728469843447 0
189 197 8 53.34213681999999 112.61708570168025 0
190 208 18 53.703883645 113.23732424711193 0
195 190 -5 52.876235845 111.82775412408932 0
203 194 -9 52.745316804999995 111.60748178769444 0
190 190 0 53.06421442 112.14512356148104 0
188 193 5 53.23367764499999 112.4324802730501 0
192 195 3 53.162178405 112.31108561913118 0
192 195 3 53.180090879999995 112.34147651432448 0
195 194 -1 53.032064979999994 112.09074660842313 0
194 194 0 53.074244844999996 112.1620975289277 0
194 187 -7 52.82115922 111.73501568431145 0
194 195 1 53.108290319999995 112.21974233434177 0
190 208 18 53.70769400499999 113.24389835586678 0
194 217 23 53.872244499999994 113.52871249301 0
203 199 -4 52.929059005 111.91680055714073 0
206 200 -6 52.86197842 111.80373708673305 0
195 193 -2 52.98974840499999 112.01923662145884 0
196 192 -4 52.90673631999999 111.87915767973377 0
195 199 4 53.21187327999999 112.39543513505794 0
192 190 -2 52.98974840499999 112.01923662145884 0
200 188 -12 52.64629424499999 111.4412482322994 0
191 192 1 53.098286245 112.20279864990462 0
186 190 4 53.194005444999995 112.3650943512555 0
193 186 -7 52.815025645 111.72469447407842 0
190 191 1 53.10228880499999 112.20957718839509 0
187 204 17 53.673356125 113.18468742026376 0
192 190 -2 52.999836179999996 112.03627731746569 0
201 192 -9 52.73914882 111.59711828495625 0
189 192 3 53.160186579999994 112.30770710496328 0
186 183 -3 52.955391999999996 111.96123003904 0
193 190 -3 52.93311364499999 111.9236399126056 0
185 179 -6 52.827290004999995 111.74533349491723 0
188 181 -7 52.808889279999995 111.71436985979393 0
183 185 2 53.14424081999999 112.28066637037224 0
179 183 4 53.221789005 112.41227901024928 0
187 183 -4 52.912828045 111.8894283601013 0
184 192 8 53.357834579999995 112.64385230001528 0
183 202 19 53.77606844499999 113.36202553605449 0
192 189 -3 52.95336824499999 111.9578145927039 0
196 189 -7 52.819115005 111.73157565885528 0
187 185 -2 52.98369201999999 112.00900783553385 0
185 181 -4 52.896577244999996 111.86203245985162 0
187 180 -7 52.776114879999994 111.65924757698049 0
182 180 -2 52.977632844999995 111.99877576796082 0
182 179 -3 52.927031219999996 111.91338032591257 0
182 183 1 53.10228880499999 112.20957718839509 0
181 184 3 53.16416992 112.31446378325505 0
184 181 -3 52.925003124999996 111.90995972546875 0
184 193 9 53.391126445 112.7006604887885 0
181 200 19 53.757115844999994 113.3292515314282 0
192 190 -2 52.969549605 111.98512789876415 0
192 186 -6 52.825246719999996 111.74189460217856 0
186 185 -1 53.032064979999994 112.09074660842313 0
184 181 -3 52.937167044999995 111.93047779317422 0
187 192 5 53.255444499999996 112.46948376949001 0
183 182 -1 53.02804071999999 112.08394301054656 0
192 181 -11 52.66905 111.47942247 0
184 180 -4 52.90064180499999 111.86888366167808 0
178 181 3 53.182079605 112.34485153542587 0
182 180 -2 52.963483919999994 111.97488815680705 0
182 190 8 53.344100125 112.62043269771625 0
181 201 20 53.82708562 113.45036682935337 0
189 183 -6 52.851785244999995 111.7865708295524 0
194 182 -12 52.629721045 111.41345539628972 0
182 178 -4 52.91891697999999 111.89969570720488 0
177 179 2 53.154209245 112.2975694605569 0
180 183 3 53.162178405 112.31108561913118 0
181 175 -6 52.825246719999996 111.74189460217856 0
184 178 -6 52.815025645 111.72469447407842 0
178 180 2 53.122283005 112.24344860947578 0
177 176 -1 53.009916204999996 112.05330893055554 0
181 176 -5 52.86809060499999 111.81403234622064 0
177 188 11 53.50597378 112.89708128035593 0
177 191 14 53.612063004999996 113.07917723284328 0
190 183 -7 52.798655804999996 111.69715459274458 0
185 168 -17 52.39350528 111.01815580372993 0
180 177 -3 52.957415444999995 111.96464511845451 0
172 177 5 53.255444499999996 112.46948376949001 0
174 181 7 53.336245045 112.60704270212022 0
177 171 -6 52.810935044999994 111.7178117763898 0
179 176 -3 52.95336824499999 111.9578145927039 0
175 176 1 53.096284499999996 112.19940884781 0
175 170 -5 52.866053519999994 111.81060096724417 0
178 169 -9 52.70620578 111.54178775022793 0
