125 110 -15 53.92096511999999 113.61339859316737 0
127 114 -13 54.09167848 113.91152617678912 0
124 104 -20 53.56395687999999 112.99652511753153 0
126 108 -18 53.730530124999994 113.28331750456626 0
123 108 -15 53.913483279999994 113.60038260294209 0
122 109 -13 54.064023805 113.86307804898007 0
124 108 -16 53.866609405 113.51892846359034 0
123 114 -9 54.323026125 114.31933573952625 0
123 122 -1 54.844532879999996 115.25789076877248 0
125 113 -12 54.10088120499999 113.92766199681948 0
128 109 -19 53.715311005 113.25704292472874 0
125 109 -16 53.83839208 113.46996902414529 0
124 108 -16 53.885382205 113.55153175587704 0
124 114 -10 54.248885619999996 114.18813719128664 0
124 110 -14 53.997368005 113.74655084789924 0
125 110 -15 53.934046405 113.63616558495917 0
124 110 -14 53.97319912 113.70438314214465 0
123 111 -12 54.0953605 113.91798131537001 0
124 107 -17 53.80066048 113.40458717605888 0
124 118 -6 54.52113281999999 114.67245707365177 0
123 123 0 54.90079012499999 115.36100118195375 0
127 124 -3 54.71021922 115.01329406499144 0
127 115 -12 54.139448019999996 113.99535903706185 0
127 114 -13 54.052942404999996 113.84368162794733 0
128 112 -16 53.91722482 113.60689117000425 0
125 116 -9 54.319421604999995 114.31294564264788 0
126 113 -13 54.041849844999994 113.82427534244732 0
127 114 -13 54.069560319999994 113.87277257138177 0
126 110 -16 53.891008 113.56130710528001 0
125 112 -13 54.09720104499999 113.92120847921223 0
125 108 -17 53.815768 113.43075405632001 0
125 120 -5 54.58280684499999 114.78319936272632 0
124 129 5 55.18525112499999 115.88892856115126 0
128 116 -12 54.170568644999996 114.05007531376941 0
129 111 -18 53.783640805 113.37512677732958 0
125 114 -11 54.199776805 114.10150340069694 0
125 111 -14 53.99179522 113.73682403591945 0
125 111 -14 54.03074612499999 113.80485915708626 0
125 110 -15 53.94338087999999 113.65241918367553 0
124 111 -13 54.07324978 113.87923422335193 0
125 113 -12 54.128442879999994 113.97602907594752 0
124 113 -11 54.208888079999994 114.11756094884929 0
125 110 -15 53.93217858 113.63291401237129 0
125 124 -1 54.818849805 115.21095035878145 0
124 112 -12 54.15410418 114.02111741121769 0
131 114 -17 53.872244499999994 113.52871249301 0
125 115 -10 54.24707080499999 114.18493188649708 0
123 112 -11 54.219811379999996 114.13682142563353 0
127 110 -17 53.80443921999999 113.41113066965144 0
125 114 -11 54.23072352 114.15607257475585 0
124 111 -13 54.082468004999996 113.89538359246077 0
126 118 -8 54.40022338 114.45648334460553 0
125 115 -10 54.279690044999995 114.24258826498522 0
126 113 -13 54.09167848 113.91152617678912 0
127 114 -13 54.05663744499999 113.850148195929 0
125 141 16 55.81466087999999 117.10430036240449 0
126 117 -9 54.348223045 114.36403851777379 0
143 122 -21 53.722923044999995 113.27018263746622 0
123 129 6 55.26231538 116.03399483670249 0
125 117 -8 54.39306642 114.44374455991705 0
134 111 -23 53.484643405 112.86054630547633 0
128 116 -12 54.174224005 114.05650750023428 0
125 112 -13 54.082468004999996 113.89538359246077 0
126 116 -10 54.243440244999995 114.17852050682262 0
126 121 -5 54.59158642 114.79899694206297 0
125 121 -4 54.659801125 114.92202658809876 0
129 116 -13 54.075094045 113.8824646409393 0
128 130 2 55.00052992 115.54482285973505 0
127 143 16 55.81770802 117.11037352494185 0
135 128 -7 54.49458484499999 114.62490966230482 0
133 131 -2 54.77761180499999 115.13575020984808 0
129 127 -2 54.799971219999996 115.17649831459258 0
133 119 -14 54.036299379999996 113.81456848946152 0
135 122 -13 54.14128112499999 113.99857976420125 0
131 124 -7 54.491039844999996 114.6185660410002 0
129 123 -6 54.526434044999995 114.6819602857468 0
132 126 -6 54.52113281999999 114.67245707365177 0
130 124 -6 54.53879272 114.70412636709057 0
132 124 -8 54.43593378 114.52011922601594 0
132 138 6 55.259049999999995 116.02782913000001 0
131 134 3 55.092535845 115.71559819275069 0
140 139 -1 54.849661125 115.26727340350126 0
133 143 10 55.438403244999996 116.36909249919361 0
139 137 -2 54.77761180499999 115.13575020984808 0
144 127 -17 53.97319912 113.70438314214465 0
142 134 -8 54.453742479999995 114.55190116901312 0
137 129 -8 54.42344924499999 114.49785762907561 0
138 135 -3 54.750020604999996 115.08555052159063 0
137 131 -6 54.53879272 114.70412636709057 0
138 131 -7 54.508752445 114.6502747993865 0
137 132 -5 54.619628979999995 114.8495114937129 0
136 142 6 55.241068244999994 115.9939062352414 0
138 139 1 54.980331279999994 115.50748895113409 0
142 146 4 55.105840404999995 115.74039298828934 0
139 130 -9 54.36618364499999 114.3959393513281 0
146 129 -17 53.98250104499999 113.7206070920278 0
142 120 -22 53.661887844999995 113.1649283768067 0
134 128 -6 54.56874340499999 114.75791148368367 0
131 123 -8 54.405587845 114.46603488403332 0
133 126 -7 54.487493605 114.61222148226014 0
132 127 -5 54.60912232 114.83057524480577 0
131 130 -1 54.841112499999994 115.25163467375 0
134 126 -8 54.439498 114.52647752488001 0
134 138 4 55.142325645 115.8085209483616 0
134 143 9 55.407974079999995 116.31080859811328 0
141 137 -4 54.694600124999994 114.98498911128377 0
137 135 -2 54.758651379999996 115.10124367058648 0
138 130 -8 54.473296245 114.5868338467279 0
140 120 -20 53.732431119999994 113.28660046543936 0
138 127 -11 54.276070645 114.2361860772966 0
133 127 -6 54.544084645 114.7136226639411 0
132 126 -6 54.529966644999995 114.68829460479542 0
134 128 -6 54.561704244999994 114.7452620978294 0
131 130 -1 54.815420124999996 115.20468818911625 0
134 129 -5 54.58280684499999 114.78319936272632 0
135 143 8 55.33707688 116.17563196025154 0
134 134 0 54.904188805 115.36724338956495 0
143 138 -5 54.64060882 114.88736000803625 0
135 140 5 55.152250124999995 115.82708677196626 0
139 132 -7 54.48217192 114.60270288359105 0
144 130 -14 54.10639911999999 113.93734025049537 0
139 138 -1 54.817135119999996 115.20781937580736 0
136 132 -4 54.69633682 114.98813496535976 0
143 136 -7 54.512291245 114.65661375317711 0
137 137 0 54.88207522 115.32665501325945 0
139 135 -4 54.670253845 114.94092446779783 0
141 129 -12 54.228905604999994 114.15286469615438 0
140 143 3 55.060857999999996 115.65666499672001 0
137 148 11 55.514778445 116.5161098163845 0
149 144 -5 54.63012447999999 114.86843973632513 0
140 139 -1 54.823992 115.22034208704001 0
143 141 -2 54.767274404999995 115.11693158737535 0
145 134 -11 54.28511682 114.25218964422025 0
145 139 -6 54.558182804999994 114.73893603873094 0
142 136 -6 54.575777605 114.77055723515363 0
143 136 -7 54.540557005 114.70729202909024 0
142 138 -4 54.67895591999999 114.95666671413697 0
141 137 -4 54.666770844999995 114.9346260468932 0
143 139 -4 54.68765024499999 114.97240353983011 0
142 150 8 55.303028004999994 116.11101255050174 0
143 144 1 54.96684071999999 115.48258465729344 0
149 147 -2 54.781055124999995 115.14202142237126 0
144 147 3 55.060857999999996 115.65666499672001 0
149 153 4 55.12078432 115.76827369662976 0
152 138 -14 54.17605122 114.05972319858745 0
155 145 -10 54.39664551999999 114.45011443834817 0
148 142 -6 54.572261125 114.76423481306126 0
146 144 -2 54.811989204999996 115.19842520392748 0
147 144 -3 54.72408177999999 115.03843947653608 0
147 143 -4 54.694600124999994 114.98498911128377 0
149 138 -11 54.33563218 114.3416932197097 0
148 152 4 55.102516124999994 115.73419534686376 0
145 152 7 55.278623679999995 116.06481378861568 0
158 161 3 55.035770125 115.61009291413376 0
148 152 4 55.102516124999994 115.73419534686376 0
157 147 -10 54.385904499999995 114.43100188129 0
157 142 -15 54.137614604999996 113.99213804361088 0
152 148 -4 54.69286312 114.98184304185665 0
147 139 -8 54.487493605 114.61222148226014 0
153 150 -3 54.73100562 115.05100707549337 0
147 153 6 55.209920499999996 115.93526577553001 0
152 149 -3 54.76555042 115.11379442161098 0
152 146 -6 54.579292845 114.7768787512717 0
151 157 6 55.21812812499999 115.95070321765625 0
151 155 4 55.122443204999996 115.77137067981604 0
164 163 -1 54.841112499999994 115.25163467375 0
155 152 -3 54.750020604999996 115.08555052159063 0
163 155 -8 54.505212404999995 114.64393491471483 0
159 153 -6 54.58807552 114.79267858653185 0
157 154 -3 54.755199999999995 115.09496704000001 0
158 150 -8 54.487493605 114.61222148226014 0
158 149 -9 54.475072 114.59000812544001 0
156 153 -3 54.755199999999995 115.09496704000001 0
154 148 -6 54.596850444999994 114.808472788128 0
158 149 -9 54.45018322 114.54554668805658 0
154 157 3 55.057516979999995 115.65045773935513 0
153 156 3 55.045813644999996 115.62872664583442 0
162 169 7 55.247611405 116.00624409351167 0
156 160 4 55.115805804999994 115.75898170108208 0
170 155 -15 54.219811379999996 114.13682142563353 0
163 152 -11 54.38769544499999 114.43418791657702 0
158 155 -3 54.77072144499999 115.123205293661 0
156 150 -6 54.612625779999995 114.83688821954793 0
161 157 -4 54.701545044999996 114.9975712371198 0
157 155 -2 54.82741858 115.22660222363129 0
161 146 -15 54.152273244999996 114.01789854367112 0
159 143 -16 54.119263405 113.95991342591617 0
153 153 0 54.924554844999996 115.4046802708577 0
148 161 13 55.543235005 116.57116050087224 0
160 159 -1 54.858202 115.28290711816001 0
154 147 -7 54.556421619999995 114.73577266706536 0
157 144 -13 54.27063921999999 114.22658089018857 0
155 143 -12 54.28511682 114.25218964422025 0
148 147 -1 54.841112499999994 115.25163467375 0
147 144 -3 54.756925845 115.09810546001933 0
152 142 -10 54.38232168 114.42462907847232 0
149 139 -10 54.380529804999995 114.42144231061394 0
147 139 -8 54.46085728 114.56460727863808 0
146 140 -6 54.565224445 114.75158724571003 0
145 151 6 55.214846005 115.94452873561627 0
145 157 12 55.527438204999996 116.54058210663354 0
151 158 7 55.270473405 116.04940630404633 0
148 145 -3 54.756925845 115.09810546001933 0
155 147 -8 54.498128605 114.63125234748489 0
153 139 -14 54.196130124999996 114.09507855625375 0
150 148 -2 54.823992 115.22034208704001 0
146 143 -3 54.72408177999999 115.03843947653608 0
153 144 -9 54.437716044999995 114.5232984950853 0
148 147 -1 54.839401845 115.2485063241862 0
147 142 -5 54.62312872 114.85582179575745 0
152 139 -13 54.203422245 114.1079272015234 0
147 149 2 54.982016204999994 115.51060114020447 0
145 153 8 55.31763712 116.13871492059137 0
154 158 4 55.10417842 115.73729425550697 0
148 146 -2 54.798253124999995 115.17336508171876 0
154 144 -10 54.38769544499999 114.43418791657702 0
153 138 -15 54.137614604999996 113.99213804361088 0
148 148 0 54.910982444999995 115.37972546177602 0
144 141 -3 54.756925845 115.09810546001933 0
153 145 -8 54.46974380499999 114.58048458114743 0
146 143 -3 54.76555042 115.11379442161098 0
147 142 -5 54.63536804499999 114.87790086633122 0
149 140 -9 54.40916260499999 114.47240136559138 0
147 147 0 54.917771124999994 115.39220441871126 0
146 142 -4 54.665028879999994 114.93147650956354 0
151 153 2 55.020683919999996 115.58212998143297 0
146 147 1 54.95839904499999 115.4670133268043 0
155 138 -17 54.03999999999999 113.82104000000001 0
150 134 -16 54.025190079999994 113.79514734089729 0
145 143 -2 54.80855704499999 115.19216140190422 0
139 134 -5 54.64060882 114.88736000803625 0
149 136 -13 54.203422245 114.1079272015234 0
141 133 -8 54.455521645 114.5550780527096 0
139 131 -8 54.43593378 114.52011922601594 0
140 133 -7 54.522900205 114.67562504237154 0
137 145 8 55.356472 116.21252702656001 0
139 145 6 55.25088112499999 116.01241205236126 0
144 152 8 55.291647999999995 116.08945753088001 0
140 141 1 54.95333031999999 115.45766824842177 0
149 136 -13 54.21435112499999 114.12719235541127 0
149 134 -15 54.07878164499999 113.88892466013792 0
142 138 -4 54.689388179999995 114.97555025629369 0
139 132 -7 54.522900205 114.67562504237154 0
143 135 -8 54.459079044999996 114.56143110735822 0
139 135 -4 54.69286312 114.98184304185665 0
139 134 -5 54.616127999999996 114.84320030208 0
141 130 -11 54.272450004999996 114.22978287351974 0
139 141 2 55.01564960499999 115.57280569679588 0
137 142 5 55.195127244999995 115.90746794738912 0
145 149 4 55.094199999999994 115.71869816 0
140 136 -4 54.694600124999994 114.98498911128377 0
145 136 -9 54.38948608 114.43737370800129 0
145 137 -8 54.448403125 114.54236909046875 0
140 141 1 54.975274645 115.4981512553486 0
141 133 -8 54.453742479999995 114.55190116901312 0
144 132 -12 54.25614177999999 114.20095584728392 0
140 133 -7 54.505212404999995 114.64393491471483 0
138 132 -6 54.547611045 114.71995238101972 0
139 130 -9 54.37156578 114.40550480027208 0
138 141 3 55.057516979999995 115.65045773935513 0
136 152 16 55.750384499999996 116.97666696231 0
144 139 -5 54.624878124999995 114.85897661359377 0
140 133 -7 54.526434044999995 114.6819602857468 0
141 131 -10 54.36259400499999 114.38956115649324 0
140 129 -11 54.286925124999996 114.25538959734126 0
135 134 -1 54.84282284499999 115.25476282189081 0
137 130 -7 54.47152018 114.58365933201833 0
139 134 -5 54.621379004999994 114.85266675585177 0
136 128 -8 54.42344924499999 114.49785762907561 0
137 130 -7 54.475072 114.59000812544001 0
136 127 -9 54.35541100499999 114.37680181163128 0
134 136 2 55.01564960499999 115.57280569679588 0
135 144 9 55.399947805 116.29546205231594 0
139 133 -6 54.563464499999995 114.74842478559 0
138 128 -10 54.32482792 114.32253041324097 0
137 122 -15 54.004794045 113.75951602630072 0
135 123 -12 54.188833044999996 114.08222573127372 0
131 129 -2 54.762101519999995 115.10751946401984 0
130 127 -3 54.725813204999994 115.04158169471398 0
134 131 -3 54.725813204999994 115.04158169471398 0
132 122 -10 54.3140125 114.30335862125 0
134 122 -12 54.16142481999999 114.03399023303577 0
133 118 -15 54.027042404999996 113.79838488921268 0
129 138 9 55.417595379999995 116.32921965723753 0
129 140 11 55.503684879999994 116.49468950906049 0
141 136 -5 54.638862204999995 114.88420718145048 0
130 126 -4 54.65457058 114.91257469897928 0
135 127 -8 54.41987944499999 114.49149500999499 0
137 120 -17 53.904124005 113.58410617212573 0
132 125 -7 54.50698258 114.64710497349273 0
131 117 -14 54.03074612499999 113.80485915708626 0
131 116 -15 53.98250104499999 113.7206070920278 0
130 119 -11 54.216171519999996 114.13040230486017 0
126 117 -9 54.364388979999994 114.39275037690713 0
128 116 -12 54.1687405 114.04685882533 0
127 125 -2 54.798253124999995 115.17336508171876 0
127 120 -7 54.47862257999999 114.59635597552729 0
131 124 -7 54.49635687999999 114.62808112182849 0
128 127 -1 54.81027328 115.19529340510209 0
129 127 -2 54.779333619999996 115.13888591977064 0
132 123 -9 54.35361448 114.37361135879489 0
132 125 -7 54.487493605 114.61222148226014 0
131 119 -12 54.15410418 114.02111741121769 0
132 120 -12 54.15776511999999 114.02755435147265 0
130 118 -12 54.148610444999996 114.0114600129205 0
128 117 -11 54.20524449999999 114.11113871099002 0
129 116 -13 54.119263405 113.95991342591617 0
127 127 0 54.880372005 115.32353145262228 0
127 128 1 54.97021522 115.48881186326057 0
131 127 -4 54.670253845 114.94092446779783 0
130 123 -7 54.49990002 114.63442333943786 0
131 122 -9 54.342828819999994 114.35446344954377 0
132 113 -19 53.721020499999995 113.26689816397001 0
131 121 -10 54.28149928 114.2457889782061 0
128 114 -14 53.989937004999994 113.73358120663728 0
128 115 -13 54.06771512499999 113.86954133667126 0
127 115 -12 54.170568644999996 114.05007531376941 0
124 114 -10 54.236175405 114.16569466250434 0
127 113 -14 54.015923805 113.77895544897994 0
125 122 -3 54.69980928 114.99442602811393 0
125 126 1 54.9431845 115.43897294081 0
128 127 -1 54.823992 115.22034208704001 0
128 114 -14 54.05109442 113.84044793301896 0
129 114 -15 53.948977844999995 113.66216793742582 0
129 109 -20 53.635085124999996 113.11878074747875 0
125 115 -10 54.276070645 114.2361860772966 0
125 113 -12 54.10456012499999 113.93411443541626 0
125 113 -12 54.144946405 114.00502042020084 0
125 116 -9 54.297768444999996 114.27458400798551 0
124 117 -7 54.432368319999995 114.51375996939777 0
126 113 -13 54.065869619999994 113.86630982925865 0
126 125 -1 54.80684049999999 115.18902919417 0
125 117 -8 54.385904499999995 114.43100188129 0
130 117 -13 54.080624979999996 113.89215426207689 0
127 117 -10 54.30318592 114.28417780834305 0
125 115 -10 54.252514319999996 114.19454703158976 0
128 112 -16 53.87599967999999 113.53523372947969 0
126 120 -6 54.54584799999999 114.71678763712 0
125 118 -7 54.455521645 114.5550780527096 0
128 121 -7 54.487493605 114.61222148226014 0
127 139 12 55.612372644999994 116.70555147345492 0
127 117 -10 54.277880499999995 114.23938729807001 0
136 115 -21 53.63700161999999 113.12207901892538 0
127 127 0 54.88548072 115.33290154222657 0
126 140 14 55.704138 116.88538252152001 0
132 137 5 55.17536384499999 115.8703831329722 0
131 126 -5 54.60561762 114.82426137654265 0
130 126 -4 54.680695404999994 114.95981451227183 0
135 118 -17 53.881630124999994 113.54501341274626 0
132 121 -11 54.26339297999999 114.21377041008888 0
131 121 -10 54.28511682 114.25218964422025 0
128 119 -9 54.333832244999996 114.33850004112412 0
130 119 -11 54.239808444999994 114.172108099262 0
128 118 -10 54.286925124999996 114.25538959734126 0
128 117 -11 54.196130124999996 114.09507855625375 0
128 131 3 55.047486479999996 115.63183163124289 0
127 136 9 55.412786125 116.32001477968626 0
134 134 0 54.876964644999994 115.31728373822142 0
130 125 -5 54.58105 114.78003917000001 0
133 123 -10 54.279690044999995 114.24258826498522 0
135 118 -17 53.877876805 113.53849391326308 0
130 118 -12 54.172396479999996 114.05329153868288 0
129 119 -10 54.259767999999994 114.20736363968001 0
128 121 -7 54.466190125 114.57413437026625 0
128 123 -5 54.616127999999996 114.84320030208 0
128 121 -7 54.476847445 114.59318216831852 0
129 119 -10 54.259767999999994 114.20736363968001 0
129 138 9 55.432006404999996 116.35682651000334 0
128 144 16 55.784121279999994 117.0435459092941 0
141 132 -9 54.39664551999999 114.45011443834817 0
131 128 -3 54.73446568 115.05728960285633 0
134 131 -3 54.72408177999999 115.03843947653608 0
135 120 -15 54.001081645 113.7530339943021 0
136 129 -7 54.49635687999999 114.62808112182849 0
133 126 -7 54.462635205 114.56778321277348 0
132 131 -1 54.82056418 115.21408113820232 0
133 127 -6 54.533498005 114.69462800082827 0
133 124 -9 54.391276405 114.44055925572667 0
134 120 -14 54.076938 113.88569478648 0
132 140 8 55.345163604999996 116.19100755866988 0
131 123 -8 54.43593378 114.52011922601594 0
145 123 -22 53.68099544499999 113.19785397146299 0
129 124 -5 54.59509608 114.80531439751873 0
128 120 -8 54.40737538 114.46921824584248 0
131 114 -17 53.86285112499999 113.51240432558876 0
130 123 -7 54.45018322 114.54554668805658 0
127 120 -7 54.439498 114.52647752488001 0
129 118 -11 54.248885619999996 114.18813719128664 0
128 121 -7 54.4928125 114.62173796875001 0
127 122 -5 54.600358244999995 114.81478889592861 0
129 120 -9 54.32482792 114.32253041324097 0
129 130 1 54.97358848 115.49503831334913 0
128 138 10 55.452777999999995 116.39668266808002 0
134 132 -2 54.77761180499999 115.13575020984808 0
133 124 -9 54.369772045 114.40231656284672 0
133 124 -9 54.38232168 114.42462907847232 0
134 117 -17 53.900378124999996 113.57759359109376 0
131 121 -10 54.283308205 114.24898943789648 0
130 119 -11 54.196130124999996 114.09507855625375 0
128 124 -4 54.638862204999995 114.88420718145048 0
129 122 -7 54.448403125 114.54236909046875 0
129 121 -8 54.39664551999999 114.45011443834817 0
130 120 -10 54.274260479999995 114.23298460250112 0
128 140 12 55.59827968 116.67808243539969 0
129 143 14 55.70722978 116.89147131012808 0
141 147 6 55.195127244999995 115.90746794738912 0
130 130 0 54.907586245 115.3734848157354 0
140 135 -5 54.60386480499999 114.82110410693107 0
142 126 -16 53.984360499999994 113.72385104063001 0
137 134 -3 54.701545044999996 114.9975712371198 0
135 129 -6 54.529966644999995 114.68829460479542 0
136 127 -9 54.394856125 114.44692962073626 0
136 129 -7 54.49458484499999 114.62490966230482 0
133 129 -4 54.689388179999995 114.97555025629369 0
135 127 -8 54.41452242 114.48194927411497 0
135 133 -2 54.784497204999994 115.14829180626204 0
134 140 6 55.231244204999996 115.97539457674497 0
137 136 -1 54.82741858 115.22660222363129 0
138 126 -12 54.20524449999999 114.11113871099002 0
137 124 -13 54.146778579999996 114.00824034938873 0
136 118 -18 53.832740245 113.4601692468174 0
131 125 -6 54.529966644999995 114.68829460479542 0
130 121 -9 54.373359205 114.40869279235997 0
131 124 -7 54.476847445 114.59318216831852 0
130 126 -4 54.63012447999999 114.86843973632513 0
129 125 -4 54.65805792 114.91887617723904 0
132 122 -10 54.288733119999996 114.25858929742337 0
131 135 4 55.147289279999995 115.81780463236609 0
131 138 7 55.303028004999994 116.11101255050174 0
138 136 -2 54.768998079999996 115.12006854467073 0
133 129 -4 54.67547602 114.95037046722585 0
136 129 -7 54.510521999999995 114.65344439256 0
138 125 -13 54.170568644999996 114.05007531376941 0
135 132 -3 54.743110404999996 115.07299222144067 0
134 129 -5 54.614377045 114.84004437225829 0
136 133 -3 54.743110404999996 115.07299222144067 0
135 139 4 55.139015005 115.80233096550474 0
136 143 7 55.28839377999999 116.08329754167593 0
140 142 2 55.013970879999995 115.56969723304448 0
140 151 11 55.498925844999995 116.48550734735821 0
143 153 10 55.407974079999995 116.31080859811328 0
152 153 1 54.92963938 115.41403512875848 0
151 149 -2 54.794816004999994 115.16709799924878 0
154 141 -13 54.21435112499999 114.12719235541127 0
155 136 -19 53.930310444999996 113.62966215511952 0
149 137 -12 54.25432820499999 114.19775156743104 0
143 131 -12 54.261580644999995 114.21056715255092 0
142 134 -8 54.483946124999996 114.60587598477376 0
140 141 1 54.95333031999999 115.45766824842177 0
139 140 1 54.961776645 115.47324242820292 0
143 140 -3 54.756925845 115.09810546001933 0
140 149 9 55.38226272 116.26168675693057 0
143 156 13 55.568445405 116.62005865722568 0
151 146 -5 54.644101119999995 114.89366500007937 0
149 144 -5 54.659801125 114.92202658809876 0
150 141 -9 54.455521645 114.5550780527096 0
149 139 -10 54.351817645 114.37042065898243 0
147 145 -2 54.793096979999994 115.1639641493249 0
145 138 -7 54.51936512499999 114.66928887335877 0
149 139 -10 54.36079871999999 114.38637168992257 0
144 143 -1 54.854786579999995 115.27665423279673 0
143 141 -2 54.801689005 115.17963134211074 0
147 140 -7 54.524667279999996 114.67879277968193 0
144 150 6 55.21976872 115.95379021176257 0
145 145 0 54.917771124999994 115.39220441871126 0
153 151 -2 54.787938045 115.1545613628313 0
147 152 5 55.18030888 115.87965660451648 0
152 140 -12 54.279690044999995 114.24258826498522 0
155 133 -22 53.766596019999994 113.34564227228586 0
149 140 -9 54.448403125 114.54236909046875 0
141 135 -6 54.559943679999996 114.74209918226433 0
142 137 -5 54.645846805 114.89681716586443 0
141 143 2 54.992119245 115.5292703360869 0
140 137 -3 54.73100562 115.05100707549337 0
145 135 -10 54.332032 114.33530661376001 0
142 149 7 55.24597608 116.00315987176128 0
140 150 10 55.409578405 116.31387747046868 0
154 151 -3 54.741382079999994 115.06985211990529 0
143 141 -2 54.794816004999994 115.16709799924878 0
150 139 -11 54.32482792 114.32253041324097 0
150 135 -15 54.10456012499999 113.93411443541626 0
144 145 1 54.960088 115.47012797248001 0
141 140 -1 54.823992 115.22034208704001 0
149 139 -10 54.36259400499999 114.38956115649324 0
143 141 -2 54.80855704499999 115.19216140190422 0
142 140 -2 54.798253124999995 115.17336508171876 0
146 139 -7 54.551136205 114.72628118163698 0
145 148 3 55.042467044999995 115.6225161300658 0
144 159 15 55.66693992 116.81228093522498 0
150 151 1 54.961776645 115.47324242820292 0
150 142 -8 54.46085728 114.56460727863808 0
151 141 -10 54.373359205 114.40869279235997 0
148 139 -9 54.439498 114.52647752488001 0
144 140 -4 54.680695404999994 114.95981451227183 0
145 137 -8 54.49458484499999 114.62490966230482 0
145 167 22 55.984880125 117.44682885868376 0
144 254 110 58.91274472 126.04873154020545 0
171 242 71 57.552765044999994 121.0768631785798 0
155 247 92 58.337361445 123.5299072644435 0
171 229 58 57.123688605 119.96919887725738 0
217 162 -55 52.76790887999999 111.64545177884352 0
221 167 -54 52.84974568 111.78313645293633 0
182 156 -26 53.755218879999994 113.32597248420353 0
144 154 10 55.4208 116.33535552000001 0
143 150 7 55.290021044999996 116.0863776149503 0
159 154 -5 54.642355124999995 114.89051261419127 0
155 144 -11 54.344627204999995 114.35765538669455 0
159 147 -12 54.31761888 114.30975021915648 0
153 148 -5 54.651081999999995 114.90627234424001 0
151 147 -4 54.708485005 115.01014992782528 0
153 147 -6 54.59158642 114.79899694206297 0
151 156 5 55.13073298 115.7868529881489 0
152 164 12 55.489399405 116.46713934637218 0
159 147 -12 54.288733119999996 114.25858929742337 0
158 144 -14 54.203422245 114.1079272015234 0
154 141 -13 54.208888079999994 114.11756094884929 0
148 137 -11 54.315815844999996 114.30655454541181 0
143 142 -1 54.839401845 115.2485063241862 0
144 135 -9 54.40022338 114.45648334460553 0
146 138 -8 54.483946124999996 114.60587598477376 0
142 140 -2 54.768998079999996 115.12006854467073 0
142 136 -6 54.549373779999996 114.72311689580408 0
144 134 -10 54.332032 114.33530661376001 0
141 147 6 55.21648722 115.94761605899545 0
140 163 23 56.079531644999996 117.6403348738396 0
151 146 -5 54.656314404999996 114.91572554758719 0
144 142 -2 54.782776319999996 115.14515671781376 0
147 143 -4 54.705015644999996 115.00386101120841 0
146 142 -4 54.69980928 114.99442602811393 0
143 140 -3 54.755199999999995 115.09496704000001 0
148 135 -13 54.216171519999996 114.13040230486017 0
146 136 -10 54.351817645 114.37042065898243 0
143 142 -1 54.86161618 115.2891592043857 0
141 138 -3 54.72754431999999 115.04472370049025 0
145 137 -8 54.457300499999995 114.55825469877001 0
142 146 4 55.099190605 115.72799700133939 0
141 142 1 54.941492444999994 115.435856386594 0
149 157 8 55.28676620499999 116.08021731089303 0
144 142 -2 54.81370482 115.20155679854425 0
156 140 -16 54.10456012499999 113.93411443541626 0
149 136 -13 54.216171519999996 114.13040230486017 0
144 144 0 54.878668479999995 115.3204076943309 0
141 135 -6 54.572261125 114.76423481306126 0
148 135 -13 54.219811379999996 114.13682142563353 0
142 136 -6 54.59509608 114.80531439751873 0
139 132 -7 54.510521999999995 114.65344439256 0
142 133 -9 54.385904499999995 114.43100188129 0
139 140 1 54.944876244999996 115.44208930343461 0
138 147 9 55.39673512499999 116.28932241172876 0
142 145 3 55.047486479999996 115.63183163124289 0
142 137 -5 54.621379004999994 114.85266675585177 0
144 136 -8 54.44306098 114.53283486730089 0
144 134 -10 54.330231444999995 114.3321129374535 0
141 140 -1 54.839401845 115.2485063241862 0
140 136 -4 54.661544019999994 114.92517678033016 0
143 138 -5 54.612625779999995 114.83688821954793 0
140 133 -7 54.51759711999999 114.66612044132864 0
141 131 -10 54.34642527999999 114.36084707604994 0
141 130 -11 54.301380404999996 114.28098012667317 0
137 142 5 55.153903119999995 115.83018047606336 0
137 143 6 55.20663527999999 115.92908964220993 0
143 143 0 54.924554844999996 115.4046802708577 0
139 133 -6 54.586319605 114.78951907082838 0
143 130 -13 54.188833044999996 114.08222573127372 0
143 129 -14 54.14128112499999 113.99857976420125 0
137 135 -2 54.794816004999994 115.16709799924878 0
135 131 -4 54.656314404999996 114.91572554758719 0
139 129 -10 54.36079871999999 114.38637168992257 0
136 133 -3 54.7032805 115.00071623143 0
135 128 -7 54.510521999999995 114.65344439256 0
137 126 -11 54.272450004999996 114.22978287351974 0
135 147 12 55.535340479999995 116.55587295717889 0
133 152 19 55.943070805 117.36206397880045 0
150 140 -10 54.39306642 114.44374455991705 0
136 137 1 54.9431845 115.43897294081 0
141 123 -18 53.86285112499999 113.51240432558876 0
143 127 -16 54.03074612499999 113.80485915708626 0
135 135 0 54.878668479999995 115.3204076943309 0
130 124 -6 54.512291245 114.65661375317711 0
137 128 -9 54.373359205 114.40869279235997 0
132 127 -5 54.62837600499999 114.86528558371374 0
131 127 -4 54.663286604999996 114.92832675409714 0
134 124 -10 54.337431804999994 114.34488614968058 0
132 135 3 55.075877244999994 115.6845887577884 0
132 134 2 55.022361405 115.58523770798584 0
137 147 10 55.455968979999994 116.40281226377289 0
134 131 -3 54.73446568 115.05728960285633 0
143 130 -13 54.181531005 114.06936871609624 0
139 127 -12 54.236175405 114.16569466250434 0
135 133 -2 54.768998079999996 115.12006854467073 0
133 128 -5 54.593341405 114.80215578221834 0
137 127 -10 54.333832244999996 114.33850004112412 0
135 130 -5 54.638862204999995 114.88420718145048 0
133 125 -8 54.402011845 114.4596674335787 0
135 123 -12 54.196130124999996 114.09507855625375 0
133 138 5 55.18030888 115.87965660451648 0
130 150 20 55.99529448 117.4680096159149 0
141 138 -3 54.73446568 115.05728960285633 0
134 125 -9 54.39843460499999 114.45329901291663 0
137 125 -12 54.185182645 114.0757977481151 0
137 119 -18 53.86285112499999 113.51240432558876 0
129 127 -2 54.77244449999999 115.12634183451001 0
130 119 -11 54.239808444999994 114.172108099262 0
131 123 -8 54.40916260499999 114.47240136559138 0
130 125 -5 54.58280684499999 114.78319936272632 0
128 124 -4 54.63362049999999 114.87474737747002 0
131 120 -11 54.216171519999996 114.13040230486017 0
130 130 0 54.870146205 115.30478593232554 0
129 134 5 55.168766125 115.85801614007376 0
133 137 4 55.112485244999995 115.75278616408761 0
132 131 -1 54.83769088 115.24537777303553 0
134 125 -9 54.394856125 114.44692962073626 0
137 120 -17 53.892882645 113.56456497832491 0
134 126 -8 54.428801619999994 114.50739975371465 0
130 122 -8 54.42523368 114.50103857765569 0
131 119 -12 54.18700799999999 114.07901187072001 0
130 123 -7 54.455521645 114.5550780527096 0
128 123 -5 54.57753538 114.77371810637753 0
129 121 -8 54.432368319999995 114.51375996939777 0
129 132 3 55.100853519999994 115.73109626219585 0
129 121 -8 54.441279644999995 114.52965631556393 0
134 121 -13 54.144946405 114.00502042020084 0
130 123 -7 54.49990002 114.63442333943786 0
127 123 -4 54.649337245 114.9031208377809 0
130 119 -11 54.210709404999996 114.12077167756968 0
130 126 -4 54.670253845 114.94092446779783 0
128 123 -5 54.56874340499999 114.75791148368367 0
131 122 -9 54.367977999999994 114.39912807992 0
130 132 2 54.988752805 115.52304801989844 0
128 129 1 54.93980008 115.43273964062273 0
134 123 -11 54.27063921999999 114.22658089018857 0
132 131 -1 54.839401845 115.2485063241862 0
131 131 0 54.91946752 115.39532367241216 0
135 134 -1 54.82227824499999 115.2172117142339 0
134 121 -13 54.10088120499999 113.92766199681948 0
135 122 -13 54.10639911999999 113.93734025049537 0
133 117 -16 53.90599648 113.58736203187712 0
128 121 -7 54.44662271999999 114.53919125458945 0
128 119 -9 54.341030124999996 114.35127126443376 0
127 121 -6 54.50344192 114.64076462288897 0
128 123 -5 54.565224445 114.75158724571003 0
127 122 -5 54.59860449999999 114.81163095421002 0
129 120 -9 54.333832244999996 114.33850004112412 0
129 135 6 55.23615762 115.98465113837737 0
128 138 10 55.454373645 116.39974753624192 0
136 139 3 55.089206604999994 115.70939772706464 0
131 130 -1 54.846242605 115.26101851455888 0
136 126 -10 54.339231119999994 114.34807883120065 0
139 122 -17 53.90599648 113.58736203187712 0
134 126 -8 54.410949519999996 114.47558424344385 0
131 123 -8 54.44662271999999 114.53919125458945 0
131 126 -5 54.57753538 114.77371810637753 0
131 126 -5 54.60561762 114.82426137654265 0
130 130 0 54.89568978 115.35163640246809 0
132 125 -7 54.457300499999995 114.55825469877001 0
133 135 2 55.035770125 115.61009291413376 0
132 142 10 55.479861805 116.44876641244943 0
137 142 5 55.17041602 115.86110814209417 0
137 134 -3 54.722350045 115.03529704579272 0
139 138 -1 54.865029119999996 115.29541049278464 0
141 127 -14 54.108237804999995 113.94056579631344 0
142 130 -12 54.250700124999995 114.19134223959625 0
138 123 -15 54.049246124999996 113.83721396391375 0
134 137 3 55.060857999999996 115.65666499672001 0
133 133 0 54.91946752 115.39532367241216 0
139 131 -8 54.457300499999995 114.55825469877001 0
134 126 -8 54.44662271999999 114.53919125458945 0
134 140 6 55.254149604999995 116.01857936610165 0
135 138 3 55.089206604999994 115.70939772706464 0
144 142 -2 54.781055124999995 115.14202142237126 0
136 129 -7 54.49635687999999 114.62808112182849 0
141 126 -15 54.027042404999996 113.79838488921268 0
140 119 -21 53.67526642 113.18797951832298 0
133 125 -8 54.453742479999995 114.55190116901312 0
129 122 -7 54.44306098 114.53283486730089 0
130 126 -4 54.64060882 114.88736000803625 0
130 128 -2 54.80855704499999 115.19216140190422 0
129 127 -2 54.793096979999994 115.1639641493249 0
132 127 -5 54.59509608 114.80531439751873 0
132 136 4 55.12410178 115.77446748894393 0
132 143 11 55.52111080499999 116.52834703149958 0
137 139 2 55.013970879999995 115.56969723304448 0
137 128 -9 54.37156578 114.40550480027208 0
139 128 -11 54.25432820499999 114.19775156743104 0
138 123 -15 54.019631245 113.7854330364704 0
133 130 -3 54.73100562 115.05100707549337 0
132 130 -2 54.781055124999995 115.14202142237126 0
134 133 -1 54.82227824499999 115.2172117142339 0
133 133 0 54.924554844999996 115.4046802708577 0
134 135 1 54.93980008 115.43273964062273 0
137 131 -6 54.558182804999994 114.73893603873094 0
138 144 6 55.24434044499999 116.00007548824202 0
137 137 0 54.917771124999994 115.39220441871126 0
146 137 -9 54.43058512499999 114.51057998152126 0
139 130 -9 54.38769544499999 114.43418791657702 0
140 132 -8 54.432368319999995 114.51375996939777 0
139 126 -13 54.18335698 114.07258336329514 0
136 135 -1 54.865029119999996 115.29541049278464 0
135 129 -6 54.55289832 114.72944523868225 0
138 130 -8 54.42344924499999 114.49785762907561 0
135 128 -7 54.510521999999995 114.65344439256 0
133 125 -8 54.44306098 114.53283486730089 0
135 126 -9 54.373359205 114.40869279235997 0
133 139 6 55.227967045 115.96922271971172 0
132 148 16 55.771870719999995 117.01923232313345 0
139 138 -1 54.85307840499999 115.27352749002884 0
136 134 -2 54.768998079999996 115.12006854467073 0
139 132 -7 54.49458484499999 114.62490966230482 0
140 128 -12 54.196130124999996 114.09507855625375 0
137 133 -4 54.673735605 114.94722201812188 0
136 126 -10 54.33563218 114.3416932197097 0
137 122 -15 53.997368005 113.74655084789924 0
135 120 -15 53.98064128 113.71736286318593 0
130 128 -2 54.758651379999996 115.10124367058648 0
129 127 -2 54.79653472 115.17023164332545 0
132 142 10 55.451182044999996 116.3936176591233 0
130 141 11 55.544812979999996 116.57421761459113 0
137 141 4 55.115805804999994 115.75898170108208 0
136 135 -1 54.86161618 115.2891592043857 0
141 136 -5 54.631872644999994 114.8715936675226 0
143 132 -11 54.277880499999995 114.23938729807001 0
141 137 -4 54.659801125 114.92202658809876 0
139 134 -5 54.60211167999999 114.81794661344769 0
140 135 -5 54.64759218 114.89996911171033 0
139 139 0 54.904188805 115.36724338956495 0
139 136 -3 54.741382079999994 115.06985211990529 0
142 133 -9 54.427017805 114.50421928581409 0
140 147 7 55.290021044999996 116.0863776149503 0
139 156 17 55.771870719999995 117.01923232313345 0
151 139 -12 54.297768444999996 114.27458400798551 0
144 142 -2 54.817135119999996 115.20781937580736 0
145 147 2 55.005572605 115.55415214037114 0
145 141 -4 54.6685125 114.93777536625001 0
150 145 -5 54.64060882 114.88736000803625 0
146 141 -5 54.642355124999995 114.89051261419127 0
148 143 -5 54.63536804499999 114.87790086633122 0
147 144 -3 54.718885645 115.02901154595409 0
147 143 -4 54.69633682 114.98813496535976 0
148 143 -5 54.62312872 114.85582179575745 0
147 151 4 55.11746562 115.76207920742665 0
148 162 14 55.585731519999996 116.65365696745985 0
153 143 -10 54.38769544499999 114.43418791657702 0
154 145 -9 54.43058512499999 114.51057998152126 0
151 142 -9 54.448403125 114.54236909046875 0
147 135 -12 54.25614177999999 114.20095584728392 0
145 143 -2 54.81370482 115.20155679854425 0
143 138 -5 54.62837600499999 114.86528558371374 0
147 138 -9 54.410949519999996 114.47558424344385 0
143 136 -7 54.540557005 114.70729202909024 0
141 138 -3 54.736195245 115.0604305490824 0
142 137 -5 54.617878645 114.84635600917693 0
142 147 5 55.158860245 115.8394605633399 0
142 155 13 55.574735604999994 116.63227801677564 0
148 142 -6 54.600358244999995 114.81478889592861 0
147 143 -4 54.685911999999995 114.96925660736001 0
147 141 -6 54.561704244999994 114.7452620978294 0
146 135 -11 54.312208844999994 114.3001624465072 0
146 145 -1 54.85307840499999 115.27352749002884 0
143 144 1 54.938107405 115.42962270273233 0
149 143 -6 54.59860449999999 114.81163095421002 0
144 143 -1 54.86844082 115.30166098466776 0
146 140 -6 54.57401951999999 114.76739613743617 0
148 136 -12 54.248885619999996 114.18813719128664 0
146 147 1 54.93980008 115.43273964062273 0
143 153 10 55.424003379999995 116.3414908064745 0
151 140 -11 54.339231119999994 114.34807883120065 0
146 142 -4 54.685911999999995 114.96925660736001 0
146 138 -8 54.459079044999996 114.56143110735822 0
145 139 -6 54.600358244999995 114.81478889592861 0
144 146 2 54.980331279999994 115.50748895113409 0
144 143 -1 54.851369919999996 115.27040054698497 0
148 150 2 54.990436179999996 115.52615927149432 0
145 152 7 55.28676620499999 116.08021731089303 0
151 148 -3 54.743110404999996 115.07299222144067 0
152 143 -9 54.439498 114.52647752488001 0
152 155 3 55.045813644999996 115.62872664583442 0
150 157 7 55.270473405 116.04940630404633 0
160 143 -17 54.032597519999996 113.80809587697217 0
154 144 -10 54.4038 114.46285128000001 0
150 148 -2 54.774167244999994 115.12947816738162 0
147 146 -1 54.859909245 115.28603326108312 0
151 153 2 54.983700819999996 115.51371314145226 0
150 149 -1 54.865029119999996 115.29541049278464 0
155 150 -5 54.677216124999994 114.95351869917626 0
153 148 -5 54.63362049999999 114.87474737747002 0
154 141 -13 54.225268844999995 114.14644816394032 0
154 143 -11 54.342828819999994 114.35446344954377 0
149 153 4 55.085876125 115.70319655203626 0
147 154 7 55.252515519999996 116.01549578978816 0
155 151 -4 54.717152979999994 115.02586847653113 0
151 146 -5 54.644101119999995 114.89366500007937 0
154 138 -16 54.07878164499999 113.88892466013792 0
153 134 -19 53.90786864499999 113.5906176046706 0
146 141 -5 54.64060882 114.88736000803625 0
140 135 -5 54.617878645 114.84635600917693 0
145 134 -11 54.308600604999995 114.29376934462314 0
141 135 -6 54.59509608 114.80531439751873 0
139 140 1 54.934721124999996 115.42338825053875 0
140 136 -4 54.68765024499999 114.97240353983011 0
142 146 4 55.089206604999994 115.70939772706464 0
140 153 13 55.574735604999994 116.63227801677564 0
147 136 -11 54.323026125 114.31933573952625 0
147 136 -11 54.304991125 114.28737523844876 0
144 138 -6 54.56698408 114.75474947835329 0
140 134 -6 54.59158642 114.79899694206297 0
140 139 -1 54.82227824499999 115.2172117142339 0
140 131 -9 54.38948608 114.43737370800129 0
142 129 -13 54.201599679999994 114.10471543148033 0
139 131 -8 54.462635205 114.56778321277348 0
135 127 -8 54.43058512499999 114.51057998152126 0
136 131 -5 54.586319605 114.78951907082838 0
134 140 6 55.252515519999996 116.01549578978816 0
134 151 17 55.834445124999995 117.14376862875875 0
139 136 -3 54.753473844999995 115.0918284103647 0
139 141 2 55.01564960499999 115.57280569679588 0
141 139 -2 54.786217779999994 115.15142668787993 0
142 134 -8 54.480397405 114.59952954723018 0
144 143 -1 54.839401845 115.2485063241862 0
141 137 -4 54.7032805 115.00071623143 0
146 136 -10 54.3500205 114.36722971203001 0
142 134 -8 54.46441281999999 114.57095890992825 0
140 134 -6 54.55289832 114.72944523868225 0
140 133 -7 54.510521999999995 114.65344439256 0
139 143 4 55.13735921999999 115.79923571552857 0
138 156 18 55.823798579999995 117.12251862190874 0
144 144 0 54.880372005 115.32353145262228 0
143 140 -3 54.72408177999999 115.03843947653608 0
145 138 -7 54.54584799999999 114.71678763712 0
144 135 -9 54.42523368 114.50103857765569 0
142 139 -3 54.732735805 115.05414844504794 0
142 134 -8 54.444842005 114.53601318025477 0
143 136 -7 54.54584799999999 114.71678763712 0
140 139 -1 54.849661125 115.26727340350126 0
140 135 -5 54.62312872 114.85582179575745 0
142 132 -10 54.319421604999995 114.31294564264788 0
140 144 4 55.094199999999994 115.71869816 0
138 151 13 55.577878845 116.6383869268297 0
147 144 -3 54.72754431999999 115.04472370049025 0
142 135 -7 54.491039844999996 114.6185660410002 0
144 137 -7 54.49458484499999 114.62490966230482 0
143 133 -10 54.337431804999994 114.34488614968058 0
140 141 1 54.951640125 115.45455284129625 0
140 133 -7 54.51936512499999 114.66928887335877 0
143 135 -8 54.448403125 114.54236909046875 0
139 144 5 55.158860245 115.8394605633399 0
138 141 3 55.065867204999996 115.66597453226798 0
145 133 -12 54.219811379999996 114.13682142563353 0
141 139 -2 54.763826124999994 115.11065704721375 0
140 146 6 55.196772179999996 115.9105572601697 0
142 130 -12 54.239808444999994 114.172108099262 0
144 137 -7 54.49458484499999 114.62490966230482 0
139 130 -9 54.36259400499999 114.38956115649324 0
137 132 -5 54.589831124999996 114.79583787688875 0
137 134 -3 54.725813204999994 115.04158169471398 0
135 127 -8 54.412736124999995 114.47876687956375 0
138 124 -14 54.119263405 113.95991342591617 0
135 126 -9 54.39843460499999 114.45329901291663 0
131 129 -2 54.763826124999994 115.11065704721375 0
132 124 -8 54.441279644999995 114.52965631556393 0
132 150 18 55.861752204999995 117.19838899265298 0
131 152 21 56.019041679999994 117.51640757239232 0
152 131 -21 53.79499004499999 113.3947697142548 0
135 136 1 54.965153005 115.47947077044577 0
136 135 -1 54.870146205 115.30478593232554 0
137 134 -3 54.705015644999996 115.00386101120841 0
138 137 -1 54.863322804999996 115.29228494823158 0
138 128 -10 54.344627204999995 114.35765538669455 0
141 128 -13 54.181531005 114.06936871609624 0
137 131 -6 54.544084645 114.7136226639411 0
133 128 -5 54.589831124999996 114.79583787688875 0
135 124 -11 54.259767999999994 114.20736363968001 0
134 135 1 54.982016204999994 115.51060114020447 0
132 139 7 55.28351012499999 116.07405637614626 0
138 129 -9 54.373359205 114.40869279235997 0
135 122 -13 54.16142481999999 114.03399023303577 0
135 122 -13 54.126607605 113.97280648118614 0
132 121 -11 54.268828125 114.22337865234375 0
128 126 -2 54.80340647999999 115.18276416443713 0
129 123 -6 54.565224445 114.75158724571003 0
130 120 -10 54.28149928 114.2457889782061 0
129 125 -4 54.680695404999994 114.95981451227183 0
128 123 -5 54.57401951999999 114.76739613743617 0
130 125 -5 54.57401951999999 114.76739613743617 0
129 135 6 55.226327999999995 115.96613654592001 0
129 139 10 55.475088819999996 116.43957808457625 0
134 133 -1 54.865029119999996 115.29541049278464 0
134 127 -7 54.50344192 114.64076462288897 0
136 124 -12 54.22163084499999 114.1400305972857 0
135 122 -13 54.130277844999995 113.9792514034142 0
132 126 -6 54.57050242 114.76107326186505 0
130 122 -8 54.44306098 114.53283486730089 0
131 122 -9 54.367977999999994 114.39912807992 0
130 119 -11 54.22163084499999 114.1400305972857 0
128 122 -6 54.53879272 114.70412636709057 0
128 119 -9 54.3500205 114.36722971203001 0
128 129 1 54.97021522 115.48881186326057 0
128 137 9 55.41438952 116.32308321687617 0
131 130 -1 54.86161618 115.2891592043857 0
132 129 -3 54.717152979999994 115.02586847653113 0
132 121 -11 54.225268844999995 114.14644816394032 0
134 119 -15 54.032597519999996 113.80809587697217 0
132 121 -11 54.23799208 114.16890150961473 0
128 120 -8 54.41452242 114.48194927411497 0
128 118 -10 54.297768444999996 114.27458400798551 0
127 120 -7 54.4928125 114.62173796875001 0
127 118 -9 54.333832244999996 114.33850004112412 0
127 117 -10 54.28511682 114.25218964422025 0
127 128 1 54.96346498 115.47635669413688 0
126 121 -5 54.58807552 114.79267858653185 0
130 123 -7 54.505212404999995 114.64393491471483 0
127 122 -5 54.58807552 114.79267858653185 0
127 123 -4 54.661544019999994 114.92517678033016 0
129 120 -9 54.319421604999995 114.31294564264788 0
128 124 -4 54.642355124999995 114.89051261419127 0
128 124 -4 54.631872644999994 114.8715936675226 0
128 131 3 55.052503124999994 115.64114549953126 0
129 139 10 55.46234722 116.41506977086456 0
131 124 -7 54.46085728 114.56460727863808 0
134 121 -13 54.10088120499999 113.92766199681948 0
132 135 3 55.059187644999994 115.65356145818009 0
129 128 -1 54.859909245 115.28603326108312 0
138 126 -12 54.217991604999995 114.13361199487963 0
130 130 0 54.9092845 115.37660523619002 0
130 131 1 54.948258804999995 115.44832145456508 0
134 129 -5 54.596850444999994 114.808472788128 0
134 132 -2 54.80340647999999 115.18276416443713 0
133 123 -10 54.28149928 114.2457889782061 0
136 126 -10 54.337431804999994 114.34488614968058 0
133 126 -7 54.487493605 114.61222148226014 0
130 132 2 54.998848405 115.54171272770118 0
132 123 -9 54.385904499999995 114.43100188129 0
133 139 6 55.221409005 115.95687704147824 0
132 145 13 55.626440499999994 116.73301044767001 0
140 134 -6 54.56698408 114.75474947835329 0
136 132 -4 54.689388179999995 114.97555025629369 0
137 129 -8 54.46085728 114.56460727863808 0
138 126 -12 54.216171519999996 114.13040230486017 0
135 129 -6 54.540557005 114.70729202909024 0
133 133 0 54.890586645 115.3422698573671 0
133 131 -2 54.81027328 115.19529340510209 0
135 139 4 55.105840404999995 115.74039298828934 0
134 136 2 55.03744482 115.61319899157577 0
139 131 -8 54.43058512499999 114.51057998152126 0
139 145 6 55.242704499999995 115.99699094279 0
137 153 16 55.758065124999995 116.99187132092126 0
150 143 -7 54.559943679999996 114.74209918226433 0
142 138 -4 54.69980928 114.99442602811393 0
144 147 3 55.045813644999996 115.62872664583442 0
144 132 -12 54.26701672 114.22017615982145 0
150 139 -11 54.315815844999996 114.30655454541181 0
143 133 -10 54.32482792 114.32253041324097 0
139 146 7 55.296527004999994 116.09869633623978 0
139 142 3 55.079211445 115.69079206870902 0
147 140 -7 54.531732479999995 114.69146141810688 0
142 135 -7 54.505212404999995 114.64393491471483 0
142 151 9 55.37904322 116.25554387646345 0
142 155 13 55.58416160499999 116.65060321405038 0
156 140 -16 54.06771512499999 113.86954133667126 0
146 134 -12 54.225268844999995 114.14644816394032 0
144 131 -13 54.181531005 114.06936871609624 0
141 131 -10 54.369772045 114.40231656284672 0
134 137 3 55.0441405 115.62562147883 0
137 128 -9 54.380529804999995 114.42144231061394 0
139 130 -9 54.40916260499999 114.47240136559138 0
136 134 -2 54.80340647999999 115.18276416443713 0
134 136 2 55.007252879999996 115.55726152930754 0
137 132 -5 54.617878645 114.84635600917693 0
137 148 11 55.468720499999996 116.42732504097 0
137 159 22 56.035321845 117.5496691735087 0
149 152 3 55.04915900499999 115.63493643521929 0
143 147 4 55.13404672 115.79304469766144 0
148 142 -6 54.58456337999999 114.78635932961448 0
151 139 -12 54.257955044999996 114.2041598713123 0
149 141 -8 54.46085728 114.56460727863808 0
145 143 -2 54.81027328 115.19529340510209 0
145 142 -3 54.725813204999994 115.04158169471398 0
146 141 -5 54.642355124999995 114.89051261419127 0
145 138 -7 54.529966644999995 114.68829460479542 0
146 137 -9 54.402011845 114.4596674335787 0
144 152 8 55.304652479999994 116.11409121357313 0
142 161 19 55.85114471999999 117.17715155403457 0
154 151 -3 54.736195245 115.0604305490824 0
147 143 -4 54.685911999999995 114.96925660736001 0
151 141 -10 54.4038 114.46285128000001 0
149 134 -15 54.0953605 113.91798131537001 0
145 138 -7 54.515828805 114.66295177739758 0
142 134 -8 54.47152018 114.58365933201833 0
141 136 -5 54.60386480499999 114.82110410693107 0
140 137 -3 54.750020604999996 115.08555052159063 0
139 137 -2 54.801689005 115.17963134211074 0
141 135 -6 54.575777605 114.77055723515363 0
140 149 9 55.40155367999999 116.29853165322433 0
140 160 20 55.917567999999996 117.31056583168001 0
151 144 -7 54.531732479999995 114.69146141810688 0
146 138 -8 54.49635687999999 114.62808112182849 0
147 137 -10 54.378737619999995 114.41825529823737 0
144 133 -11 54.276070645 114.2361860772966 0
139 139 0 54.873556045 115.3110352318928 0
140 135 -5 54.62312872 114.85582179575745 0
142 141 -1 54.846242605 115.26101851455888 0
140 143 3 55.03744482 115.61319899157577 0
142 144 2 55.019006125 115.57902207082626 0
143 146 3 55.042467044999995 115.6225161300658 0
145 159 14 55.628002044999995 116.73606082876921 0
148 168 20 55.8723445 117.21962164399001 0
158 153 -5 54.651081999999995 114.90627234424001 0
156 155 -1 54.835979605 115.24224902013414 0
156 151 -5 54.645846805 114.89681716586443 0
157 145 -12 54.294155245 114.2681868810749 0
156 152 -4 54.694600124999994 114.98498911128377 0
152 147 -5 54.626627219999996 114.86213120952456 0
156 150 -6 54.58456337999999 114.78635932961448 0
152 153 1 54.948258804999995 115.44832145456508 0
152 149 -3 54.732735805 115.05414844504794 0
156 151 -5 54.663286604999996 114.92832675409714 0
153 161 8 55.28676620499999 116.08021731089303 0
155 171 16 55.67004658 116.81837531005672 0
163 164 1 54.94994962 115.45143724339864 0
163 155 -8 54.505212404999995 114.64393491471483 0
164 157 -7 54.593341405 114.80215578221834 0
160 160 0 54.907586245 115.3734848157354 0
160 159 -1 54.846242605 115.26101851455888 0
165 157 -8 54.51936512499999 114.66928887335877 0
163 154 -9 54.49458484499999 114.62490966230482 0
162 157 -5 54.661544019999994 114.92517678033016 0
161 159 -2 54.80340647999999 115.18276416443713 0
162 153 -9 54.462635205 114.56778321277348 0
163 164 1 54.944876244999996 115.44208930343461 0
159 173 14 55.57001842 116.62311368995304 0
167 157 -10 54.444842005 114.53601318025477 0
168 150 -18 54.036299379999996 113.81456848946152 0
161 147 -14 54.190657779999995 114.08543932994009 0
154 138 -16 54.06217768 113.85984599567169 0
148 145 -3 54.74829352 115.08241126212417 0
146 143 -3 54.746566124999994 115.07927179238627 0
148 141 -7 54.55289832 114.72944523868225 0
146 142 -4 54.68765024499999 114.97240353983011 0
145 139 -6 54.579292845 114.7768787512717 0
147 141 -6 54.60561762 114.82426137654265 0
145 164 19 55.82988417999999 117.13466209013768 0
145 170 25 56.13658727999999 117.75810168000193 0
159 147 -12 54.312208844999994 114.3001624465072 0
152 154 2 54.98706912 115.51993658113537 0
149 150 1 54.944876244999996 115.44208930343461 0
153 145 -8 54.47152018 114.58365933201833 0
152 149 -3 54.73100562 115.05100707549337 0
150 143 -7 54.515828805 114.66295177739758 0
153 145 -8 54.487493605 114.61222148226014 0
149 144 -5 54.651081999999995 114.90627234424001 0
148 142 -6 54.559943679999996 114.74209918226433 0
149 142 -7 54.5282005 114.68512756073001 0
147 155 8 55.33060191999999 116.16332873583104 0
147 156 9 55.356472 116.21252702656001 0
157 149 -8 54.483946124999996 114.60587598477376 0
151 141 -10 54.36259400499999 114.38956115649324 0
151 139 -12 54.27063921999999 114.22658089018857 0
148 139 -9 54.39843460499999 114.45329901291663 0
143 144 1 54.95333031999999 115.45766824842177 0
143 138 -5 54.60912232 114.83057524480577 0
147 139 -8 54.487493605 114.61222148226014 0
143 141 -2 54.786217779999994 115.15142668787993 0
143 138 -5 54.607370124999996 114.82741842244626 0
145 134 -11 54.323026125 114.31933573952625 0
143 148 5 55.139015005 115.80233096550474 0
140 151 11 55.484632 116.45795349824002 0
151 151 0 54.926249999999996 115.40779875000001 0
144 140 -4 54.708485005 115.01014992782528 0
150 137 -13 54.23435841999999 114.16248755776697 0
149 136 -13 54.22163084499999 114.1400305972857 0
143 143 0 54.878668479999995 115.3204076943309 0
141 139 -2 54.779333619999996 115.13888591977064 0
145 141 -4 54.711953124999994 115.01643798828127 0
142 143 1 54.97864604499999 115.50437657407721 0
144 145 1 54.975274645 115.4981512553486 0
146 148 2 55.002211124999995 115.54793280574876 0
147 156 9 55.367765205 116.23403911375654 0
150 158 8 55.296527004999994 116.09869633623978 0
155 153 -2 54.793096979999994 115.1639641493249 0
156 145 -11 54.367977999999994 114.39912807992 0
156 141 -15 54.12109992 113.96313709149504 0
153 137 -16 54.04554860499999 113.83074520251738 0
147 148 1 54.951640125 115.45455284129625 0
143 144 1 54.93980008 115.43273964062273 0
152 142 -10 54.394856125 114.44692962073626 0
145 145 0 54.9092845 115.37660523619002 0
145 143 -2 54.80855704499999 115.19216140190422 0
149 139 -10 54.369772045 114.40231656284672 0
148 153 5 55.152250124999995 115.82708677196626 0
145 156 11 55.454373645 116.39974753624192 0
157 154 -3 54.762101519999995 115.10751946401984 0
149 146 -3 54.74829352 115.08241126212417 0
153 140 -13 54.21253041999999 114.12398214636904 0
153 134 -19 53.89850472 113.57433686948545 0
147 142 -5 54.645846805 114.89681716586443 0
141 139 -2 54.80684049999999 115.18902919417 0
145 138 -7 54.515828805 114.66295177739758 0
142 140 -2 54.811989204999996 115.19842520392748 0
141 137 -4 54.685911999999995 114.96925660736001 0
144 133 -11 54.31040487999999 114.29696602101953 0
142 144 2 54.980331279999994 115.50748895113409 0
139 161 22 56.02792642 117.53455145739704 0
147 146 -1 54.866735125 115.29853583820875 0
146 142 -4 54.673735605 114.94722201812188 0
146 135 -11 54.288733119999996 114.25858929742337 0
144 132 -12 54.22163084499999 114.1400305972857 0
140 135 -5 54.649337245 114.9031208377809 0
138 128 -10 54.341030124999996 114.35127126443376 0
139 132 -7 54.508752445 114.6502747993865 0
136 137 1 54.96684071999999 115.48258465729344 0
135 141 6 55.239431679999996 115.99082136543232 0
138 125 -13 54.122936124999995 113.96636048912376 0
139 133 -6 54.54584799999999 114.71678763712 0
136 137 1 54.97358848 115.49503831334913 0
132 142 10 55.470313045 116.43038851019622 0
137 133 -4 54.69980928 114.99442602811393 0
138 129 -9 54.391276405 114.44055925572667 0
139 126 -13 54.148610444999996 114.0114600129205 0
136 132 -4 54.673735605 114.94722201812188 0
132 125 -7 54.4928125 114.62173796875001 0
135 125 -10 54.30679601999999 114.29057241715417 0
132 125 -7 54.46085728 114.56460727863808 0
130 124 -6 54.53526322 114.69779435312344 0
130 124 -6 54.55289832 114.72944523868225 0
129 134 5 55.1770125 115.87347445875001 0
129 143 14 55.69175848 116.86102277089088 0
134 132 -2 54.801689005 115.17963134211074 0
134 128 -6 54.579292845 114.7768787512717 0
135 126 -9 54.39306642 114.44374455991705 0
135 123 -12 54.185182645 114.0757977481151 0
132 126 -6 54.55289832 114.72944523868225 0
131 122 -9 54.3500205 114.36722971203001 0
130 126 -4 54.649337245 114.9031208377809 0
129 123 -6 54.514060179999994 114.6597828814017 0
129 124 -5 54.57401951999999 114.76739613743617 0
129 121 -8 54.428801619999994 114.50739975371465 0
128 129 1 54.98538512499999 115.51682495504126 0
128 143 15 55.727296124999995 116.93103735533626 0
131 120 -11 54.228905604999994 114.15286469615438 0
133 119 -14 54.071405205 113.87600353355404 0
130 118 -12 54.137614604999996 113.99213804361088 0
128 119 -9 54.351817645 114.37042065898243 0
124 122 -2 54.75174738 115.08868957094953 0
125 113 -12 54.148610444999996 114.0114600129205 0
126 114 -12 54.11742658 113.95668949222329 0
125 115 -10 54.272450004999996 114.22978287351974 0
123 115 -8 54.39843460499999 114.45329901291663 0
124 114 -10 54.257955044999996 114.2041598713123 0
123 139 16 55.84659400499999 117.16804831520429 0
123 138 15 55.79787944499999 117.07089058458251 0
138 133 -5 54.612625779999995 114.83688821954793 0
126 124 -2 54.793096979999994 115.1639641493249 0
131 120 -11 54.25432820499999 114.19775156743104 0
134 119 -15 53.975060125 113.70762849358375 0
129 124 -5 54.621379004999994 114.85266675585177 0
127 114 -13 54.093519645 113.9147538812836 0
128 115 -13 54.108237804999995 113.94056579631344 0
126 121 -5 54.559943679999996 114.74209918226433 0
123 114 -9 54.29957458 114.27778219327529 0
126 113 -13 54.064023805 113.86307804898007 0
123 125 2 55.002211124999995 115.54793280574876 0
123 135 12 55.61393697999999 116.7086029653849 0
127 121 -6 54.505212404999995 114.64393491471483 0
127 117 -10 54.279690044999995 114.24258826498522 0
126 116 -10 54.27063921999999 114.22658089018857 0
127 116 -11 54.190657779999995 114.08543932994009 0
124 120 -4 54.617878645 114.84635600917693 0
124 116 -8 54.385904499999995 114.43100188129 0
125 113 -12 54.124772019999995 113.96958361896617 0
124 116 -8 54.37694512499999 114.41506804117876 0
123 115 -8 54.36079871999999 114.38637168992257 0
124 112 -12 54.130277844999995 113.9792514034142 0
123 121 -2 54.763826124999994 115.11065704721375 0
123 131 8 55.388698 116.27397074312 0
125 124 -1 54.83769088 115.24537777303553 0
126 115 -11 54.21435112499999 114.12719235541127 0
126 112 -14 54.019631245 113.7854330364704 0
127 112 -15 53.928442 113.62641001304002 0
123 116 -7 54.466190125 114.57413437026625 0
123 117 -6 54.540557005 114.70729202909024 0
123 117 -6 54.512291245 114.65661375317711 0
123 118 -5 54.589831124999996 114.79583787688875 0
123 114 -9 54.29054080499999 114.26178874463044 0
124 111 -13 54.07324978 113.87923422335193 0
124 125 1 54.971902005 115.49192518270775 0
123 121 -2 54.741382079999994 115.06985211990529 0
128 120 -8 54.38948608 114.43737370800129 0
124 113 -11 54.192482205 114.08865266688298 0
124 110 -14 54.023337444999996 113.79190951611102 0
125 107 -18 53.703883645 113.23732424711193 0
123 115 -8 54.364388979999994 114.39275037690713 0
122 114 -8 54.39843460499999 114.45329901291663 0
122 112 -10 54.21435112499999 114.12719235541127 0
121 113 -8 54.35720721999999 114.37999201765544 0
121 113 -8 54.38769544499999 114.43418791657702 0
122 108 -14 53.993653124999994 113.74006658578125 0
122 119 -3 54.69286312 114.98184304185665 0
122 112 -10 54.25614177999999 114.20095584728392 0
123 112 -11 54.166912045 114.0436420732008 0
122 115 -7 54.42344924499999 114.49785762907561 0
121 112 -9 54.304991125 114.28737523844876 0
123 108 -15 53.911612045 113.59712789003922 0
122 115 -7 54.448403125 114.54236909046875 0
122 115 -7 54.427017805 114.50421928581409 0
122 118 -4 54.63012447999999 114.86843973632513 0
122 126 4 55.15555580499999 115.83327400921544 0
122 124 2 55.03911920499999 115.61630488660253 0
126 119 -7 54.485720019999995 114.60904885094217 0
126 132 6 55.28351012499999 116.07405637614626 0
127 130 3 55.10417842 115.73729425550697 0
135 130 -5 54.637115279999996 114.88105413427009 0
130 123 -7 54.448403125 114.54236909046875 0
131 125 -6 54.54584799999999 114.71678763712 0
132 118 -14 54.052942404999996 113.84368162794733 0
129 121 -8 54.40737538 114.46921824584248 0
128 118 -10 54.277880499999995 114.23938729807001 0
126 121 -5 54.57401951999999 114.76739613743617 0
126 122 -4 54.621379004999994 114.85266675585177 0
125 119 -6 54.5282005 114.68512756073001 0
126 120 -6 54.51759711999999 114.66612044132864 0
126 131 5 55.196772179999996 115.9105572601697 0
126 132 6 55.254149604999995 116.01857936610165 0
131 134 3 55.060857999999996 115.65666499672001 0
129 124 -5 54.612625779999995 114.83688821954793 0
133 121 -12 54.192482205 114.08865266688298 0
133 118 -15 53.98621964499999 113.72709470915642 0
129 120 -9 54.34642527999999 114.36084707604994 0
127 118 -9 54.364388979999994 114.39275037690713 0
126 121 -5 54.610874204999995 114.83373184378505 0
126 123 -3 54.711953124999994 115.01643798828127 0
126 126 0 54.870146205 115.30478593232554 0
127 120 -7 54.44662271999999 114.53919125458945 0
128 137 9 55.432006404999996 116.35682651000334 0
127 149 22 56.132215125 117.74904645760876 0
139 144 5 55.14563504499999 115.81471024285023 0
132 126 -6 54.540557005 114.70729202909024 0
137 129 -8 54.412736124999995 114.47876687956375 0
137 121 -16 53.965751999999995 113.69139892416001 0
130 128 -2 54.750020604999996 115.08555052159063 0
129 122 -7 54.491039844999996 114.6185660410002 0
130 125 -5 54.57753538 114.77371810637753 0
129 124 -5 54.607370124999996 114.82741842244626 0
128 122 -6 54.531732479999995 114.69146141810688 0
129 123 -6 54.547611045 114.71995238101972 0
128 135 7 55.320880179999996 116.14486929847833 0
128 152 24 56.213368644999996 117.91798132830692 0
134 129 -5 54.60386480499999 114.82110410693107 0
134 129 -5 54.596850444999994 114.808472788128 0
135 127 -8 54.44662271999999 114.53919125458945 0
133 123 -10 54.323026125 114.31933573952625 0
129 124 -5 54.58105 114.78003917000001 0
130 121 -9 54.337431804999994 114.34488614968058 0
129 122 -7 54.448403125 114.54236909046875 0
128 129 1 54.97864604499999 115.50437657407721 0
127 129 2 55.008932845 115.56037073287919 0
130 130 0 54.870146205 115.30478593232554 0
129 140 11 55.50209884499999 116.49162892426281 0
131 154 23 56.161310125 117.80940328135375 0
139 132 -7 54.512291245 114.65661375317711 0
140 133 -7 54.498128605 114.63125234748489 0
139 127 -12 54.20524449999999 114.11113871099002 0
136 125 -11 54.24707080499999 114.18493188649708 0
131 131 0 54.893989045 115.34851441716572 0
131 125 -6 54.529966644999995 114.68829460479542 0
133 128 -5 54.612625779999995 114.83688821954793 0
131 136 5 55.18360402 115.88583807698984 0
130 131 1 54.97864604499999 115.50437657407721 0
135 126 -9 54.39306642 114.44374455991705 0
133 139 6 55.25088112499999 116.01241205236126 0
132 137 5 55.211562644999994 115.93835359404741 0
142 135 -7 54.51759711999999 114.66612044132864 0
135 137 2 54.993801999999995 115.53238121384001 0
137 138 1 54.971902005 115.49192518270775 0
140 132 -8 54.427017805 114.50421928581409 0
141 129 -12 54.228905604999994 114.15286469615438 0
138 127 -11 54.276070645 114.2361860772966 0
135 135 0 54.9092845 115.37660523619002 0
133 143 10 55.479861805 116.44876641244943 0
137 139 2 55.02739199999999 115.59455978496001 0
137 132 -5 54.638862204999995 114.88420718145048 0
138 141 3 55.06252804499999 115.65976835513872 0
138 147 9 55.411182419999996 116.31694619760505 0
143 143 0 54.90079012499999 115.36100118195375 0
143 139 -4 54.677216124999994 114.95351869917626 0
143 137 -6 54.551136205 114.72628118163698 0
144 132 -12 54.25432820499999 114.19775156743104 0
142 141 -1 54.834268019999996 115.23912006531816 0
139 136 -3 54.746566124999994 115.07927179238627 0
143 135 -8 54.44306098 114.53283486730089 0
139 138 -1 54.825705445 115.22347225678452 0
138 137 -1 54.83769088 115.24537777303553 0
141 135 -6 54.54584799999999 114.71678763712 0
140 146 6 55.203348819999995 115.92291284608376 0
139 159 20 55.92357672 117.32268539550145 0
147 141 -6 54.589831124999996 114.79583787688875 0
146 146 0 54.878668479999995 115.3204076943309 0
144 140 -4 54.673735605 114.94722201812188 0
145 134 -11 54.297768444999996 114.27458400798551 0
144 144 0 54.88377812499999 115.32977837640627 0
140 139 -1 54.859909245 115.28603326108312 0
147 141 -6 54.563464499999995 114.74842478559 0
142 145 3 55.04915900499999 115.63493643521929 0
142 150 8 55.314392819999995 116.13255992446825 0
147 144 -3 54.72754431999999 115.04472370049025 0
149 156 7 55.24597608 116.00315987176128 0
148 158 10 55.417595379999995 116.32921965723753 0
157 156 -1 54.859909245 115.28603326108312 0
155 145 -10 54.42166449999999 114.49467643991001 0
156 142 -14 54.192482205 114.08865266688298 0
153 140 -13 54.23435841999999 114.16248755776697 0
147 148 1 54.951640125 115.45455284129625 0
144 148 4 55.099190605 115.72799700133939 0
151 142 -9 54.42523368 114.50103857765569 0
148 145 -3 54.729275125 115.04786549402877 0
146 142 -4 54.691125805 114.97869675691459 0
148 140 -8 54.498128605 114.63125234748489 0
147 151 4 55.097527379999995 115.72489756413049 0
145 170 25 56.12200257999999 117.72791522201274 0
153 141 -12 54.28149928 114.2457889782061 0
154 141 -13 54.2416245 114.17531443161 0
148 138 -10 54.39664551999999 114.45011443834817 0
141 129 -12 54.219811379999996 114.13682142563353 0
136 139 3 55.03911920499999 115.61630488660253 0
138 135 -3 54.720617999999995 115.03215440232 0
140 136 -4 54.656314404999996 114.91572554758719 0
137 134 -3 54.750020604999996 115.08555052159063 0
137 133 -4 54.64759218 114.89996911171033 0
139 129 -10 54.351817645 114.37042065898243 0
137 144 7 55.285138319999994 116.07713692243777 0
135 154 19 55.931080644999994 117.3378328044266 0
147 141 -6 54.58280684499999 114.78319936272632 0
140 147 7 55.263947605 116.03707744977638 0
142 144 2 54.990436179999996 115.52615927149432 0
146 138 -8 54.49635687999999 114.62808112182849 0
148 145 -3 54.756925845 115.09810546001933 0
144 144 0 54.914377404999996 115.38596532899768 0
148 143 -5 54.64060882 114.88736000803625 0
146 145 -1 54.871851279999994 115.30791068134593 0
146 144 -2 54.799971219999996 115.17649831459258 0
149 142 -7 54.51759711999999 114.66612044132864 0
148 154 6 55.224688645 115.9630502083931 0
146 155 9 55.370989044999995 116.2401840766118 0
157 156 -1 54.847952019999994 115.26414605941385 0
151 150 -1 54.871851279999994 115.30791068134593 0
155 144 -11 54.348223045 114.36403851777379 0
156 138 -18 53.97692082 113.71087356412777 0
150 147 -3 54.72408177999999 115.03843947653608 0
144 143 -1 54.834268019999996 115.23912006531816 0
149 148 -1 54.839401845 115.2485063241862 0
145 148 3 55.0441405 115.62562147883 0
148 143 -5 54.638862204999995 114.88420718145048 0
150 141 -9 54.43058512499999 114.51057998152126 0
147 150 3 55.06252804499999 115.65976835513872 0
146 154 8 55.33384002 116.16948065388218 0
153 152 -1 54.863322804999996 115.29228494823158 0
151 142 -9 54.439498 114.52647752488001 0
152 139 -13 54.23072352 114.15607257475585 0
149 137 -12 54.274260479999995 114.23298460250112 0
144 152 8 55.33869484499999 116.1787073844652 0
141 149 8 55.348396124999994 116.19715673447627 0
155 157 2 54.99716658 115.53860240948329 0
146 164 18 55.819231124999995 117.11340995245126 0
153 159 6 55.195127244999995 115.90746794738912 0
162 159 -3 54.762101519999995 115.10751946401984 0
159 167 8 55.29815272 116.10177562442945 0
161 172 11 55.424003379999995 116.3414908064745 0
171 177 6 55.16546540499999 115.85183162745818 0
170 170 0 54.88377812499999 115.32977837640627 0
175 161 -14 54.29054080499999 114.26178874463044 0
172 158 -14 54.250700124999995 114.19134223959625 0
167 165 -2 54.817135119999996 115.20781937580736 0
162 158 -4 54.720617999999995 115.03215440232 0
169 159 -10 54.43058512499999 114.51057998152126 0
163 162 -1 54.84282284499999 115.25476282189081 0
161 160 -1 54.834268019999996 115.23912006531816 0
166 159 -7 54.58280684499999 114.78319936272632 0
163 166 3 55.065867204999996 115.66597453226798 0
163 174 11 55.415992605 116.32615150933864 0
169 167 -2 54.793096979999994 115.1639641493249 0
171 161 -10 54.46085728 114.56460727863808 0
167 159 -8 54.53526322 114.69779435312344 0
165 155 -10 54.453742479999995 114.55190116901312 0
164 160 -4 54.725813204999994 115.04158169471398 0
161 154 -7 54.56874340499999 114.75791148368367 0
164 155 -9 54.489266879999995 114.61539387889152 0
159 160 1 54.938107405 115.42962270273233 0
158 153 -5 54.656314404999996 114.91572554758719 0
163 149 -14 54.23072352 114.15607257475585 0
157 162 5 55.12741799999999 115.78066058568001 0
153 165 12 55.463941004999995 116.41813379769874 0
166 161 -5 54.670253845 114.94092446779783 0
160 153 -7 54.58105 114.78003917000001 0
160 152 -8 54.508752445 114.6502747993865 0
159 149 -10 54.412736124999995 114.47876687956375 0
156 154 -2 54.782776319999996 115.14515671781376 0
154 147 -7 54.53526322 114.69779435312344 0
157 149 -8 54.491039844999996 114.6185660410002 0
152 153 1 54.97021522 115.48881186326057 0
151 148 -3 54.75174738 115.08868957094953 0
156 146 -10 54.40022338 114.45648334460553 0
152 162 10 55.391913779999996 116.28011185146408 0
150 154 4 55.089206604999994 115.70939772706464 0
166 161 -5 54.656314404999996 114.91572554758719 0
154 150 -4 54.705015644999996 115.00386101120841 0
156 153 -3 54.763826124999994 115.11065704721375 0
157 150 -7 54.565224445 114.75158724571003 0
154 157 3 55.03074418 115.60077358567769 0
155 151 -4 54.67895591999999 114.95666671413697 0
158 149 -9 54.43593378 114.52011922601594 0
155 148 -7 54.558182804999994 114.73893603873094 0
151 146 -5 54.64060882 114.88736000803625 0
153 143 -10 54.38232168 114.42462907847232 0
151 155 4 55.10417842 115.73729425550697 0
148 156 8 55.325742444999996 116.15409970898352 0
158 161 3 55.045813644999996 115.62872664583442 0
152 151 -1 54.846242605 115.26101851455888 0
158 149 -9 54.444842005 114.53601318025477 0
156 156 0 54.914377404999996 115.38596532899768 0
152 158 6 55.18360402 115.88583807698984 0
160 148 -12 54.315815844999996 114.30655454541181 0
157 151 -6 54.58456337999999 114.78635932961448 0
152 155 3 55.060857999999996 115.65666499672001 0
153 142 -11 54.32482792 114.32253041324097 0
158 141 -17 54.06033124499999 113.85661366916962 0
149 152 3 55.057516979999995 115.65045773935513 0
144 158 14 55.609243045 116.6994481166963 0
155 150 -5 54.652826444999995 114.90942363125151 0
151 141 -10 54.367977999999994 114.39912807992 0
151 138 -13 54.219811379999996 114.13682142563353 0
146 136 -10 54.369772045 114.40231656284672 0
142 144 2 54.988752805 115.52304801989844 0
140 135 -5 54.642355124999995 114.89051261419127 0
146 137 -9 54.391276405 114.44055925572667 0
141 139 -2 54.782776319999996 115.14515671781376 0
138 137 -1 54.841112499999994 115.25163467375 0
142 136 -6 54.579292845 114.7768787512717 0
140 160 20 55.90553568 117.28632229498369 0
140 168 28 56.30066178 118.10179116985609 0
162 147 -15 54.146778579999996 114.00824034938873 0
148 147 -1 54.82741858 115.22660222363129 0
144 144 0 54.904188805 115.36724338956495 0
147 139 -8 54.457300499999995 114.55825469877001 0
145 148 3 55.034095119999996 115.60698665411265 0
145 139 -6 54.59509608 114.80531439751873 0
150 136 -14 54.144946405 114.00502042020084 0
144 137 -7 54.540557005 114.70729202909024 0
139 135 -4 54.652826444999995 114.90942363125151 0
141 133 -8 54.475072 114.59000812544001 0
139 142 3 55.052503124999994 115.64114549953126 0
137 141 4 55.095863845 115.72179795040532 0
144 143 -1 54.858202 115.28290711816001 0
140 145 5 55.193481999999996 115.90437846776001 0
144 139 -5 54.607370124999996 114.82741842244626 0
147 131 -16 54.05663744499999 113.850148195929 0
144 137 -7 54.531732479999995 114.69146141810688 0
138 133 -5 54.64060882 114.88736000803625 0
139 128 -11 54.28511682 114.25218964422025 0
137 130 -7 54.501671124999994 114.63759409785126 0
134 129 -5 54.60386480499999 114.82110410693107 0
133 129 -4 54.689388179999995 114.97555025629369 0
133 140 7 55.285138319999994 116.07713692243777 0
133 148 15 55.738079379999995 116.95233427761849 0
139 143 4 55.099190605 115.72799700133939 0
139 132 -7 54.47862257999999 114.59635597552729 0
141 129 -12 54.239808444999994 114.172108099262 0
138 129 -9 54.4038 114.46285128000001 0
134 135 1 54.96346498 115.47635669413688 0
133 127 -6 54.561704244999994 114.7452620978294 0
136 127 -9 54.38232168 114.42462907847232 0
133 129 -4 54.680695404999994 114.95981451227183 0
131 128 -3 54.729275125 115.04786549402877 0
132 127 -5 54.600358244999995 114.81478889592861 0
131 135 4 55.11082449999999 115.74968813311 0
131 138 7 55.306276645 116.1171697207746 0
136 139 3 55.07254180499999 115.67838473228194 0
135 130 -5 54.600358244999995 114.81478889592861 0
138 125 -13 54.16142481999999 114.03399023303577 0
137 125 -12 54.188833044999996 114.08222573127372 0
132 127 -5 54.60561762 114.82426137654265 0
129 123 -6 54.53702812499999 114.70096047515625 0
130 126 -4 54.642355124999995 114.89051261419127 0
129 127 -2 54.793096979999994 115.1639641493249 0
129 128 -1 54.815420124999996 115.20468818911625 0
130 124 -6 54.54584799999999 114.71678763712 0
130 134 4 55.105840404999995 115.74039298828934 0
129 130 1 54.983700819999996 115.51371314145226 0
135 129 -6 54.572261125 114.76423481306126 0
131 131 0 54.871851279999994 115.30791068134593 0
132 129 -3 54.75174738 115.08868957094953 0
134 128 -6 54.558182804999994 114.73893603873094 0
133 138 5 55.172065605 115.86419997480814 0
132 131 -1 54.865029119999996 115.29541049278464 0
139 135 -4 54.69980928 114.99442602811393 0
134 135 1 54.95670978 115.46389849101193 0
135 132 -3 54.744838419999994 115.07613211221305 0
138 135 -3 54.71368672 115.01958169785857 0
136 163 27 56.3120245 118.12588313689001 0
138 138 0 54.916074419999994 115.38908497096105 0
159 137 -22 53.770385919999995 113.35219647389697 0
144 158 14 55.599846805 116.68113505143307 0
134 144 10 55.46234722 116.41506977086456 0
155 136 -19 53.90225122 113.58085002525257 0
145 138 -7 54.498128605 114.63125234748489 0
136 132 -4 54.652826444999995 114.90942363125151 0
138 131 -7 54.49635687999999 114.62808112182849 0
138 138 0 54.89568978 115.35163640246809 0
135 138 3 55.045813644999996 115.62872664583442 0
140 135 -5 54.607370124999996 114.82741842244626 0
137 152 15 55.693307004999994 116.86406814360728 0
138 161 23 56.091273805 117.66450099731745 0
155 143 -12 54.279690044999995 114.24258826498522 0
146 146 0 54.893989045 115.34851441716572 0
143 141 -2 54.786217779999994 115.15142668787993 0
145 134 -11 54.29054080499999 114.26178874463044 0
144 142 -2 54.791377645 115.16083009338992 0
140 139 -1 54.84282284499999 115.25476282189081 0
144 145 1 54.944876244999996 115.44208930343461 0
141 142 1 54.944876244999996 115.44208930343461 0
144 144 0 54.907586245 115.3734848157354 0
145 145 0 54.92285937999999 115.40156159832154 0
146 158 12 55.514778445 116.5161098163845 0
148 166 18 55.782591045 117.04050708394222 0
157 152 -5 54.637115279999996 114.88105413427009 0
156 151 -5 54.6685125 114.93777536625001 0
152 157 5 55.162163445 115.84564643565052 0
152 147 -5 54.62312872 114.85582179575745 0
160 158 -2 54.793096979999994 115.1639641493249 0
152 149 -3 54.758651379999996 115.10124367058648 0
157 159 2 54.97864604499999 115.50437657407721 0
153 155 2 54.998848405 115.54171272770118 0
156 153 -3 54.758651379999996 115.10124367058648 0
157 153 -4 54.689388179999995 114.97555025629369 0
154 168 14 55.559000805 116.60172574963295 0
157 163 6 55.172065605 115.86419997480814 0
169 160 -9 54.508752445 114.6502747993865 0
159 152 -7 54.58456337999999 114.78635932961448 0
158 151 -7 54.572261125 114.76423481306126 0
158 145 -13 54.261580644999995 114.21056715255092 0
155 154 -1 54.873556045 115.3110352318928 0
151 148 -3 54.73446568 115.05728960285633 0
156 145 -11 54.337431804999994 114.34488614968058 0
151 148 -3 54.72754431999999 115.04472370049025 0
146 145 -1 54.866735125 115.29853583820875 0
151 146 -5 54.666770844999995 114.9346260468932 0
149 152 3 55.05083121999999 115.63804105792745 0
149 163 14 55.615501005 116.71165433323378 0
154 149 -5 54.659801125 114.92202658809876 0
159 148 -11 54.364388979999994 114.39275037690713 0
152 146 -6 54.57401951999999 114.76739613743617 0
147 144 -3 54.720617999999995 115.03215440232 0
149 143 -6 54.612625779999995 114.83688821954793 0
148 139 -9 54.410949519999996 114.47558424344385 0
147 143 -4 54.6685125 114.93777536625001 0
144 144 0 54.924554844999996 115.4046802708577 0
145 143 -2 54.815420124999996 115.20468818911625 0
146 141 -5 54.64060882 114.88736000803625 0
145 159 14 55.601413619999995 116.68418754191065 0
145 159 14 55.62956328 116.73911108726209 0
161 145 -16 54.126607605 113.97280648118614 0
151 144 -7 54.533498005 114.69462800082827 0
144 142 -2 54.781055124999995 115.14202142237126 0
146 140 -6 54.579292845 114.7768787512717 0
145 141 -4 54.70675048 115.0070055766189 0
144 139 -5 54.637115279999996 114.88105413427009 0
145 145 0 54.91946752 115.39532367241216 0
143 142 -1 54.858202 115.28290711816001 0
147 141 -6 54.572261125 114.76423481306126 0
145 138 -7 54.54584799999999 114.71678763712 0
143 149 6 55.221409005 115.95687704147824 0
143 156 13 55.56057568 116.60478155781632 0
151 144 -7 54.522900205 114.67562504237154 0
148 140 -8 54.48217192 114.60270288359105 0
145 140 -5 54.62312872 114.85582179575745 0
143 135 -8 54.485720019999995 114.60904885094217 0
142 142 0 54.89568978 115.35163640246809 0
141 135 -6 54.57401951999999 114.76739613743617 0
144 141 -3 54.717152979999994 115.02586847653113 0
140 143 3 55.07254180499999 115.67838473228194 0
141 141 0 54.873556045 115.3110352318928 0
144 139 -5 54.619628979999995 114.8495114937129 0
142 153 11 55.463941004999995 116.41813379769874 0
142 159 17 55.771870719999995 117.01923232313345 0
155 143 -12 54.29957458 114.27778219327529 0
149 150 1 54.961776645 115.47324242820292 0
144 143 -1 54.841112499999994 115.25163467375 0
148 142 -6 54.565224445 114.75158724571003 0
147 146 -1 54.851369919999996 115.27040054698497 0
143 138 -5 54.62837600499999 114.86528558371374 0
149 140 -9 54.41452242 114.48194927411497 0
143 145 2 54.99716658 115.53860240948329 0
141 144 3 55.04915900499999 115.63493643521929 0
147 143 -4 54.666770844999995 114.9346260468932 0
145 154 9 55.369377279999995 116.23711166984194 0
145 162 17 55.736539844999996 116.94929219437732 0
156 149 -7 54.565224445 114.75158724571003 0
153 151 -2 54.77588967999999 115.13261429243968 0
149 147 -2 54.815420124999996 115.20468818911625 0
150 146 -4 54.70675048 115.0070055766189 0
151 150 -1 54.844532879999996 115.25789076877248 0
149 147 -2 54.79653472 115.17023164332545 0
153 148 -5 54.64759218 114.89996911171033 0
150 148 -2 54.811989204999996 115.19842520392748 0
150 147 -3 54.72408177999999 115.03843947653608 0
151 146 -5 54.65457058 114.91257469897928 0
150 158 8 55.303028004999994 116.11101255050174 0
149 165 16 55.680910125 116.83970190783376 0
159 157 -2 54.825705445 115.22347225678452 0
156 152 -4 54.691125805 114.97869675691459 0
155 149 -6 54.596850444999994 114.808472788128 0
154 146 -8 54.510521999999995 114.65344439256 0
152 148 -4 54.685911999999995 114.96925660736001 0
150 148 -2 54.80684049999999 115.18902919417 0
151 149 -2 54.77761180499999 115.13575020984808 0
151 148 -3 54.758651379999996 115.10124367058648 0
151 148 -3 54.74829352 115.08241126212417 0
151 150 -1 54.856494444999996 115.2797807754525 0
151 159 8 55.31763712 116.13871492059137 0
152 162 10 55.374211644999995 116.24632844286042 0
159 149 -10 54.38769544499999 114.43418791657702 0
158 154 -4 54.684173445 114.9661094587195 0
151 150 -1 54.839401845 115.2485063241862 0
153 147 -6 54.575777605 114.77055723515363 0
153 155 2 55.013970879999995 115.56969723304448 0
149 149 0 54.91946752 115.39532367241216 0
157 151 -6 54.619628979999995 114.8495114937129 0
152 149 -3 54.762101519999995 115.10751946401984 0
151 150 -1 54.866735125 115.29853583820875 0
153 147 -6 54.600358244999995 114.81478889592861 0
152 161 9 55.356472 116.21252702656001 0
151 163 12 55.478271119999995 116.44570377471936 0
162 157 -5 54.65457058 114.91257469897928 0
156 154 -2 54.81370482 115.20155679854425 0
154 150 -4 54.70675048 115.0070055766189 0
157 148 -9 54.439498 114.52647752488001 0
154 154 0 54.904188805 115.36724338956495 0
151 147 -4 54.69286312 114.98184304185665 0
156 149 -7 54.565224445 114.75158724571003 0
151 150 -1 54.834268019999996 115.23912006531816 0
149 148 -1 54.851369919999996 115.27040054698497 0
153 147 -6 54.614377045 114.84004437225829 0
150 155 5 55.16546540499999 115.85183162745818 0
150 164 14 55.573163519999994 116.62922336956417 0
157 148 -9 54.473296245 114.5868338467279 0
158 150 -8 54.483946124999996 114.60587598477376 0
151 148 -3 54.736195245 115.0604305490824 0
148 146 -2 54.811989204999996 115.19842520392748 0
150 151 1 54.97021522 115.48881186326057 0
149 147 -2 54.799971219999996 115.17649831459258 0
153 153 0 54.89568978 115.35163640246809 0
150 156 6 55.18030888 115.87965660451648 0
153 148 -5 54.67199488 114.9440733517005 0
156 155 -1 54.846242605 115.26101851455888 0
151 160 9 55.335458605 116.17255638344514 0
155 170 15 55.62956328 116.73911108726209 0
159 153 -6 54.616127999999996 114.84320030208 0
165 149 -16 54.15410418 114.02111741121769 0
156 146 -10 54.412736124999995 114.47876687956375 0
149 149 0 54.88207522 115.32665501325945 0
147 152 5 55.16546540499999 115.85183162745818 0
151 143 -8 54.489266879999995 114.61539387889152 0
154 147 -7 54.56874340499999 114.75791148368367 0
147 148 1 54.97864604499999 115.50437657407721 0
148 148 0 54.904188805 115.36724338956495 0
151 147 -4 54.694600124999994 114.98498911128377 0
149 152 3 55.059187644999994 115.65356145818009 0
150 160 10 55.39834162 116.29239230520537 0
154 151 -3 54.760376605 115.10438167186538 0
158 150 -8 54.4928125 114.62173796875001 0
152 147 -5 54.645846805 114.89681716586443 0
150 141 -9 54.41987944499999 114.49149500999499 0
151 146 -5 54.645846805 114.89681716586443 0
146 140 -6 54.593341405 114.80215578221834 0
148 142 -6 54.56698408 114.75474947835329 0
145 145 0 54.914377404999996 115.38596532899768 0
143 144 1 54.965153005 115.47947077044577 0
147 143 -4 54.69286312 114.98184304185665 0
146 151 5 55.158860245 115.8394605633399 0
145 150 5 55.158860245 115.8394605633399 0
152 147 -5 54.649337245 114.9031208377809 0
149 138 -11 54.323026125 114.31933573952625 0
148 135 -13 54.196130124999996 114.09507855625375 0
144 137 -7 54.522900205 114.67562504237154 0
139 145 6 55.242704499999995 115.99699094279 0
139 135 -4 54.69633682 114.98813496535976 0
146 138 -8 54.48217192 114.60270288359105 0
139 140 1 54.92963938 115.41403512875848 0
138 137 -1 54.870146205 115.30478593232554 0
142 136 -6 54.556421619999995 114.73577266706536 0
140 147 7 55.267211124999996 116.04324219618876 0
139 155 16 55.71495380499999 116.90669128514995 0
149 142 -7 54.512291245 114.65661375317711 0
146 139 -7 54.512291245 114.65661375317711 0
142 137 -5 54.645846805 114.89681716586443 0
140 136 -4 54.665028879999994 114.93147650956354 0
140 142 2 54.998848405 115.54171272770118 0
140 135 -5 54.645846805 114.89681716586443 0
144 134 -10 54.3500205 114.36722971203001 0
139 137 -2 54.767274404999995 115.11693158737535 0
136 133 -3 54.720617999999995 115.03215440232 0
139 131 -8 54.46085728 114.56460727863808 0
137 145 8 55.358086244999996 116.21560063244212 0
135 150 15 55.716497679999996 116.90973493920833 0
148 140 -8 54.483946124999996 114.60587598477376 0
140 136 -4 54.656314404999996 114.91572554758719 0
139 135 -4 54.67895591999999 114.95666671413697 0
139 134 -5 54.607370124999996 114.82741842244626 0
138 139 1 54.94994962 115.45143724339864 0
138 134 -4 54.67895591999999 114.95666671413697 0
141 133 -8 54.480397405 114.59952954723018 0
137 137 0 54.88888498 115.33914728254312 0
136 134 -2 54.80684049999999 115.18902919417 0
139 132 -7 54.531732479999995 114.69146141810688 0
137 143 6 55.24924642 116.00932815365705 0
136 144 8 55.31601512499999 116.13563749989126 0
145 142 -3 54.715420005 115.02272519388724 0
140 136 -4 54.663286604999996 114.92832675409714 0
141 138 -3 54.7379245 115.06357128389001 0
140 135 -5 54.624878124999995 114.85897661359377 0
140 140 0 54.917771124999994 115.39220441871126 0
139 133 -6 54.58456337999999 114.78635932961448 0
141 134 -7 54.531732479999995 114.69146141810688 0
138 137 -1 54.844532879999996 115.25789076877248 0
136 131 -5 54.642355124999995 114.89051261419127 0
139 132 -7 54.510521999999995 114.65344439256 0
136 158 22 56.04566242 117.57083067559498 0
134 157 23 56.114698605 117.71281941485488 0
162 144 -18 54.00850520499999 113.76599694520598 0
142 140 -2 54.768998079999996 115.12006854467073 0
137 136 -1 54.829131405 115.22973198774417 0
142 138 -4 54.673735605 114.94722201812188 0
139 140 1 54.941492444999994 115.435856386594 0
140 131 -9 54.418094079999996 114.48831333916672 0
142 133 -9 54.38948608 114.43737370800129 0
137 134 -3 54.744838419999994 115.07613211221305 0
135 134 -1 54.825705445 115.22347225678452 0
137 133 -4 54.67547602 114.95037046722585 0
136 142 6 55.223048979999994 115.95996370696713 0
136 145 9 55.412786125 116.32001477968626 0
143 141 -2 54.781055124999995 115.14202142237126 0
141 132 -9 54.402011845 114.4596674335787 0
141 129 -12 54.21435112499999 114.12719235541127 0
137 130 -7 54.51759711999999 114.66612044132864 0
133 135 2 55.03744482 115.61319899157577 0
133 133 0 54.904188805 115.36724338956495 0
137 132 -5 54.612625779999995 114.83688821954793 0
135 131 -4 54.65805792 114.91887617723904 0
134 132 -2 54.76555042 115.11379442161098 0
134 130 -4 54.659801125 114.92202658809876 0
134 140 6 55.223048979999994 115.95996370696713 0
133 151 18 55.85417698 117.18321988541513 0
141 136 -5 54.64759218 114.89996911171033 0
141 134 -7 54.510521999999995 114.65344439256 0
138 133 -5 54.59509608 114.80531439751873 0
134 134 0 54.89909032 115.35787978469824 0
135 137 2 54.990436179999996 115.52615927149432 0
137 132 -5 54.596850444999994 114.808472788128 0
138 133 -5 54.644101119999995 114.89366500007937 0
135 135 0 54.88888498 115.33914728254312 0
135 132 -3 54.715420005 115.02272519388724 0
137 132 -5 54.607370124999996 114.82741842244626 0
135 139 4 55.13570312499999 115.79614029296876 0
135 144 9 55.383872005 116.26475797507524 0
141 139 -2 54.80684049999999 115.18902919417 0
140 138 -2 54.798253124999995 115.17336508171876 0
140 135 -5 54.612625779999995 114.83688821954793 0
140 134 -6 54.561704244999994 114.7452620978294 0
139 137 -2 54.76555042 115.11379442161098 0
137 133 -4 54.65457058 114.91257469897928 0
139 131 -8 54.466190125 114.57413437026625 0
136 133 -3 54.70675048 115.0070055766189 0
134 133 -1 54.86844082 115.30166098466776 0
135 132 -3 54.72408177999999 115.03843947653608 0
136 144 8 55.320880179999996 116.14486929847833 0
135 133 -2 54.763826124999994 115.11065704721375 0
145 133 -12 54.272450004999996 114.22978287351974 0
136 135 -1 54.854786579999995 115.27665423279673 0
133 133 0 54.910982444999995 115.37972546177602 0
137 131 -6 54.563464499999995 114.74842478559 0
136 136 0 54.90588767999999 115.37036420024833 0
134 133 -1 54.856494444999996 115.2797807754525 0
138 144 6 55.239431679999996 115.99082136543232 0
136 143 7 55.270473405 116.04940630404633 0
144 133 -11 54.323026125 114.31933573952625 0
140 133 -7 54.529966644999995 114.68829460479542 0
136 144 8 55.31277020499999 116.12948219415847 0
135 141 6 55.21976872 115.95379021176257 0
146 145 -1 54.829131405 115.22973198774417 0
139 137 -2 54.77761180499999 115.13575020984808 0
142 141 -1 54.85307840499999 115.27352749002884 0
142 137 -5 54.617878645 114.84635600917693 0
141 149 8 55.319258805 116.14179218673243 0
140 144 4 55.092535845 115.71559819275069 0
148 142 -6 54.559943679999996 114.74209918226433 0
143 145 2 55.022361405 115.58523770798584 0
140 143 3 55.06252804499999 115.65976835513872 0
147 138 -9 54.405587845 114.46603488403332 0
145 152 7 55.267211124999996 116.04324219618876 0
141 152 11 55.463941004999995 116.41813379769874 0
154 152 -2 54.793096979999994 115.1639641493249 0
146 144 -2 54.815420124999996 115.20468818911625 0
147 141 -6 54.579292845 114.7768787512717 0
148 141 -7 54.52113281999999 114.67245707365177 0
143 146 3 55.074209679999996 115.68148683444034 0
143 140 -3 54.72408177999999 115.03843947653608 0
148 146 -2 54.789657999999996 115.15769583128001 0
143 146 3 55.060857999999996 115.65666499672001 0
145 143 -2 54.779333619999996 115.13888591977064 0
147 141 -6 54.57753538 114.77371810637753 0
144 154 10 55.432006404999996 116.35682651000334 0
143 159 16 55.705684045 116.88842697303072 0
156 146 -10 54.394856125 114.44692962073626 0
150 147 -3 54.755199999999995 115.09496704000001 0
144 151 7 55.254149604999995 116.01857936610165 0
146 145 -1 54.82227824499999 115.2172117142339 0
152 151 -1 54.841112499999994 115.25163467375 0
147 145 -2 54.784497204999994 115.14829180626204 0
150 152 2 55.017328019999994 115.57591397600186 0
148 149 1 54.951640125 115.45455284129625 0
150 148 -2 54.80684049999999 115.18902919417 0
150 146 -4 54.670253845 114.94092446779783 0
147 161 14 55.59200808 116.66587071243073 0
148 159 11 55.46234722 116.41506977086456 0
161 156 -5 54.670253845 114.94092446779783 0
153 148 -5 54.626627219999996 114.86213120952456 0
151 147 -4 54.701545044999996 114.9975712371198 0
151 143 -8 54.48217192 114.60270288359105 0
148 148 0 54.9092845 115.37660523619002 0
146 149 3 55.069205124999996 115.67217999087876 0
149 149 0 54.90079012499999 115.36100118195375 0
150 150 0 54.89909032 115.35787978469824 0
149 147 -2 54.79653472 115.17023164332545 0
151 149 -2 54.80684049999999 115.18902919417 0
149 158 9 55.35324258 116.20637936275273 0
150 166 16 55.66849340499999 116.81532818181384 0
157 157 0 54.89228799999999 115.34539223552001 0
159 151 -8 54.510521999999995 114.65344439256 0
154 152 -2 54.784497204999994 115.14829180626204 0
150 148 -2 54.805123644999995 115.18589678173561 0
153 151 -2 54.823992 115.22034208704001 0
151 148 -3 54.77244449999999 115.12634183451001 0
152 149 -3 54.758651379999996 115.10124367058648 0
150 152 2 54.993801999999995 115.53238121384001 0
149 142 -7 54.54232098 114.71045746131912 0
153 145 -8 54.49635687999999 114.62808112182849 0
146 153 7 55.280252804999996 116.06789480939908 0
144 165 21 55.96549888 117.40748216987649 0
154 149 -5 54.656314404999996 114.91572554758719 0
157 152 -5 54.652826444999995 114.90942363125151 0
148 149 1 54.97358848 115.49503831334913 0
147 140 -7 54.54584799999999 114.71678763712 0
151 144 -7 54.56698408 114.75474947835329 0
143 141 -2 54.80855704499999 115.19216140190422 0
144 144 0 54.887183005 115.33602451088424 0
144 141 -3 54.762101519999995 115.10751946401984 0
144 137 -7 54.51759711999999 114.66612044132864 0
144 142 -2 54.781055124999995 115.14202142237126 0
140 151 11 55.468720499999996 116.42732504097 0
143 157 14 55.620191219999995 116.72080769393257 0
149 149 0 54.88888498 115.33914728254312 0
150 145 -5 54.64759218 114.89996911171033 0
147 139 -8 54.49990002 114.63442333943786 0
145 138 -7 54.533498005 114.69462800082827 0
143 146 3 55.0441405 115.62562147883 0
140 140 0 54.88207522 115.32665501325945 0
147 139 -8 54.49458484499999 114.62490966230482 0
141 143 2 54.99716658 115.53860240948329 0
139 141 2 55.007252879999996 115.55726152930754 0
145 141 -4 54.69286312 114.98184304185665 0
143 155 12 55.497338879999994 116.48244635492352 0
142 159 17 55.762669779999996 117.00099262867192 0
155 148 -7 54.56874340499999 114.75791148368367 0
149 154 5 55.147289279999995 115.81780463236609 0
145 146 1 54.92963938 115.41403512875848 0
152 142 -10 54.364388979999994 114.39275037690713 0
149 151 2 54.990436179999996 115.52615927149432 0
142 146 4 55.13570312499999 115.79614029296876 0
152 149 -3 54.756925845 115.09810546001933 0
146 152 6 55.22960577999999 115.97230872993208 0
146 152 6 55.211562644999994 115.93835359404741 0
153 146 -7 54.57050242 114.76107326186505 0
151 156 5 55.132390005 115.78994892944277 0
148 164 16 55.676256179999996 116.83056264284569 0
155 153 -2 54.791377645 115.16083009338992 0
158 150 -8 54.514060179999994 114.6597828814017 0
150 148 -2 54.799971219999996 115.17649831459258 0
148 147 -1 54.844532879999996 115.25789076877248 0
150 155 5 55.16546540499999 115.85183162745818 0
149 148 -1 54.865029119999996 115.29541049278464 0
155 154 -1 54.854786579999995 115.27665423279673 0
149 155 6 55.20663527999999 115.92908964220993 0
150 154 4 55.08421041999999 115.70009569810905 0
155 151 -4 54.69807320499999 114.99128060424854 0
152 162 10 55.387089644999996 116.27089996800609 0
152 169 17 55.705684045 116.88842697303072 0
161 163 2 55.019006125 115.57902207082626 0
161 159 -2 54.80855704499999 115.19216140190422 0
158 158 0 54.89568978 115.35163640246809 0
158 150 -8 54.512291245 114.65661375317711 0
159 156 -3 54.736195245 115.0604305490824 0
153 150 -3 54.756925845 115.09810546001933 0
155 153 -2 54.782776319999996 115.14515671781376 0
152 149 -3 54.762101519999995 115.10751946401984 0
151 146 -5 54.649337245 114.9031208377809 0
151 148 -3 54.76555042 115.11379442161098 0
147 150 3 55.05083121999999 115.63804105792745 0
149 156 7 55.257416844999995 116.0247460360437 0
151 152 1 54.95670978 115.46389849101193 0
154 147 -7 54.531732479999995 114.69146141810688 0
151 145 -6 54.58105 114.78003917000001 0
146 139 -7 54.540557005 114.70729202909024 0
146 150 4 55.08421041999999 115.70009569810905 0
142 145 3 55.067536319999995 115.66907735130624 0
150 147 -3 54.74829352 115.08241126212417 0
145 148 3 55.035770125 115.61009291413376 0
144 144 0 54.89228799999999 115.34539223552001 0
149 144 -5 54.644101119999995 114.89366500007937 0
145 155 10 55.403159245 116.3016011080944 0
145 162 17 55.745772405 116.96754303251734 0
155 150 -5 54.649337245 114.9031208377809 0
153 150 -3 54.73100562 115.05100707549337 0
147 147 0 54.912680079999994 115.38284549265728 0
147 144 -3 54.73446568 115.05728960285633 0
149 151 2 55.024038579999996 115.58834525064873 0
145 146 1 54.944876244999996 115.44208930343461 0
152 142 -10 54.39664551999999 114.45011443834817 0
147 146 -1 54.856494444999996 115.2797807754525 0
141 147 6 55.21812812499999 115.95070321765625 0
147 149 2 54.998848405 115.54171272770118 0
147 153 6 55.213204479999995 115.94144124735489 0
148 162 14 55.587301124999996 116.65671059383877 0
152 148 -4 54.691125805 114.97869675691459 0
158 151 -7 54.559943679999996 114.74209918226433 0
148 148 0 54.90079012499999 115.36100118195375 0
147 150 3 55.05584600499999 115.64735384008124 0
149 152 3 55.03744482 115.61319899157577 0
149 152 3 55.05417471999999 115.64424976019457 0
152 151 -1 54.86161618 115.2891592043857 0
151 151 0 54.917771124999994 115.39220441871126 0
151 146 -5 54.642355124999995 114.89051261419127 0
151 152 1 54.955020205 115.46078346493904 0
148 162 14 55.590439405 116.66281746616033 0
151 169 18 55.771870719999995 117.01923232313345 0
158 155 -3 54.760376605 115.10438167186538 0
160 156 -4 54.7032805 115.00071623143 0
152 150 -2 54.815420124999996 115.20468818911625 0
152 149 -3 54.762101519999995 115.10751946401984 0
152 155 3 55.057516979999995 115.65045773935513 0
149 148 -1 54.847952019999994 115.26414605941385 0
155 147 -8 54.480397405 114.59952954723018 0
149 150 1 54.927944845 115.41091703591232 0
145 148 3 55.035770125 115.61009291413376 0
150 145 -5 54.645846805 114.89681716586443 0
148 149 1 54.9431845 115.43897294081 0
145 159 14 55.590439405 116.66281746616033 0
149 148 -1 54.859909245 115.28603326108312 0
156 149 -7 54.572261125 114.76423481306126 0
147 149 2 55.017328019999994 115.57591397600186 0
145 143 -2 54.77761180499999 115.13575020984808 0
150 148 -2 54.77588967999999 115.13261429243968 0
144 139 -5 54.649337245 114.9031208377809 0
147 141 -6 54.593341405 114.80215578221834 0
143 144 1 54.96346498 115.47635669413688 0
140 143 3 55.042467044999995 115.6225161300658 0
145 143 -2 54.77072144499999 115.123205293661 0
143 149 6 55.23615762 115.98465113837737 0
143 157 14 55.640483245 116.7604594774989 0
149 147 -2 54.81027328 115.19529340510209 0
152 147 -5 54.666770844999995 114.9346260468932 0
146 144 -2 54.79653472 115.17023164332545 0
144 141 -3 54.722350045 115.03529704579272 0
146 140 -6 54.56874340499999 114.75791148368367 0
142 140 -2 54.793096979999994 115.1639641493249 0
141 139 -2 54.793096979999994 115.1639641493249 0
142 143 1 54.92963938 115.41403512875848 0
141 143 2 55.008932845 115.56037073287919 0
143 141 -2 54.767274404999995 115.11693158737535 0
143 150 7 55.27210408 116.05248811892673 0
141 155 14 55.643600445 116.76655792344951 0
150 148 -2 54.77588967999999 115.13261429243968 0
149 145 -4 54.6685125 114.93777536625001 0
145 144 -1 54.859909245 115.28603326108312 0
143 141 -2 54.779333619999996 115.13888591977064 0
145 150 5 55.1439805 115.81161568157 0
143 142 -1 54.83769088 115.24537777303553 0
149 141 -8 54.49635687999999 114.62808112182849 0
143 140 -3 54.741382079999994 115.06985211990529 0
139 141 2 55.01061249999999 115.56347975125001 0
142 140 -2 54.779333619999996 115.13888591977064 0
142 148 6 55.19183644499999 115.9012888211185 0
141 157 16 55.718041244999995 116.9127784800004 0
147 143 -4 54.680695404999994 114.95981451227183 0
151 142 -9 54.43058512499999 114.51057998152126 0
142 139 -3 54.729275125 115.04786549402877 0
138 140 2 54.990436179999996 115.52615927149432 0
140 142 2 55.020683919999996 115.58212998143297 0
141 136 -5 54.64060882 114.88736000803625 0
143 138 -5 54.64759218 114.89996911171033 0
138 140 2 55.00052992 115.54482285973505 0
138 137 -1 54.834268019999996 115.23912006531816 0
141 137 -4 54.685911999999995 114.96925660736001 0
138 147 9 55.369377279999995 116.23711166984194 0
138 149 11 55.48304224499999 116.4548912740459 0
148 142 -6 54.610874204999995 114.83373184378505 0
144 131 -13 54.1687405 114.04685882533 0
140 138 -2 54.79653472 115.17023164332545 0
134 138 4 55.107502079999996 115.74349154537472 0
135 141 6 55.224688645 115.9630502083931 0
138 133 -5 54.617878645 114.84635600917693 0
139 137 -2 54.805123644999995 115.18589678173561 0
136 137 1 54.95333031999999 115.45766824842177 0
136 133 -3 54.701545044999996 114.9975712371198 0
138 132 -6 54.54584799999999 114.71678763712 0
