111 97 -14 54.811989204999996 115.19842520392748 0
112 101 -11 55.03911920499999 115.61630488660253 0
110 92 -18 54.448403125 114.54236909046875 0
111 95 -16 54.673735605 114.94722201812188 0
109 95 -14 54.818849805 115.21095035878145 0
108 96 -12 54.982016204999994 115.51060114020447 0
109 95 -14 54.832556124999996 115.23599090842376 0
109 101 -8 55.241068244999994 115.9939062352414 0
109 108 -1 55.770338005 117.01619264343077 0
110 99 -11 55.065867204999996 115.66597453226798 0
113 97 -16 54.642355124999995 114.89051261419127 0
110 96 -14 54.794816004999994 115.16709799924878 0
109 96 -13 54.851369919999996 115.27040054698497 0
110 101 -9 55.15555580499999 115.83327400921544 0
109 97 -12 54.96852812499999 115.48569835484376 0
111 97 -14 54.823992 115.22034208704001 0
110 97 -13 54.871851279999994 115.30791068134593 0
109 98 -11 55.005572605 115.55415214037114 0
110 95 -15 54.69286312 114.98184304185665 0
110 104 -6 55.43360608 116.35989322127872 0
109 109 0 55.82836324499999 117.13162637520112 0
112 109 -3 55.673151999999995 116.82446921216001 0
112 101 -11 55.089206604999994 115.70939772706464 0
112 100 -12 55.00052992 115.54482285973505 0
113 99 -14 54.85307840499999 115.27352749002884 0
111 102 -9 55.221409005 115.95687704147824 0
111 99 -12 54.995484444999995 115.53549190491752 0
112 100 -12 55.017328019999994 115.57591397600186 0
111 97 -14 54.841112499999994 115.25163467375 0
110 99 -11 55.06252804499999 115.65976835513872 0
110 96 -14 54.77072144499999 115.123205293661 0
110 106 -4 55.559000805 116.60172574963295 0
110 114 4 56.105923604999994 117.69470213963014 0
113 103 -10 55.112485244999995 115.75278616408761 0
114 98 -16 54.705015644999996 115.00386101120841 0
111 101 -10 55.099190605 115.72799700133939 0
110 98 -12 54.95333031999999 115.45766824842177 0
111 98 -13 54.924554844999996 115.4046802708577 0
111 97 -14 54.834268019999996 115.23912006531816 0
110 98 -12 54.975274645 115.4981512553486 0
110 100 -10 55.094199999999994 115.71869816 0
110 100 -10 55.11414567999999 115.75588402002369 0
110 97 -13 54.89228799999999 115.34539223552001 0
110 109 -1 55.799406579999996 117.0739283567433 0
110 99 -11 55.059187644999994 115.65356145818009 0
115 101 -14 54.847952019999994 115.26414605941385 0
111 101 -10 55.147289279999995 115.81780463236609 0
109 99 -10 55.13404672 115.79304469766144 0
112 97 -15 54.743110404999996 115.07299222144067 0
111 101 -10 55.13073298 115.7868529881489 0
110 98 -12 54.98538512499999 115.51682495504126 0
111 104 -7 55.364540125 116.22789355298376 0
110 102 -8 55.24924642 116.00932815365705 0
111 100 -11 55.04915900499999 115.63493643521929 0
112 100 -12 55.002211124999995 115.54793280574876 0
110 124 14 56.791032445 119.18111248531352 0
111 103 -8 55.31114728 116.12640430879809 0
126 108 -18 54.665028879999994 114.93147650956354 0
108 114 6 56.26359592 118.02347031461697 0
111 103 -8 55.296527004999994 116.09869633623978 0
119 98 -21 54.35720721999999 114.37999201765544 0
113 103 -10 55.115805804999994 115.75898170108208 0
111 99 -12 54.9769605 115.50126400887001 0
111 102 -9 55.204992204999996 115.92600132707955 0
111 107 -4 55.56057568 116.60478155781632 0
111 107 -4 55.568445405 116.62005865722568 0
114 102 -12 55.007252879999996 115.55726152930754 0
113 115 2 55.958030605 117.39234495999314 0
112 126 14 56.777914044999996 119.15106533495322 0
120 113 -7 55.391913779999996 116.28011185146408 0
117 116 -1 55.761135204999995 116.99795230132403 0
114 112 -2 55.74731008 116.97058445238272 0
117 105 -12 55.002211124999995 115.54793280574876 0
119 108 -11 55.094199999999994 115.71869816 0
115 110 -5 55.484632 116.45795349824002 0
114 108 -6 55.470313045 116.43038851019622 0
117 111 -6 55.441599804999996 116.37522463951608 0
115 109 -6 55.473497204999994 116.43651503183548 0
116 110 -6 55.4208 116.33535552000001 0
116 122 6 56.253580845 118.0023779328232 0
116 119 3 56.026446404999994 117.53152767629668 0
124 123 -1 55.781060499999995 117.03746815237001 0
117 126 9 56.423166044999995 118.3636417666228 0
122 121 -1 55.77646700499999 117.02835071869274 0
127 112 -15 54.917771124999994 115.39220441871126 0
125 118 -7 55.425604605 116.34455823401338 0
121 114 -7 55.369377279999995 116.23711166984194 0
121 119 -2 55.758065124999995 116.99187132092126 0
121 115 -6 55.487810579999994 116.4640775342393 0
122 116 -6 55.447989205 116.38748721817004 0
121 117 -4 55.568445405 116.62005865722568 0
120 126 6 56.203277619999994 117.89687512682265 0
122 123 1 55.926579219999994 117.32874463086857 0
126 129 3 56.02496608 117.52850381552129 0
122 114 -8 55.35970018 116.21867408786169 0
129 114 -15 54.912680079999994 115.38284549265728 0
125 106 -19 54.60912232 114.83057524480577 0
118 113 -5 55.53849921999999 116.56198837033145 0
115 108 -7 55.39673512499999 116.28932241172876 0
118 111 -7 55.399947805 116.29546205231594 0
117 112 -5 55.532180499999996 116.54975701493001 0
115 115 0 55.840522045 117.1559092719308 0
118 111 -7 55.407974079999995 116.31080859811328 0
118 122 4 56.11908192 117.72187710736897 0
118 126 8 56.38539858 118.28241073615129 0
124 121 -3 55.67780780499999 116.83360918181658 0
121 119 -2 55.710320319999994 116.89755964173824 0
122 115 -7 55.412786125 116.32001477968626 0
124 106 -18 54.63362049999999 114.87474737747002 0
122 112 -10 55.211562644999994 115.93835359404741 0
117 112 -5 55.52269312 116.53140600049664 0
116 111 -5 55.516361999999994 116.51916932136001 0
118 113 -5 55.532180499999996 116.54975701493001 0
116 114 -2 55.74731008 116.97058445238272 0
118 113 -5 55.55427432 116.59255754553024 0
119 126 7 56.306345619999995 118.11383753777338 0
119 118 -1 55.81466087999999 117.10430036240449 0
127 122 -5 55.547968 116.58033144832001 0
119 123 4 56.12200257999999 117.72791522201274 0
123 116 -7 55.41438952 116.32308321687617 0
127 114 -13 55.05417471999999 115.64424976019457 0
123 121 -2 55.754993805 116.98578990515009 0
120 117 -3 55.65450088 116.78789868239554 0
126 120 -6 55.478271119999995 116.44570377471936 0
121 121 0 55.834445124999995 117.14376862875875 0
122 119 -3 55.67004658 116.81837531005672 0
125 114 -11 55.14067048 115.80542604306113 0
123 126 3 56.055987804999994 117.59198837798408 0
121 131 10 56.46763484499999 118.45988331784233 0
131 127 -4 55.615501005 116.71165433323378 0
124 122 -2 55.754993805 116.98578990515009 0
126 124 -2 55.738079379999995 116.95233427761849 0
128 118 -10 55.231244204999996 115.97539457674497 0
128 122 -6 55.51002592 116.50693049437697 0
125 120 -5 55.549545044999995 116.58338816865772 0
126 120 -6 55.506856019999994 116.50081027216585 0
125 122 -3 55.65450088 116.78789868239554 0
124 121 -3 55.64983112499999 116.77875336504876 0
126 123 -3 55.6576125 116.79399496125001 0
125 132 7 56.2835805 118.06564734843 0
126 127 1 55.94007512499999 117.35600672159126 0
131 129 -2 55.76880498 117.01315285619688 0
127 130 3 56.026446404999994 117.53152767629668 0
131 135 4 56.11031249999999 117.70376109375002 0
134 122 -12 55.12907564499999 115.78375687361591 0
137 128 -9 55.33707688 116.17563196025154 0
131 125 -6 55.503684879999994 116.49468950906049 0
129 127 -2 55.762669779999996 117.00099262867192 0
130 127 -3 55.665386125 116.80923357012625 0
130 126 -4 55.63424512499999 116.74826112874126 0
131 122 -9 55.314392819999995 116.13255992446825 0
130 134 4 56.10006740499999 117.68262254180019 0
128 134 6 56.23781217999999 117.96922738263032 0
139 142 3 56.02052324499999 117.5194317535064 0
130 134 4 56.09860257999999 117.67960246404729 0
139 129 -10 55.31277020499999 116.12948219415847 0
139 125 -14 55.05584600499999 115.64735384008124 0
134 131 -3 55.6576125 116.79399496125001 0
130 123 -7 55.424003379999995 116.3414908064745 0
135 132 -3 55.690209644999996 116.85797728228641 0
130 135 5 56.154047999999996 117.79431654912001 0
134 132 -2 55.731919379999994 116.94016527718153 0
134 129 -5 55.54165671999999 116.56810325569857 0
133 139 6 56.193171405 117.87576599278833 0
134 137 3 56.04123260499999 117.56176192896137 0
145 144 -1 55.78565120499999 117.04658462858947 0
137 134 -3 55.694855219999994 116.86711340059945 0
144 137 -7 55.451182044999996 116.3936176591233 0
141 135 -6 55.506856019999994 116.50081027216585 0
139 136 -3 55.6886605 116.85493167763 0
140 132 -8 55.409578405 116.31387747046868 0
140 132 -8 55.39673512499999 116.28932241172876 0
138 135 -3 55.694855219999994 116.86711340059945 0
136 131 -5 55.546390644999995 116.5772745970191 0
140 131 -9 55.370989044999995 116.2401840766118 0
136 139 3 56.01311232 117.50431004135424 0
135 138 3 56.007177999999996 117.49221121192001 0
143 150 7 56.20616232 117.90290576688577 0
138 142 4 56.05893512499999 117.59803274577126 0
150 137 -13 55.168766125 115.85801614007376 0
144 134 -10 55.33060191999999 116.16332873583104 0
140 137 -3 55.697950719999994 116.87320356806657 0
138 133 -5 55.551121779999995 116.5864447581961 0
142 138 -4 55.66383202 116.80618608635385 0
138 137 -1 55.816184605 117.10733699498087 0
142 129 -13 55.102516124999994 115.73419534686376 0
141 127 -14 55.025715444999996 115.5914526095855 0
135 135 0 55.88594084499999 117.24691382321569 0
131 142 11 56.4800845 118.48694563381001 0
141 140 -1 55.82836324499999 117.13162637520112 0
136 130 -6 55.50527060499999 116.49774995830688 0
139 127 -12 55.193481999999996 115.90437846776001 0
136 126 -10 55.278623679999995 116.06481378861568 0
131 130 -1 55.77646700499999 117.02835071869274 0
130 127 -3 55.697950719999994 116.87320356806657 0
134 125 -9 55.340312499999996 116.18178265625001 0
131 123 -8 55.361313804999995 116.22174739298258 0
130 122 -8 55.39673512499999 116.28932241172876 0
129 123 -6 55.511610405 116.50999040305683 0
128 133 5 56.174362419999994 117.83655534334505 0
128 139 11 56.484228805 118.49596590073509 0
134 140 6 56.18883552 117.86671830941185 0
130 128 -2 55.75192124499999 116.97970805269962 0
137 130 -7 55.440001679999995 116.37215864040769 0
135 123 -12 55.142325645 115.8085209483616 0
132 131 -1 55.805512019999995 117.08607840284617 0
129 126 -3 55.673151999999995 116.82446921216001 0
135 127 -8 55.391913779999996 116.28011185146408 0
130 130 0 55.834445124999995 117.14376862875875 0
130 125 -5 55.56372449999999 116.61089278539 0
134 122 -12 55.15720818 115.83636737158633 0
130 131 1 55.925078125 117.32571505859376 0
128 135 7 56.276450125 118.05058528553376 0
136 140 4 56.06040831999999 117.60105481547777 0
131 129 -2 55.733459845 116.9432076943227 0
136 127 -9 55.33384002 116.16948065388218 0
135 122 -13 55.08421041999999 115.70009569810905 0
131 131 0 55.84659400499999 117.16804831520429 0
127 125 -2 55.719584499999996 116.91582190769 0
135 128 -7 55.424003379999995 116.3414908064745 0
129 127 -2 55.71340961999999 116.90364751766137 0
130 125 -5 55.576307379999996 116.63533253580954 0
131 123 -8 55.390306044999996 116.27704137088472 0
130 130 0 55.861752204999995 117.19838899265298 0
129 125 -4 55.610808 116.70249985728 0
134 135 1 55.938576819999994 117.35297795930025 0
129 130 1 55.910050125 117.29541431384627 0
137 122 -15 54.97021522 115.48881186326057 0
132 118 -14 54.988752805 115.52304801989844 0
128 126 -2 55.764204045 117.0040328476693 0
123 119 -4 55.576307379999996 116.63533253580954 0
131 120 -11 55.178660844999996 115.87656561587681 0
124 117 -7 55.43360608 116.35989322127872 0
123 115 -8 55.367765205 116.23403911375654 0
124 118 -6 55.44958577999999 116.39055250920794 0
121 128 7 56.310605245 118.1228718086124 0
122 128 6 56.253580845 118.0023779328232 0
127 134 7 56.257874879999996 118.0114178464205 0
123 124 1 55.947562 117.37114919864001 0
132 120 -12 55.13073298 115.7868529881489 0
131 118 -13 55.04915900499999 115.63493643521929 0
126 122 -4 55.60454632 116.69029214685376 0
122 117 -5 55.51794524499999 116.52222869209513 0
126 119 -7 55.422401844999996 116.33842323519131 0
123 119 -4 55.628002044999995 116.73606082876921 0
123 118 -5 55.551121779999995 116.5864447581961 0
124 115 -9 55.247611405 116.00624409351167 0
123 125 2 55.955041124999994 117.38628946669876 0
121 126 5 56.149687005 117.78526372606024 0
128 131 3 56.053039244999994 117.58594370460563 0
123 120 -3 55.685561279999995 116.84884011950592 0
128 120 -8 55.33707688 116.17563196025154 0
128 121 -7 55.39834162 116.29239230520537 0
124 125 1 55.90854562 117.29238373356665 0
125 117 -8 55.370989044999995 116.2401840766118 0
127 117 -10 55.20827804499999 115.9321777916388 0
124 117 -7 55.432006404999996 116.35682651000334 0
121 116 -5 55.551121779999995 116.5864447581961 0
123 114 -9 55.30140322 116.10793373139657 0
122 124 2 56.004208979999994 117.48616130702713 0
120 134 14 56.70786898 118.99182567708712 0
127 123 -4 55.58416160499999 116.65060321405038 0
124 118 -6 55.452777999999995 116.39668266808002 0
124 116 -8 55.33869484499999 116.1787073844652 0
124 114 -10 55.20663527999999 115.92908964220993 0
120 118 -2 55.74731008 116.97058445238272 0
121 114 -7 55.417595379999995 116.32921965723753 0
122 118 -4 55.618628124999994 116.71775669734376 0
120 113 -7 55.377433005 116.25247221381328 0
121 114 -7 55.422401844999996 116.33842323519131 0
120 112 -8 55.306276645 116.1171697207746 0
119 120 1 55.926579219999994 117.32874463086857 0
119 127 8 56.368540499999995 118.24629915117 0
122 117 -5 55.56057568 116.60478155781632 0
122 113 -9 55.260682845 116.03091206349832 0
121 107 -14 54.938107405 115.42962270273233 0
120 109 -11 55.079211445 115.69079206870902 0
116 114 -2 55.694855219999994 116.86711340059945 0
115 112 -3 55.66383202 116.80618608635385 0
118 116 -2 55.699498004999995 116.87624847886924 0
116 108 -8 55.294900979999994 116.09561689136089 0
118 107 -11 55.122443204999996 115.77137067981604 0
117 105 -12 54.992119245 115.5292703360869 0
114 122 8 56.368540499999995 118.24629915117 0
114 123 9 56.452384499999994 118.42680392919002 0
125 120 -5 55.559000805 116.60172574963295 0
115 111 -4 55.593576445 116.668923832326 0
119 112 -7 55.380653124999995 116.25861539078126 0
121 106 -15 54.834268019999996 115.23912006531816 0
117 111 -6 55.42720552 116.34762551797185 0
116 103 -13 54.946567679999994 115.44520547463169 0
116 102 -14 54.89568978 115.35163640246809 0
115 105 -10 55.1439805 115.81161568157 0
111 104 -7 55.328982405 116.16025254701518 0
113 103 -10 55.11082449999999 115.74968813311 0
112 111 -1 55.762669779999996 117.00099262867192 0
112 106 -6 55.436804499999994 116.36602621571001 0
115 110 -5 55.489399405 116.46713934637218 0
113 112 -1 55.765738 117.00707295848001 0
114 112 -2 55.725754419999994 116.92799449070105 0
117 108 -9 55.270473405 116.04940630404633 0
116 110 -6 55.473497204999994 116.43651503183548 0
116 105 -11 55.074209679999996 115.68148683444034 0
116 106 -10 55.13570312499999 115.79614029296876 0
115 104 -11 55.074209679999996 115.68148683444034 0
113 103 -10 55.148943204999995 115.82089885028148 0
114 103 -11 55.052503124999994 115.64114549953126 0
112 112 0 55.845076479999996 117.16501370380288 0
112 113 1 55.93557928 117.34692016652609 0
116 112 -4 55.599846805 116.68113505143307 0
114 109 -5 55.50209884499999 116.49162892426281 0
115 107 -8 55.332221125 116.16640477139876 0
117 100 -17 54.617878645 114.84635600917693 0
115 107 -8 55.270473405 116.04940630404633 0
113 100 -13 54.927944845 115.41091703591232 0
113 101 -12 55.007252879999996 115.55726152930754 0
112 102 -10 55.122443204999996 115.77137067981604 0
110 100 -10 55.1439805 115.81161568157 0
112 100 -12 54.961776645 115.47324242820292 0
111 108 -3 55.607677779999996 116.69639625153994 0
110 111 1 55.925078125 117.32571505859376 0
113 112 -1 55.779529645 117.0344291144136 0
113 101 -12 54.990436179999996 115.52615927149432 0
114 100 -14 54.876964644999994 115.31728373822142 0
114 96 -18 54.551136205 114.72628118163698 0
110 102 -8 55.24597608 116.00315987176128 0
110 99 -11 55.069205124999996 115.67217999087876 0
111 100 -11 55.040793279999995 115.61941059937793 0
110 102 -8 55.267211124999996 116.04324219618876 0
110 103 -7 55.34354687999999 116.1879327431885 0
111 100 -11 55.020683919999996 115.58212998143297 0
111 110 -1 55.779529645 117.0344291144136 0
111 103 -8 55.28839377999999 116.08329754167593 0
115 103 -12 55.003892019999995 115.55104256590617 0
112 104 -8 55.25578338 116.02166278146552 0
110 101 -9 55.221409005 115.95687704147824 0
113 99 -14 54.80855704499999 115.19216140190422 0
112 106 -6 55.444795125 116.38135621207127 0
111 104 -7 55.35970018 116.21867408786169 0
113 107 -6 55.438403244999996 116.36909249919361 0
112 123 11 56.576057999999996 118.69736284872002 0
112 103 -9 55.231244204999996 115.97539457674497 0
120 101 -19 54.565224445 114.75158724571003 0
112 112 0 55.849628124999995 117.17411724015626 0
112 124 12 56.60590737999999 118.76347486385049 0
117 121 4 56.102996125 117.68866248302376 0
116 111 -5 55.535340479999995 116.55587295717889 0
115 112 -3 55.618628124999994 116.71775669734376 0
119 104 -15 54.82741858 115.22660222363129 0
116 107 -9 55.24434044499999 116.00007548824202 0
115 107 -8 55.273734444999995 116.05556977466 0
113 105 -8 55.280252804999996 116.06789480939908 0
115 105 -10 55.16711592 115.85492396858305 0
113 104 -9 55.231244204999996 115.97539457674497 0
113 103 -10 55.139015005 115.80233096550474 0
113 115 2 56.005693644999994 117.4891863004581 0
112 120 8 56.378379804999994 118.26736493895145 0
118 118 0 55.852661004999995 117.18018576906624 0
115 110 -5 55.516361999999994 116.51916932136001 0
117 108 -9 55.252515519999996 116.01549578978816 0
119 104 -15 54.823992 115.22034208704001 0
115 104 -11 55.099190605 115.72799700133939 0
114 105 -9 55.196772179999996 115.9105572601697 0
113 107 -6 55.415992605 116.32615150933864 0
113 109 -4 55.568445405 116.62005865722568 0
113 107 -6 55.425604605 116.34455823401338 0
114 105 -9 55.196772179999996 115.9105572601697 0
114 122 8 56.381188245 118.2733833757639 0
113 127 14 56.737049999999996 119.05792383000001 0
125 116 -9 55.31277020499999 116.12948219415847 0
115 113 -2 55.731919379999994 116.94016527718153 0
118 116 -2 55.697950719999994 116.87320356806657 0
119 106 -13 54.94994962 115.45143724339864 0
120 114 -6 55.451182044999996 116.3936176591233 0
117 111 -6 55.440001679999995 116.37215864040769 0
117 115 -2 55.745772405 116.96754303251734 0
117 112 -5 55.51319458 116.51305017700473 0
117 110 -7 55.367765205 116.23403911375654 0
118 106 -12 55.035770125 115.61009291413376 0
116 124 8 56.338931445 118.183089555991 0
115 109 -6 55.42720552 116.34762551797185 0
128 109 -19 54.607370124999996 114.82741842244626 0
114 109 -5 55.53849921999999 116.56198837033145 0
113 106 -7 55.35485744499999 116.2094532700515 0
115 101 -14 54.83769088 115.24537777303553 0
115 108 -7 55.383872005 116.26475797507524 0
112 106 -6 55.39673512499999 116.28932241172876 0
114 105 -9 55.18525112499999 115.88892856115126 0
113 107 -6 55.44319761999999 116.37829049668264 0
112 108 -4 55.56057568 116.60478155781632 0
114 106 -8 55.263947605 116.03707744977638 0
114 115 1 55.92357672 117.32268539550145 0
113 121 8 56.409204445 118.3335592997825 0
118 116 -2 55.75192124499999 116.97970805269962 0
117 110 -7 55.345163604999996 116.19100755866988 0
117 110 -7 55.358086244999996 116.21560063244212 0
118 104 -14 54.85307840499999 115.27352749002884 0
116 107 -9 55.20663527999999 115.92908964220993 0
115 105 -10 55.12410178 115.77446748894393 0
113 109 -4 55.59200808 116.66587071243073 0
114 107 -7 55.390306044999996 116.27704137088472 0
114 107 -7 55.33707688 116.17563196025154 0
114 106 -8 55.270473405 116.04940630404633 0
113 124 11 56.55425511999999 118.64927653939264 0
114 127 13 56.65442818 118.87164574650633 0
124 129 5 56.183049999999994 117.85465387 0
115 115 0 55.84811121999999 117.17108282726744 0
123 119 -4 55.593576445 116.668923832326 0
126 111 -15 54.88377812499999 115.32977837640627 0
121 118 -3 55.652944604999995 116.78485036331914 0
119 114 -5 55.492576125 116.47326255972376 0
120 112 -8 55.348396124999994 116.19715673447627 0
120 114 -6 55.44958577999999 116.39055250920794 0
117 114 -3 55.671599445 116.8214223201175 0
119 112 -7 55.374211644999995 116.24632844286042 0
119 117 -2 55.75192124499999 116.97970805269962 0
118 124 6 56.20904578 117.90893616886792 0
121 120 -1 55.779529645 117.0344291144136 0
122 111 -11 55.13735921999999 115.79923571552857 0
121 109 -12 55.08421041999999 115.70009569810905 0
120 104 -16 54.768998079999996 115.12006854467073 0
116 110 -6 55.457564004999995 116.40587685083678 0
114 107 -7 55.3726005 116.24325633423001 0
115 109 -6 55.470313045 116.43038851019622 0
115 111 -4 55.566872079999996 116.61700349566529 0
114 110 -4 55.602980124999995 116.68723990699627 0
116 108 -8 55.26884242 116.04632432985497 0
116 119 3 56.082469044999996 117.64637684408822 0
115 122 7 56.304925125 118.11082601827876 0
122 120 -2 55.71340961999999 116.90364751766137 0
118 114 -4 55.59200808 116.66587071243073 0
120 114 -6 55.465534479999995 116.42119768488513 0
122 111 -11 55.100853519999994 115.73109626219585 0
119 117 -2 55.710320319999994 116.89755964173824 0
118 114 -4 55.587301124999996 116.65671059383877 0
120 118 -2 55.702591645 116.88233795543209 0
119 123 4 56.108849844999995 117.7007415129302 0
120 126 6 56.250716604999994 117.99635105346714 0
123 125 2 56.008662044999994 117.49523604157672 0
124 134 10 56.43152812499999 118.38168958265626 0
127 135 8 56.32053352 118.14395011700417 0
134 135 1 55.89649842 117.26813574324697 0
133 131 -2 55.767271644999994 117.01011296126792 0
136 124 -12 55.15555580499999 115.83327400921544 0
137 120 -17 54.856494444999996 115.2797807754525 0
132 121 -11 55.17371487999999 115.86729163837953 0
126 116 -10 55.221409005 115.95687704147824 0
125 119 -6 55.457564004999995 116.40587685083678 0
123 124 1 55.947562 117.37114919864001 0
123 124 1 55.9025245 117.28026048461001 0
126 124 -2 55.727296124999995 116.93103735533626 0
124 132 8 56.31486208 118.13190565142528 0
127 138 11 56.4800845 118.48694563381001 0
133 129 -4 55.615501005 116.71165433323378 0
132 127 -5 55.585731519999996 116.65365696745985 0
132 125 -7 55.43040642 116.35375965580297 0
131 122 -9 55.33060191999999 116.16332873583104 0
130 128 -2 55.735 116.94625 0
128 122 -6 55.470313045 116.43038851019622 0
132 122 -10 55.28188161999999 116.07097567185465 0
128 126 -2 55.758065124999995 116.99187132092126 0
126 125 -1 55.771870719999995 117.01923232313345 0
130 124 -6 55.46234722 116.41506977086456 0
128 133 5 56.124922 117.73395306056001 0
128 128 0 55.87536808 117.22568724436928 0
135 133 -2 55.74731008 116.97058445238272 0
130 135 5 56.124922 117.73395306056001 0
134 124 -10 55.23615762 115.98465113837737 0
137 118 -19 54.68765024499999 114.97240353983011 0
132 124 -8 55.370989044999995 116.2401840766118 0
125 119 -6 55.478271119999995 116.44570377471936 0
126 121 -5 55.56057568 116.60478155781632 0
125 126 1 55.917567999999996 117.31056583168001 0
124 121 -3 55.660722879999994 116.8000907621325 0
128 119 -9 55.278623679999995 116.06481378861568 0
125 131 6 56.227758044999995 117.94812806906123 0
124 132 8 56.341757245 118.18911033491162 0
136 133 -3 55.693307004999994 116.86406814360728 0
126 125 -1 55.765738 117.00707295848001 0
132 123 -9 55.294900979999994 116.09561689136089 0
132 119 -13 55.069205124999996 115.67217999087876 0
128 128 0 55.864780124999996 117.20445595050376 0
125 123 -2 55.74731008 116.97058445238272 0
132 123 -9 55.28351012499999 116.07405637614626 0
126 125 -1 55.779529645 117.0344291144136 0
126 124 -2 55.71495380499999 116.90669128514995 0
129 123 -6 55.495751604999995 116.47938522628215 0
128 130 2 56.001238719999996 117.48011107360257 0
127 140 13 56.630218 118.81756187768 0
133 133 0 55.88594084499999 117.24691382321569 0
132 125 -7 55.435205444999994 116.362959789793 0
133 124 -9 55.33869484499999 116.1787073844652 0
131 123 -8 55.369377279999995 116.23711166984194 0
127 124 -3 55.643600445 116.76655792344951 0
128 121 -7 55.446392319999994 116.38442178584577 0
128 147 19 56.93328884499999 119.51173398219282 0
127 224 97 59.410160319999996 129.91023265805825 0
151 214 63 58.383073679999995 123.69899604341569 0
137 218 81 59.018870844999995 126.6525363410057 0
151 202 51 58.00283537999999 122.39505156067753 0
191 143 -48 53.67144552 113.18139501509185 0
195 147 -48 53.740032 113.29972929024001 0
161 138 -23 54.666770844999995 114.9346260468932 0
127 136 9 56.38539858 118.28241073615129 0
126 133 7 56.26216612499999 118.02045727742626 0
140 136 -4 55.615501005 116.71165433323378 0
137 127 -10 55.28188161999999 116.07097567185465 0
140 130 -10 55.28351012499999 116.07405637614626 0
135 131 -4 55.607677779999996 116.69639625153994 0
133 130 -3 55.680910125 116.83970190783376 0
135 130 -5 55.547968 116.58033144832001 0
134 137 3 56.050089445 117.579898724325 0
134 145 11 56.45793442 118.43883322044104 0
140 129 -11 55.254149604999995 116.01857936610165 0
139 127 -12 55.17371487999999 115.86729163837953 0
136 124 -12 55.15059682 115.82399289676025 0
131 121 -10 55.242704499999995 115.99699094279 0
126 125 -1 55.810087845 117.0951898473442 0
127 119 -8 55.356472 116.21252702656001 0
129 122 -7 55.42720552 116.34762551797185 0
126 123 -3 55.684011205 116.84579416571054 0
125 120 -5 55.52269312 116.53140600049664 0
127 118 -9 55.28676620499999 116.08021731089303 0
125 130 5 56.14241248 117.77017436722689 0
123 144 21 57.059357844999994 119.81258876528582 0
133 129 -4 55.626440499999994 116.73301044767001 0
127 125 -2 55.745772405 116.96754303251734 0
130 126 -4 55.64515857999999 116.7696069648913 0
129 126 -3 55.648273919999994 116.77570468552705 0
127 124 -3 55.66383202 116.80618608635385 0
130 119 -11 55.198416804999994 115.91364640626557 0
129 120 -9 55.291647999999995 116.08945753088001 0
126 126 0 55.83292512 117.14073321675265 0
125 122 -3 55.64983112499999 116.77875336504876 0
128 121 -7 55.407974079999995 116.31080859811328 0
125 129 4 56.079531644999996 117.6403348738396 0
125 125 0 55.86629361999999 117.20748928328936 0
132 138 6 56.219128125 117.93004071984376 0
127 126 -1 55.777998479999994 117.03138996990913 0
138 124 -14 55.03074418 115.60077358567769 0
131 120 -11 55.19183644499999 115.9012888211185 0
127 127 0 55.843558644999995 117.16197899289942 0
124 119 -5 55.55427432 116.59255754553024 0
130 119 -11 55.201705125 115.91982419905875 0
126 120 -6 55.51002592 116.50693049437697 0
123 117 -6 55.44319761999999 116.37829049668264 0
125 117 -8 55.356472 116.21252702656001 0
123 123 0 55.884431379999995 117.24388174135353 0
122 130 8 56.344581805 118.19513093801808 0
126 128 2 55.966991605 117.41050935201788 0
125 121 -4 55.59671224499999 116.67502969364662 0
127 120 -7 55.399947805 116.29546205231594 0
127 118 -9 55.28351012499999 116.07405637614626 0
125 123 -2 55.762669779999996 117.00099262867192 0
124 120 -4 55.590439405 116.66281746616033 0
126 122 -4 55.581020845 116.64449532548431 0
124 118 -6 55.44319761999999 116.37829049668264 0
124 116 -8 55.322501245 116.1479462559929 0
124 115 -9 55.276994245 116.06173260934062 0
121 125 4 56.108849844999995 117.7007415129302 0
121 126 5 56.16276162 117.81242043334537 0
126 127 1 55.89649842 117.26813574324697 0
122 118 -4 55.58416160499999 116.65060321405038 0
127 115 -12 55.085876125 115.70319655203626 0
126 114 -12 55.097527379999995 115.72489756413049 0
121 119 -2 55.74731008 116.97058445238272 0
119 115 -4 55.621754005 116.72385856709573 0
122 114 -8 55.35324258 116.20637936275273 0
120 117 -3 55.662277605 116.80313848374388 0
119 113 -6 55.47190528 116.43345184043008 0
121 111 -10 55.213204479999995 115.94144124735489 0
120 129 9 56.439879045 118.39973619389572 0
117 134 17 56.917952244999995 119.4756535515759 0
132 124 -8 55.366152819999996 116.23096640819176 0
120 121 1 55.904030244999994 117.28329143635261 0
125 108 -17 54.763826124999994 115.11065704721375 0
126 112 -14 54.982016204999994 115.51060114020447 0
119 119 0 55.84659400499999 117.16804831520429 0
115 109 -6 55.447989205 116.38748721817004 0
121 113 -8 55.319258805 116.14179218673243 0
116 112 -4 55.615501005 116.71165433323378 0
116 112 -4 55.593576445 116.668923832326 0
118 110 -8 55.303028004999994 116.11101255050174 0
117 119 2 56.002724005 117.48313623146323 0
117 118 1 55.94905844499999 117.37417742831552 0
121 130 9 56.410602 118.33656770616001 0
119 116 -3 55.64515857999999 116.7696069648913 0
126 115 -11 55.139015005 115.80233096550474 0
123 112 -11 55.162163445 115.84564643565052 0
119 117 -2 55.736539844999996 116.94929219437732 0
117 113 -4 55.573163519999994 116.62922336956417 0
121 112 -9 55.278623679999995 116.06481378861568 0
119 115 -4 55.602980124999995 116.68723990699627 0
117 110 -7 55.377433005 116.25247221381328 0
120 109 -11 55.085876125 115.70319655203626 0
117 122 5 56.165663679999994 117.81845454418433 0
115 132 17 56.92818160499999 119.49970673565214 0
124 122 -2 55.718041244999995 116.9127784800004 0
119 111 -8 55.30140322 116.10793373139657 0
121 110 -11 55.12576004499999 115.7775641241773 0
121 105 -16 54.791377645 115.16083009338992 0
114 112 -2 55.719584499999996 116.91582190769 0
115 105 -10 55.168766125 115.85801614007376 0
116 108 -8 55.33384002 116.16948065388218 0
114 110 -4 55.585731519999996 116.65365696745985 0
113 109 -4 55.585731519999996 116.65365696745985 0
116 106 -10 55.13735921999999 115.79923571552857 0
114 114 0 55.878390419999995 117.23175245984905 0
114 118 4 56.11908192 117.72187710736897 0
118 121 3 56.032364605 117.54362232428664 0
117 116 -1 55.762669779999996 117.00099262867192 0
119 111 -8 55.296527004999994 116.09869633623978 0
121 106 -15 54.823992 115.22034208704001 0
118 111 -7 55.39673512499999 116.28932241172876 0
115 108 -7 55.35970018 116.21867408786169 0
116 105 -11 55.105840404999995 115.74039298828934 0
115 108 -7 55.390306044999996 116.27704137088472 0
113 108 -5 55.530600045 116.5466988449848 0
114 107 -7 55.374211644999995 116.24632844286042 0
114 117 3 56.0515645 117.58292125291001 0
114 107 -7 55.383872005 116.26475797507524 0
118 107 -11 55.105840404999995 115.74039298828934 0
115 109 -6 55.435205444999994 116.362959789793 0
113 109 -4 55.54165671999999 116.56810325569857 0
115 105 -10 55.139015005 115.80233096550474 0
114 111 -3 55.674704245 116.82751598634812 0
113 108 -5 55.52111080499999 116.52834703149958 0
115 108 -7 55.358086244999996 116.21560063244212 0
115 116 1 55.931080644999994 117.3378328044266 0
113 114 1 55.89649842 117.26813574324697 0
119 109 -10 55.17041602 115.86110814209417 0
116 116 0 55.831404805 117.13769770393358 0
115 116 1 55.920572979999996 117.31662579620888 0
119 118 -1 55.790239119999995 117.05570015177537 0
118 106 -12 55.060857999999996 115.65666499672001 0
119 107 -12 55.059187644999994 115.65356145818009 0
118 103 -15 54.801689005 115.17963134211074 0
113 107 -6 55.39673512499999 116.28932241172876 0
113 105 -8 55.28839377999999 116.08329754167593 0
112 106 -6 55.46234722 116.41506977086456 0
113 108 -5 55.51794524499999 116.52222869209513 0
112 108 -4 55.559000805 116.60172574963295 0
114 106 -8 55.273734444999995 116.05556977466 0
114 119 5 56.18594338 117.86068621333449 0
113 121 8 56.410602 118.33656770616001 0
120 123 3 56.0515645 117.58292125291001 0
116 115 -1 55.779529645 117.0344291144136 0
120 112 -8 55.290021044999996 116.0863776149503 0
123 108 -15 54.82227824499999 115.2172117142339 0
118 111 -7 55.37904322 116.25554387646345 0
116 109 -7 55.374211644999995 116.24632844286042 0
116 111 -5 55.506856019999994 116.50081027216585 0
116 111 -5 55.535340479999995 116.55587295717889 0
115 115 0 55.835964819999994 117.14680394011577 0
116 110 -6 55.44319761999999 116.37829049668264 0
117 120 3 56.02052324499999 117.5194317535064 0
117 126 9 56.40640840499999 118.32754237859884 0
121 125 4 56.124922 117.73395306056001 0
121 118 -3 55.674704245 116.82751598634812 0
122 122 0 55.86629361999999 117.20748928328936 0
125 112 -13 55.017328019999994 115.57591397600186 0
125 115 -10 55.21812812499999 115.95070321765625 0
122 109 -13 54.9769605 115.50126400887001 0
118 121 3 56.038277844999996 117.55571570796332 0
118 118 0 55.837484204999996 117.14983915098753 0
123 116 -7 55.388698 116.27397074312 0
119 111 -8 55.351627404999995 116.20330530449984 0
119 124 5 56.16711424499999 117.8214715033594 0
119 122 3 56.06040831999999 117.60105481547777 0
127 125 -2 55.74423442 116.96450150249896 0
120 114 -6 55.451182044999996 116.3936176591233 0
124 111 -13 54.993801999999995 115.53238121384001 0
124 105 -19 54.575777605 114.77055723515363 0
118 111 -7 55.364540125 116.22789355298376 0
114 107 -7 55.383872005 116.26475797507524 0
115 111 -4 55.577878845 116.6383869268297 0
115 113 -2 55.748847444999996 116.973625762259 0
114 112 -2 55.741157519999994 116.95841811134785 0
117 112 -5 55.516361999999994 116.51916932136001 0
116 120 4 56.11762112499999 117.71885794610125 0
117 126 9 56.448218804999996 118.41778163573494 0
121 123 2 55.96848402 117.41353644792986 0
121 113 -8 55.31601512499999 116.13563749989126 0
123 113 -10 55.18030888 115.87965660451648 0
122 108 -14 54.948258804999995 115.44832145456508 0
117 115 -2 55.71340961999999 116.90364751766137 0
116 115 -1 55.771870719999995 117.01923232313345 0
118 117 -1 55.79787944499999 117.07089058458251 0
118 118 0 55.843558644999995 117.16197899289942 0
118 119 1 55.917567999999996 117.31056583168001 0
121 116 -5 55.506856019999994 116.50081027216585 0
122 127 5 56.191726419999995 117.87275015954296 0
121 121 0 55.870832244999995 117.2165886990534 0
129 121 -8 55.3726005 116.24325633423001 0
123 115 -8 55.319258805 116.14179218673243 0
123 116 -7 55.417595379999995 116.32921965723753 0
123 112 -11 55.107502079999996 115.74349154537472 0
120 120 0 55.825320444999996 117.1255546412505 0
119 114 -5 55.516361999999994 116.51916932136001 0
122 114 -8 55.362927119999995 116.22482054796865 0
119 113 -6 55.473497204999994 116.43651503183548 0
118 111 -7 55.35485744499999 116.2094532700515 0
119 111 -8 55.33384002 116.16948065388218 0
117 123 6 56.213368644999996 117.91798132830692 0
117 131 14 56.694555279999996 118.96178113452993 0
122 122 0 55.85417698 117.18321988541513 0
120 118 -2 55.72883752 116.93408010785217 0
123 116 -7 55.42720552 116.34762551797185 0
124 113 -11 55.11414567999999 115.75588402002369 0
121 117 -4 55.624878644999995 116.7299599438006 0
120 111 -9 55.28676620499999 116.08021731089303 0
121 107 -14 54.931333605 115.41715302870237 0
119 106 -13 54.92963938 115.41403512875848 0
115 113 -2 55.697950719999994 116.87320356806657 0
114 112 -2 55.74423442 116.96450150249896 0
116 125 9 56.442660204999996 118.40575146936098 0
115 125 10 56.48560961999999 118.49897260167864 0
121 124 3 56.070712005 117.62220718722477 0
120 119 -1 55.820753919999994 117.11644627767296 0
124 120 -4 55.61393697999999 116.7086029653849 0
126 116 -10 55.23779480499999 115.98773633319894 0
125 121 -4 55.581020845 116.64449532548431 0
123 118 -5 55.536920005 116.55893072981027 0
124 120 -4 55.576307379999996 116.63533253580954 0
123 123 0 55.843558644999995 117.16197899289942 0
123 120 -3 55.67780780499999 116.83360918181658 0
125 118 -7 55.39834162 116.29239230520537 0
124 130 6 56.222006005 117.93607006668374 0
123 137 14 56.70786898 118.99182567708712 0
133 123 -10 55.26231538 116.03399483670249 0
127 126 -1 55.779529645 117.0344291144136 0
128 130 2 55.964005844999996 117.40445490134182 0
128 124 -4 55.62331648 116.72690931699714 0
132 128 -4 55.617064719999995 116.71470557716545 0
129 125 -4 55.58887041999999 116.65976409335097 0
131 126 -5 55.568445405 116.62005865722568 0
130 127 -3 55.660722879999994 116.8000907621325 0
130 126 -4 55.637364805 116.75436054636644 0
131 126 -5 55.55585012499999 116.59561374365376 0
130 133 3 56.06335378 117.60709872733594 0
130 143 13 56.58013720499999 118.70637854803797 0
135 126 -9 55.340312499999996 116.18178265625001 0
136 128 -8 55.377433005 116.25247221381328 0
133 126 -7 55.41438952 116.32308321687617 0
130 119 -11 55.18689791999999 115.89201887748098 0
128 127 -1 55.770338005 117.01619264343077 0
127 122 -5 55.535340479999995 116.55587295717889 0
130 122 -8 55.34678002 116.19408222237786 0
126 120 -6 55.506856019999994 116.50081027216585 0
125 122 -3 55.6576125 116.79399496125001 0
126 121 -5 55.530600045 116.5466988449848 0
126 130 4 56.07806247999999 117.63731377813312 0
125 137 12 56.55288980499999 118.64627099151858 0
130 126 -4 55.59200808 116.66587071243073 0
129 126 -3 55.687111044999995 116.8518859567578 0
130 124 -6 55.5005125 116.48856820375 0
129 119 -10 55.25088112499999 116.01241205236126 0
129 128 -1 55.80245992 117.08000358797506 0
126 127 1 55.910050125 117.29541431384627 0
132 126 -6 55.524275124999996 116.53446483590875 0
127 127 0 55.83292512 117.14073321675265 0
128 123 -5 55.579449999999994 116.64144119000001 0
131 120 -11 55.17371487999999 115.86729163837953 0
129 130 1 55.891975605 117.25904120152438 0
126 135 9 56.396612499999996 118.30648199875 0
133 124 -9 55.304652479999994 116.11409121357313 0
129 125 -4 55.63424512499999 116.74826112874126 0
129 122 -7 55.40155367999999 116.29853165322433 0
128 123 -5 55.552698205 116.58950121709898 0
127 128 1 55.946065245 117.36812088060489 0
127 126 -1 55.81466087999999 117.10430036240449 0
130 132 2 55.986368819999996 117.44985493262377 0
128 135 7 56.24641792 117.98731032571905 0
133 131 -2 55.716497679999996 116.90973493920833 0
135 126 -9 55.34354687999999 116.1879327431885 0
134 137 3 56.014595125 117.50733454542876 0
132 139 7 56.253580845 118.0023779328232 0
141 126 -15 54.983700819999996 115.51371314145226 0
136 127 -9 55.348396124999994 116.19715673447627 0
132 130 -2 55.754993805 116.98578990515009 0
130 129 -1 55.80245992 117.08000358797506 0
133 135 2 55.958030605 117.39234495999314 0
132 132 0 55.84659400499999 117.16804831520429 0
137 133 -4 55.621754005 116.72385856709573 0
135 130 -5 55.590439405 116.66281746616033 0
136 124 -12 55.16546540499999 115.85183162745818 0
136 126 -10 55.28676620499999 116.08021731089303 0
131 135 4 56.07659300499999 117.63429260848673 0
130 136 6 56.197504499999994 117.88481312721001 0
137 134 -3 55.66383202 116.80618608635385 0
133 129 -4 55.615501005 116.71165433323378 0
136 122 -14 55.01564960499999 115.57280569679588 0
135 118 -17 54.844532879999996 115.25789076877248 0
129 125 -4 55.587301124999996 116.65671059383877 0
124 119 -5 55.546390644999995 116.5772745970191 0
128 118 -10 55.254149604999995 116.01857936610165 0
124 120 -4 55.576307379999996 116.63533253580954 0
122 123 1 55.937078205 117.34994910766648 0
124 120 -4 55.617064719999995 116.71470557716545 0
125 128 3 56.070712005 117.62220718722477 0
124 135 11 56.506284644999994 118.5440699584786 0
130 120 -10 55.257416844999995 116.0247460360437 0
129 120 -9 55.296527004999994 116.09869633623978 0
127 122 -5 55.527438204999996 116.54058210663354 0
124 119 -5 55.519528179999995 116.52528792875368 0
124 122 -2 55.75192124499999 116.97970805269962 0
124 116 -8 55.31277020499999 116.12948219415847 0
125 114 -11 55.16546540499999 115.85183162745818 0
123 116 -7 55.39512832 116.28625237172224 0
119 112 -7 55.391913779999996 116.28011185146408 0
120 115 -5 55.543235005 116.57116050087224 0
119 124 5 56.165663679999994 117.81845454418433 0
119 134 15 56.74233952 119.06994180176385 0
122 120 -2 55.75345768 116.98274903359169 0
123 125 2 55.955041124999994 117.38628946669876 0
125 123 -2 55.710320319999994 116.89755964173824 0
125 119 -6 55.452777999999995 116.39668266808002 0
127 126 -1 55.803986124999994 117.08304104737377 0
124 121 -3 55.687111044999995 116.8518859567578 0
129 120 -9 55.291647999999995 116.08945753088001 0
125 118 -7 55.436804499999994 116.36602621571001 0
124 118 -6 55.478271119999995 116.44570377471936 0
124 117 -7 55.436804499999994 116.36602621571001 0
123 127 4 56.07806247999999 117.63731377813312 0
122 137 15 56.76476464499999 119.12101903275892 0
127 127 0 55.845076479999996 117.16501370380288 0
126 123 -3 55.693307004999994 116.86406814360728 0
128 122 -6 55.497338879999994 116.48244635492352 0
127 119 -8 55.38226272 116.26168675693057 0
126 123 -3 55.64671640499999 116.77265588552918 0
125 118 -7 55.415992605 116.32615150933864 0
126 120 -6 55.511610405 116.50999040305683 0
124 123 -1 55.781060499999995 117.03746815237001 0
124 119 -5 55.551121779999995 116.5864447581961 0
125 116 -9 55.28839377999999 116.08329754167593 0
124 127 3 56.02792642 117.53455145739704 0
122 133 11 56.52414657999999 118.5831498340033 0
130 127 -3 55.66849340499999 116.81532818181384 0
125 119 -6 55.463941004999995 116.41813379769874 0
127 121 -6 55.452777999999995 116.39668266808002 0
126 117 -9 55.299778124999996 116.10485475609376 0
123 124 1 55.94456818 117.36509247404634 0
123 118 -5 55.506856019999994 116.50081027216585 0
126 119 -7 55.412786125 116.32001477968626 0
123 127 4 56.09860257999999 117.67960246404729 0
122 125 3 56.01311232 117.50431004135424 0
128 117 -11 55.16381457999999 115.84873911653528 0
125 122 -3 55.687111044999995 116.8518859567578 0
124 128 4 56.13075712 117.74602791460865 0
125 115 -10 55.204992204999996 115.92600132707955 0
127 121 -6 55.452777999999995 116.39668266808002 0
123 114 -9 55.291647999999995 116.08945753088001 0
121 116 -5 55.53849921999999 116.56198837033145 0
121 118 -3 55.676256179999996 116.83056264284569 0
119 112 -7 55.3726005 116.24325633423001 0
122 110 -12 55.04915900499999 115.63493643521929 0
119 112 -7 55.358086244999996 116.21560063244212 0
116 114 -2 55.694855219999994 116.86711340059945 0
116 110 -6 55.425604605 116.34455823401338 0
117 132 15 56.78185282 119.16007938354825 0
116 134 18 56.94221458 119.53278275352473 0
134 116 -18 54.736195245 115.0604305490824 0
119 120 1 55.934080044999995 117.34389113571521 0
120 120 0 55.831404805 117.13769770393358 0
121 118 -3 55.656056844999995 116.7909468816512 0
122 121 -1 55.810087845 117.0951898473442 0
122 113 -9 55.280252804999996 116.06789480939908 0
124 113 -11 55.153903119999995 115.83018047606336 0
121 115 -6 55.492576125 116.47326255972376 0
118 113 -5 55.503684879999994 116.49468950906049 0
119 110 -9 55.21648722 115.94761605899545 0
118 120 2 55.95952488 117.39537257573953 0
116 123 7 56.276450125 118.05058528553376 0
122 114 -8 55.309524044999996 116.12332626822322 0
119 108 -11 55.11414567999999 115.75588402002369 0
119 108 -11 55.08087808 115.69389345660929 0
117 107 -10 55.18360402 115.88583807698984 0
113 112 -1 55.75960032 116.99491186546177 0
114 109 -5 55.508441125 116.50387045080126 0
115 106 -9 55.211562644999994 115.93835359404741 0
114 111 -3 55.626440499999994 116.73301044767001 0
113 108 -5 55.52585682 116.53752353789977 0
115 110 -5 55.51002592 116.50693049437697 0
114 119 5 56.17725951999999 117.84258843631616 0
114 123 9 56.4245605 118.36664982113001 0
118 118 0 55.840522045 117.1559092719308 0
118 112 -6 55.473497204999994 116.43651503183548 0
120 110 -10 55.168766125 115.85801614007376 0
120 108 -12 55.019006125 115.57902207082626 0
116 112 -4 55.559000805 116.60172574963295 0
115 108 -7 55.377433005 116.25247221381328 0
116 108 -8 55.291647999999995 116.08945753088001 0
115 105 -10 55.148943204999995 115.82089885028148 0
113 108 -5 55.489399405 116.46713934637218 0
113 105 -8 55.296527004999994 116.09869633623978 0
113 114 1 55.928080005 117.33177411248974 0
113 121 8 56.371353279999994 118.25231814942208 0
115 115 0 55.861752204999995 117.19838899265298 0
116 114 -2 55.70722978 116.89147131012808 0
117 107 -10 55.139015005 115.80233096550474 0
118 105 -13 54.990436179999996 115.52615927149432 0
116 107 -9 55.21648722 115.94761605899545 0
113 106 -7 55.362927119999995 116.22482054796865 0
113 104 -9 55.24434044499999 116.00007548824202 0
112 106 -6 55.451182044999996 116.3936176591233 0
112 104 -8 55.28839377999999 116.08329754167593 0
112 103 -9 55.239431679999996 115.99082136543232 0
112 113 1 55.92958048 117.33480350362113 0
111 107 -4 55.55742562 116.59866981163337 0
115 109 -6 55.441599804999996 116.37522463951608 0
112 108 -4 55.547968 116.58033144832001 0
112 109 -3 55.62331648 116.72690931699714 0
114 106 -8 55.257416844999995 116.0247460360437 0
113 109 -4 55.59671224499999 116.67502969364662 0
113 109 -4 55.585731519999996 116.65365696745985 0
113 115 2 56.011629205 117.50128545612998 0
114 123 9 56.41199924499999 118.33957607661313 0
116 109 -7 55.387089644999996 116.27089996800609 0
118 106 -12 55.059187644999994 115.65356145818009 0
117 119 2 55.987857205 117.45288092246454 0
114 113 -1 55.80856288 117.09215280266753 0
122 111 -11 55.152250124999995 115.82708677196626 0
115 115 0 55.85114471999999 117.17715155403457 0
115 116 1 55.89046738 117.2560094989905 0
119 114 -5 55.503684879999994 116.49468950906049 0
118 117 -1 55.777998479999994 117.03138996990913 0
118 108 -10 55.19019057999999 115.89819900730073 0
120 111 -9 55.28839377999999 116.08329754167593 0
117 111 -6 55.465534479999995 116.42119768488513 0
115 116 1 55.941573119999994 117.35903539470337 0
116 109 -7 55.369377279999995 116.23711166984194 0
117 122 5 56.207604204999996 117.90592099755504 0
116 128 12 56.61672449999999 118.78751398611001 0
124 118 -6 55.492576125 116.47326255972376 0
120 117 -3 55.64671640499999 116.77265588552918 0
121 114 -7 55.407974079999995 116.31080859811328 0
121 111 -10 55.213204479999995 115.94144124735489 0
120 114 -6 55.440001679999995 116.37215864040769 0
118 117 -1 55.80856288 117.09215280266753 0
118 116 -2 55.727296124999995 116.93103735533626 0
119 122 3 56.075123219999995 117.63127136473656 0
119 120 1 55.94905844499999 117.37417742831552 0
123 115 -8 55.361313804999995 116.22174739298258 0
122 128 6 56.244984405 117.98429664015718 0
121 135 14 56.70786898 118.99182567708712 0
132 127 -5 55.536920005 116.55893072981027 0
125 122 -3 55.676256179999996 116.83056264284569 0
127 130 3 56.011629205 117.50128545612998 0
127 117 -10 55.21976872 115.95379021176257 0
132 123 -9 55.28676620499999 116.08021731089303 0
126 117 -9 55.285138319999994 116.07713692243777 0
123 129 6 56.23637680499999 117.96621336403445 0
123 126 3 56.019041679999994 117.51640757239232 0
130 124 -6 55.468720499999996 116.42732504097 0
125 119 -6 55.478271119999995 116.44570377471936 0
126 133 7 56.29781799999999 118.09576769432002 0
126 137 11 56.50215522 118.53505094794056 0
138 123 -15 54.990436179999996 115.52615927149432 0
129 118 -11 55.162163445 115.84564643565052 0
127 116 -11 55.13073298 115.7868529881489 0
125 116 -9 55.285138319999994 116.07713692243777 0
118 121 3 56.022004499999994 117.52245585429 0
121 113 -8 55.325742444999996 116.15409970898352 0
122 115 -7 55.403159245 116.3016011080944 0
120 119 -1 55.764204045 117.0040328476693 0
118 120 2 55.984880125 117.44682885868376 0
121 117 -4 55.566872079999996 116.61700349566529 0
121 130 9 56.421771279999994 118.36063367766593 0
121 140 19 56.97776561999999 119.61699275391337 0
132 134 2 55.97892224499999 117.43472371865411 0
126 130 4 56.10738687999999 117.69772186161153 0
131 125 -6 55.51794524499999 116.52222869209513 0
133 122 -11 55.21976872 115.95379021176257 0
131 124 -7 55.44319761999999 116.37829049668264 0
128 126 -2 55.765738 117.00707295848001 0
128 125 -3 55.680910125 116.83970190783376 0
129 125 -4 55.590439405 116.66281746616033 0
128 122 -6 55.48145218 116.45182891217033 0
129 121 -8 55.34354687999999 116.1879327431885 0
127 134 7 56.270740245 118.03853470936012 0
126 142 16 56.763448 119.11801444288001 0
136 133 -3 55.6886605 116.85493167763 0
130 126 -4 55.626440499999994 116.73301044767001 0
133 125 -8 55.370989044999995 116.2401840766118 0
131 118 -13 55.067536319999995 115.66907735130624 0
128 122 -6 55.467127645 116.4242614325876 0
125 118 -7 55.44319761999999 116.37829049668264 0
125 120 -5 55.524275124999996 116.53446483590875 0
124 121 -3 55.679359119999994 116.83665560342465 0
123 121 -2 55.739618605 116.95537624988738 0
124 119 -5 55.55742562 116.59866981163337 0
124 132 8 56.334690419999994 118.17405805509097 0
124 141 17 56.843196045 119.30131284561472 0
133 127 -6 55.5005125 116.48856820375 0
129 122 -7 55.440001679999995 116.37215864040769 0
130 121 -9 55.31277020499999 116.12948219415847 0
127 117 -10 55.227967045 115.96922271971172 0
123 122 -1 55.811612499999995 117.09822678875001 0
123 119 -4 55.61393697999999 116.7086029653849 0
125 124 -1 55.823798579999995 117.12251862190874 0
123 126 3 56.032364605 117.54362232428664 0
126 127 1 55.938576819999994 117.35297795930025 0
127 129 2 55.953545919999996 117.38326158882305 0
128 141 13 56.582855124999995 118.71238893512876 0
131 148 17 56.804119844999995 119.21116064769981 0
139 135 -4 55.63112420499999 116.74216122331248 0
138 137 -1 55.77646700499999 117.02835071869274 0
137 133 -4 55.640483245 116.7604594774989 0
138 128 -10 55.273734444999995 116.05556977466 0
137 134 -3 55.690209644999996 116.85797728228641 0
134 129 -5 55.590439405 116.66281746616033 0
138 132 -6 55.52111080499999 116.52834703149958 0
134 135 1 55.916065044999996 117.3075357120423 0
134 131 -3 55.697950719999994 116.87320356806657 0
138 133 -5 55.601413619999995 116.68418754191065 0
135 142 7 56.24928402 117.99333753221018 0
137 151 14 56.61672449999999 118.78751398611001 0
144 145 1 55.9025245 117.28026048461001 0
144 137 -7 55.451182044999996 116.3936176591233 0
145 139 -6 55.535340479999995 116.55587295717889 0
141 141 0 55.878390419999995 117.23175245984905 0
141 140 -1 55.81466087999999 117.10430036240449 0
146 138 -8 55.452777999999995 116.39668266808002 0
144 136 -8 55.440001679999995 116.37215864040769 0
143 139 -4 55.617064719999995 116.71470557716545 0
142 140 -2 55.765738 117.00707295848001 0
143 135 -8 55.41438952 116.32308321687617 0
144 145 1 55.89649842 117.26813574324697 0
140 153 13 56.54605857999999 118.63124296316873 0
148 139 -9 55.366152819999996 116.23096640819176 0
148 132 -16 54.990436179999996 115.52615927149432 0
142 129 -13 55.14067048 115.80542604306113 0
136 122 -14 54.998848405 115.54171272770118 0
130 128 -2 55.741157519999994 116.95841811134785 0
129 126 -3 55.696403124999996 116.87015854203125 0
130 125 -5 55.543235005 116.57116050087224 0
129 125 -4 55.63580511999999 116.75131089844737 0
128 123 -5 55.530600045 116.5466988449848 0
130 125 -5 55.544812979999996 116.57421761459113 0
128 144 16 56.78185282 119.16007938354825 0
128 150 22 57.080481279999994 119.86377385582593 0
141 130 -11 55.223048979999994 115.95996370696713 0
134 136 2 55.956536019999994 117.38931725703416 0
131 132 1 55.934080044999995 117.34389113571521 0
135 128 -7 55.425604605 116.34455823401338 0
134 131 -3 55.696403124999996 116.87015854203125 0
132 126 -6 55.490987919999995 116.47020102147906 0
135 128 -7 55.441599804999996 116.37522463951608 0
132 127 -5 55.577878845 116.6383869268297 0
131 125 -6 55.492576125 116.47326255972376 0
132 125 -7 55.452777999999995 116.39668266808002 0
130 137 7 56.276450125 118.05058528553376 0
130 138 8 56.302083204999995 118.10480283448398 0
138 131 -7 55.468720499999996 116.42732504097 0
133 124 -9 55.32736258 116.15717620478729 0
133 123 -10 55.232882319999995 115.97848026031426 0
131 122 -9 55.325742444999996 116.15409970898352 0
126 127 1 55.925078125 117.32571505859376 0
127 121 -6 55.514778445 116.5161098163845 0
129 123 -6 55.484632 116.45795349824002 0
126 124 -2 55.756529619999995 116.98883066753865 0
126 121 -5 55.574735604999994 116.63227801677564 0
128 119 -9 55.26884242 116.04632432985497 0
126 130 4 56.111774845 117.70678060423482 0
124 133 9 56.41618912 118.34860097406465 0
133 134 1 55.90101844499999 117.27722943959199 0
127 124 -3 55.67004658 116.81837531005672 0
132 121 -11 55.203348819999995 115.92291284608376 0
131 120 -11 55.196772179999996 115.9105572601697 0
126 126 0 55.85114471999999 117.17715155403457 0
124 123 -1 55.764204045 117.0040328476693 0
128 125 -3 55.66693992 116.81228093522498 0
126 127 1 55.89649842 117.26813574324697 0
127 128 1 55.94007512499999 117.35600672159126 0
129 131 2 55.952050404999994 117.38023362324319 0
130 138 8 56.31344344499999 118.12889441777301 0
132 139 7 56.27930320499999 118.05661026401854 0
137 135 -2 55.738079379999995 116.95233427761849 0
138 128 -10 55.299778124999996 116.10485475609376 0
138 124 -14 55.045813644999996 115.62872664583442 0
135 121 -14 54.98706912 115.51993658113537 0
130 131 1 55.894991125 117.26510432348876 0
126 127 1 55.91155431999999 117.29844480166977 0
134 126 -8 55.35485744499999 116.2094532700515 0
128 128 0 55.867806804999994 117.21052251886694 0
128 126 -2 55.764204045 117.0040328476693 0
132 123 -9 55.291647999999995 116.08945753088001 0
130 135 5 56.149687005 117.78526372606024 0
128 138 10 56.41199924499999 118.33957607661313 0
139 136 -3 55.694855219999994 116.86711340059945 0
132 129 -3 55.676256179999996 116.83056264284569 0
135 123 -12 55.160512 115.84255358464002 0
135 118 -17 54.835979605 115.24224902013414 0
129 125 -4 55.64515857999999 116.7696069648913 0
124 123 -1 55.79176780499999 117.05873844848344 0
128 122 -6 55.467127645 116.4242614325876 0
125 124 -1 55.790239119999995 117.05570015177537 0
125 121 -4 55.607677779999996 116.69639625153994 0
127 118 -9 55.263947605 116.03707744977638 0
126 127 1 55.899512079999994 117.27419830113473 0
123 142 19 56.957480499999996 119.56886973193002 0
129 129 0 55.86931968 117.21355565740033 0
129 125 -4 55.621754005 116.72385856709573 0
129 119 -10 55.227967045 115.96922271971172 0
127 116 -11 55.17371487999999 115.86729163837953 0
124 120 -4 55.576307379999996 116.63533253580954 0
122 113 -9 55.278623679999995 116.06481378861568 0
123 117 -6 55.441599804999996 116.37522463951608 0
120 121 1 55.928080005 117.33177411248974 0
119 125 6 56.20904578 117.90893616886792 0
122 110 -12 55.052503124999994 115.64114549953126 0
122 117 -5 55.54165671999999 116.56810325569857 0
120 121 1 55.93557928 117.34692016652609 0
117 126 9 56.396612499999996 118.30648199875 0
121 118 -3 55.65138802 116.78180192425816 0
122 114 -8 55.328982405 116.16025254701518 0
123 111 -12 55.07254180499999 115.67838473228194 0
120 117 -3 55.632684819999994 116.74521123708425 0
117 110 -7 55.412786125 116.32001477968626 0
119 110 -9 55.263947605 116.03707744977638 0
117 110 -7 55.37904322 116.25554387646345 0
114 109 -5 55.53849921999999 116.56198837033145 0
115 110 -5 55.489399405 116.46713934637218 0
114 118 4 56.126381245 117.73697187670712 0
114 126 12 56.63829921999999 118.83559013620857 0
118 117 -1 55.77646700499999 117.02835071869274 0
119 113 -6 55.484632 116.45795349824002 0
119 112 -7 55.35324258 116.20637936275273 0
119 108 -11 55.139015005 115.80233096550474 0
116 111 -5 55.540078124999994 116.56504587890626 0
115 108 -7 55.340312499999996 116.18178265625001 0
115 111 -4 55.587301124999996 116.65671059383877 0
114 108 -6 55.455968979999994 116.40281226377289 0
114 109 -5 55.51794524499999 116.52222869209513 0
114 107 -7 55.370989044999995 116.2401840766118 0
113 114 1 55.943070805 117.36206397880045 0
113 126 13 56.68121058 118.93173640782072 0
116 106 -10 55.148943204999995 115.82089885028148 0
118 105 -13 54.971902005 115.49192518270775 0
115 104 -11 55.06419777999999 115.66287153360008 0
113 105 -8 55.299778124999996 116.10485475609376 0
109 107 -2 55.741157519999994 116.95841811134785 0
111 100 -11 55.045813644999996 115.62872664583442 0
111 100 -11 55.074209679999996 115.68148683444034 0
110 102 -8 55.241068244999994 115.9939062352414 0
108 102 -6 55.388698 116.27397074312 0
109 101 -8 55.23615762 115.98465113837737 0
109 123 14 56.768712719999996 119.13003284410945 0
109 122 13 56.72115168 119.02187019935234 0
122 117 -5 55.55427432 116.59255754553024 0
111 110 -1 55.764204045 117.0040328476693 0
116 106 -10 55.17536384499999 115.8703831329722 0
119 105 -14 54.866735125 115.29853583820875 0
113 110 -3 55.63424512499999 116.74826112874126 0
112 101 -11 55.040793279999995 115.61941059937793 0
113 102 -11 55.04915900499999 115.63493643521929 0
111 106 -5 55.52901928 116.54364054227392 0
109 100 -9 55.21648722 115.94761605899545 0
111 100 -11 55.019006125 115.57902207082626 0
109 110 1 55.931080644999994 117.3378328044266 0
108 119 11 56.609966125 118.77248962511376 0
113 107 -6 55.39673512499999 116.28932241172876 0
112 103 -9 55.232882319999995 115.97848026031426 0
111 102 -9 55.231244204999996 115.97539457674497 0
112 102 -10 55.142325645 115.8085209483616 0
110 106 -4 55.533760644999994 116.55281505227342 0
110 102 -8 55.296527004999994 116.09869633623978 0
110 100 -10 55.090871379999996 115.71249804849353 0
110 102 -8 55.28676620499999 116.08021731089303 0
109 101 -8 55.278623679999995 116.06481378861568 0
109 99 -10 55.10417842 115.73729425550697 0
109 107 -2 55.690209644999996 116.85797728228641 0
108 116 8 56.388203919999995 118.28842878176705 0
110 110 0 55.819231124999995 117.11340995245126 0
111 102 -9 55.17371487999999 115.86729163837953 0
111 99 -12 54.97358848 115.49503831334913 0
112 99 -13 54.871851279999994 115.30791068134593 0
109 103 -6 55.387089644999996 116.27089996800609 0
108 104 -4 55.533760644999994 116.55281505227342 0
109 103 -6 55.43360608 116.35989322127872 0
109 104 -5 55.51319458 116.51305017700473 0
109 100 -9 55.20827804499999 115.9321777916388 0
110 98 -12 54.975274645 115.4981512553486 0
109 111 2 55.962512499999995 117.40142754625 0
108 106 -2 55.738079379999995 116.95233427761849 0
113 106 -7 55.33707688 116.17563196025154 0
109 100 -9 55.16711592 115.85492396858305 0
110 98 -12 54.924554844999996 115.4046802708577 0
111 94 -17 54.586319605 114.78951907082838 0
108 101 -7 55.35485744499999 116.2094532700515 0
108 101 -7 55.325742444999996 116.15409970898352 0
108 98 -10 55.13735921999999 115.79923571552857 0
107 100 -7 55.291647999999995 116.08945753088001 0
107 100 -7 55.324121999999996 116.15102305944 0
108 96 -12 54.9092845 115.37660523619002 0
108 105 -3 55.624878644999995 116.7299599438006 0
107 99 -8 55.252515519999996 116.01549578978816 0
109 99 -10 55.08087808 115.69389345660929 0
107 101 -6 55.422401844999996 116.33842323519131 0
107 99 -8 55.23779480499999 115.98773633319894 0
108 95 -13 54.887183005 115.33602451088424 0
108 102 -6 55.377433005 116.25247221381328 0
107 101 -6 55.42720552 116.34762551797185 0
108 104 -4 55.562150245 116.6078372363474 0
108 111 3 56.09274017999999 117.66752143493832 0
108 110 2 55.975941445 117.42867063978349 0
111 105 -6 55.452777999999995 116.39668266808002 0
111 117 6 56.257874879999996 118.0114178464205 0
112 115 3 56.070712005 117.62220718722477 0
119 115 -4 55.601413619999995 116.68418754191065 0
115 108 -7 55.38226272 116.26168675693057 0
116 110 -6 55.475088819999996 116.43957808457625 0
116 104 -12 55.02739199999999 115.59455978496001 0
114 107 -7 55.348396124999994 116.19715673447627 0
113 104 -9 55.223048979999994 115.95996370696713 0
111 107 -4 55.543235005 116.57116050087224 0
111 107 -4 55.590439405 116.66281746616033 0
111 105 -6 55.435205444999994 116.362959789793 0
112 106 -6 55.415992605 116.32615150933864 0
111 116 5 56.17001444499999 117.82750523004002 0
111 117 6 56.22919528 117.95114242659008 0
115 118 3 56.06188120499999 117.60407680927804 0
114 110 -4 55.55742562 116.59866981163337 0
117 107 -10 55.16381457999999 115.84873911653528 0
118 104 -14 54.88548072 115.33290154222657 0
114 106 -8 55.285138319999994 116.07713692243777 0
112 105 -7 55.319258805 116.14179218673243 0
111 107 -4 55.579449999999994 116.64144119000001 0
111 109 -2 55.682460819999996 116.84274809520777 0
111 111 0 55.842040499999996 117.15894418233 0
112 106 -6 55.4047645 116.30467041709001 0
113 121 8 56.389606125 118.29143774667375 0
112 132 20 57.0829605 119.86979651463001 0
123 127 4 56.086872819999996 117.65543924900825 0
117 111 -6 55.460753125 116.41200560421876 0
121 113 -8 55.358086244999996 116.21560063244212 0
121 107 -14 54.89909032 115.35787978469824 0
115 113 -2 55.690209644999996 116.85797728228641 0
114 108 -6 55.43360608 116.35989322127872 0
115 110 -5 55.514778445 116.5161098163845 0
114 110 -4 55.551121779999995 116.5864447581961 0
113 108 -5 55.48304224499999 116.4548912740459 0
114 109 -5 55.492576125 116.47326255972376 0
113 119 6 56.27930320499999 118.05661026401854 0
113 134 21 57.15309700499999 120.04152745566275 0
118 114 -4 55.574735604999994 116.63227801677564 0
118 114 -4 55.568445405 116.62005865722568 0
119 112 -7 55.406369444999996 116.30773958037503 0
118 109 -9 55.231244204999996 115.97539457674497 0
114 109 -5 55.52585682 116.53752353789977 0
115 107 -8 55.26884242 116.04632432985497 0
114 107 -7 55.390306044999996 116.27704137088472 0
113 114 1 55.93557928 117.34692016652609 0
112 114 2 55.974450579999996 117.42564397256072 0
115 114 -1 55.810087845 117.0951898473442 0
114 123 9 56.450996245 118.4237965292654 0
116 136 20 57.080481279999994 119.86377385582593 0
122 117 -5 55.508441125 116.50387045080126 0
124 117 -7 55.424003379999995 116.3414908064745 0
123 112 -11 55.13073298 115.7868529881489 0
120 110 -10 55.195127244999995 115.90746794738912 0
116 116 0 55.826842 117.12859055896001 0
115 110 -5 55.524275124999996 116.53446483590875 0
118 113 -5 55.527438204999996 116.54058210663354 0
115 120 5 56.184496845 117.85767007265632 0
115 116 1 55.920572979999996 117.31662579620888 0
119 112 -7 55.35324258 116.20637936275273 0
118 123 5 56.17001444499999 117.82750523004002 0
117 121 4 56.1395005 117.76413815773 0
126 119 -7 55.428806124999994 116.35069265851376 0
120 121 1 55.89800540499999 117.27116706907434 0
121 122 1 55.926579219999994 117.32874463086857 0
124 116 -8 55.351627404999995 116.20330530449984 0
125 114 -11 55.14067048 115.80542604306113 0
122 112 -10 55.211562644999994 115.93835359404741 0
119 119 0 55.876879405 117.22871990013968 0
117 127 10 56.464864844999994 118.45386915278769 0
121 123 2 55.98190180499999 117.44077645785057 0
121 117 -4 55.58887041999999 116.65976409335097 0
122 124 2 56.010145779999995 117.4982607895921 0
122 130 8 56.358686004999996 118.22523136221878 0
127 126 -1 55.811612499999995 117.09822678875001 0
126 123 -3 55.64515857999999 116.7696069648913 0
127 121 -6 55.457564004999995 116.40587685083678 0
127 117 -10 55.20663527999999 115.92908964220993 0
125 124 -1 55.811612499999995 117.09822678875001 0
123 120 -3 55.682460819999996 116.84274809520777 0
127 119 -8 55.34678002 116.19408222237786 0
123 122 -1 55.764204045 117.0040328476693 0
122 121 -1 55.784121279999994 117.0435459092941 0
125 119 -6 55.465534479999995 116.42119768488513 0
124 129 5 56.135130204999996 117.75508334014154 0
123 140 17 56.85486449999999 119.32836123009001 0
130 125 -5 55.52901928 116.54364054227392 0
129 129 0 55.82988417999999 117.13466209013768 0
128 123 -5 55.574735604999994 116.63227801677564 0
128 118 -10 55.24434044499999 116.00007548824202 0
127 127 0 55.84659400499999 117.16804831520429 0
124 123 -1 55.79176780499999 117.05873844848344 0
129 124 -5 55.56057568 116.60478155781632 0
125 128 3 56.029406124999994 117.53757515898626 0
125 132 7 56.29355000499999 118.08673211285723 0
130 127 -3 55.66849340499999 116.81532818181384 0
131 138 7 56.234941119999995 117.96319928935937 0
130 140 10 56.41339617999999 118.3425844113057 0
138 138 0 55.849628124999995 117.17411724015626 0
136 128 -8 55.417595379999995 116.32921965723753 0
137 125 -12 55.17536384499999 115.8703831329722 0
135 124 -11 55.18360402 115.88583807698984 0
130 131 1 55.894991125 117.26510432348876 0
127 130 3 56.064826045 117.61012056981531 0
133 125 -8 55.391913779999996 116.28011185146408 0
131 128 -3 55.66383202 116.80618608635385 0
129 125 -4 55.63892418 116.75741007266234 0
131 124 -7 55.428806124999994 116.35069265851376 0
130 133 3 56.042709519999995 117.56478492232385 0
128 150 22 57.066823404999994 119.83065258038384 0
135 124 -11 55.231244204999996 115.97539457674497 0
136 125 -11 55.181956604999996 115.88274742483287 0
130 122 -8 55.383872005 116.26475797507524 0
124 114 -10 55.193481999999996 115.90437846776001 0
120 122 2 56.001238719999996 117.48011107360257 0
122 119 -3 55.66383202 116.80618608635385 0
123 120 -3 55.64671640499999 116.77265588552918 0
121 119 -2 55.70104497999999 116.87929327460313 0
121 117 -4 55.59827968 116.67808243539969 0
123 114 -9 55.28188161999999 116.07097567185465 0
121 127 6 56.24068199999999 117.97525525224 0
119 136 17 56.89229204499999 119.4155277378533 0
129 124 -5 55.581020845 116.64449532548431 0
124 130 6 56.197504499999994 117.88481312721001 0
125 127 2 55.969976124999995 117.41656345777626 0
129 122 -7 55.440001679999995 116.37215864040769 0
130 128 -2 55.750384499999996 116.97666696231 0
127 127 0 55.878390419999995 117.23175245984905 0
131 126 -5 55.573163519999994 116.62922336956417 0
129 128 -1 55.822276405 117.11948250077084 0
129 127 -2 55.750384499999996 116.97666696231 0
132 125 -7 55.44319761999999 116.37829049668264 0
131 136 5 56.16276162 117.81242043334537 0
129 137 8 56.321950605 118.14696111696064 0
139 138 -1 55.782591045 117.04050708394222 0
133 133 0 55.84659400499999 117.16804831520429 0
136 127 -9 55.341929844999996 116.18485777576981 0
138 122 -16 54.89909032 115.35787978469824 0
133 129 -4 55.64515857999999 116.7696069648913 0
127 126 -1 55.799406579999996 117.0739283567433 0
132 130 -2 55.767271644999994 117.01011296126792 0
128 130 2 56.002724005 117.48313623146323 0
131 126 -5 55.573163519999994 116.62922336956417 0
133 124 -9 55.345163604999996 116.19100755866988 0
130 133 3 56.007177999999996 117.49221121192001 0
129 136 7 56.285005645 118.06865960833842 0
135 134 -1 55.823798579999995 117.12251862190874 0
133 125 -8 55.406369444999996 116.30773958037503 0
134 123 -11 55.18689791999999 115.89201887748098 0
131 121 -10 55.25088112499999 116.01241205236126 0
127 135 8 56.304925125 118.11082601827876 0
125 132 7 56.273595805 118.04456010108458 0
137 139 2 55.946065245 117.36812088060489 0
129 145 16 56.76476464499999 119.12101903275892 0
135 140 5 56.156953779999995 117.80035143712409 0
143 140 -3 55.718041244999995 116.9127784800004 0
141 148 7 56.222006005 117.93607006668374 0
142 152 10 56.388203919999995 118.28842878176705 0
151 156 5 56.12200257999999 117.72791522201274 0
150 150 0 55.843558644999995 117.16197899289942 0
154 142 -12 55.260682845 116.03091206349832 0
152 139 -13 55.18689791999999 115.89201887748098 0
147 146 -1 55.796352 117.06785270784002 0
143 140 -3 55.676256179999996 116.83056264284569 0
149 140 -9 55.390306044999996 116.27704137088472 0
143 143 0 55.84811121999999 117.17108282726744 0
142 141 -1 55.79787944499999 117.07089058458251 0
147 140 -7 55.511610405 116.50999040305683 0
144 147 3 56.01755980499999 117.51338331078394 0
144 154 10 56.368540499999995 118.24629915117 0
150 147 -3 55.70722978 116.89147131012808 0
151 142 -9 55.407974079999995 116.31080859811328 0
148 140 -8 55.457564004999995 116.40587685083678 0
146 137 -9 55.38548098 116.26782904537913 0
144 141 -3 55.72267007999999 116.9219084244173 0
142 136 -6 55.52901928 116.54364054227392 0
145 137 -8 55.42720552 116.34762551797185 0
141 141 0 55.86023777999999 117.19535536726009 0
139 135 -4 55.637364805 116.75436054636644 0
144 132 -12 55.17041602 115.86110814209417 0
139 143 4 56.06335378 117.60709872733594 0
135 145 10 56.425954645 118.36965784135143 0
146 142 -4 55.652944604999995 116.78485036331914 0
141 135 -6 55.547968 116.58033144832001 0
141 134 -7 55.473497204999994 116.43651503183548 0
140 132 -8 55.380653124999995 116.25861539078126 0
138 136 -2 55.72267007999999 116.9219084244173 0
136 130 -6 55.48304224499999 116.4548912740459 0
139 131 -8 55.419197845 116.3322876607367 0
135 135 0 55.88141152 117.23781729174017 0
133 131 -2 55.725754419999994 116.92799449070105 0
138 129 -9 55.33384002 116.16948065388218 0
134 143 9 56.36009471999999 118.22824117100545 0
132 136 4 56.07218272 117.62522865426945 0
146 142 -4 55.63892418 116.75741007266234 0
136 132 -4 55.656056844999995 116.7909468816512 0
138 135 -3 55.704138 116.88538252152001 0
138 133 -5 55.551121779999995 116.5864447581961 0
136 138 2 55.986368819999996 117.44985493262377 0
137 133 -4 55.62331648 116.72690931699714 0
140 131 -9 55.356472 116.21252702656001 0
137 131 -6 55.5005125 116.48856820375 0
134 129 -5 55.55427432 116.59255754553024 0
135 126 -9 55.335458605 116.17255638344514 0
133 137 4 56.079531644999996 117.6403348738396 0
131 138 7 56.26359592 118.02347031461697 0
139 142 3 56.029406124999994 117.53757515898626 0
134 133 -1 55.813136844999995 117.10126362704881 0
140 131 -9 55.366152819999996 116.23096640819176 0
138 138 0 55.85569264499999 117.1862539032451 0
134 139 5 56.154047999999996 117.79431654912001 0
141 131 -10 55.276994245 116.06173260934062 0
139 133 -6 55.514778445 116.5161098163845 0
134 137 3 56.029406124999994 117.53757515898626 0
135 125 -10 55.275364499999995 116.05865127141001 0
140 125 -15 54.971902005 115.49192518270775 0
132 134 2 55.987857205 117.45288092246454 0
127 139 12 56.571976004999996 118.68834700305123 0
137 132 -5 55.59827968 116.67808243539969 0
133 124 -9 55.33384002 116.16948065388218 0
133 122 -11 55.181956604999996 115.88274742483287 0
129 120 -9 55.31114728 116.12640430879809 0
125 127 2 55.96848402 117.41353644792986 0
124 119 -5 55.571591125 116.62616859401126 0
129 121 -8 55.332221125 116.16640477139876 0
124 123 -1 55.767271644999994 117.01011296126792 0
122 121 -1 55.787180819999996 117.04962324199225 0
125 120 -5 55.55427432 116.59255754553024 0
124 141 17 56.83150248 119.27426581178689 0
123 148 25 57.27251921999999 120.34025473154857 0
143 129 -14 55.089206604999994 115.70939772706464 0
131 129 -2 55.762669779999996 117.00099262867192 0
127 127 0 55.867806804999994 117.21052251886694 0
130 122 -8 55.393521205 116.28318218502199 0
128 130 2 55.993807645 117.46498404411241 0
128 123 -5 55.547968 116.58033144832001 0
132 120 -12 55.11082449999999 115.74968813311 0
127 121 -6 55.498925844999995 116.48550734735821 0
123 119 -4 55.58887041999999 116.65976409335097 0
124 118 -6 55.455968979999994 116.40281226377289 0
123 125 2 55.99232049999999 117.46195838903 0
121 124 3 56.050089445 117.579898724325 0
127 126 -1 55.822276405 117.11948250077084 0
124 128 4 56.12784017999999 117.73999062432169 0
127 122 -5 55.568445405 116.62005865722568 0
130 116 -14 54.982016204999994 115.51060114020447 0
127 121 -6 55.490987919999995 116.47020102147906 0
122 118 -4 55.58259138 116.64754933344649 0
122 113 -9 55.275364499999995 116.05865127141001 0
121 115 -6 55.44958577999999 116.39055250920794 0
118 114 -4 55.574735604999994 116.63227801677564 0
118 114 -4 55.60454632 116.69029214685376 0
117 123 6 56.269312 118.03552193536001 0
117 131 14 56.718497619999994 119.01586128865738 0
123 126 3 56.039755379999995 117.55873885756249 0
122 116 -6 55.473497204999994 116.43651503183548 0
125 114 -11 55.152250124999995 115.82708677196626 0
122 114 -8 55.341929844999996 116.18485777576981 0
118 119 1 55.94007512499999 117.35600672159126 0
117 112 -5 55.540078124999994 116.56504587890626 0
120 112 -8 55.33384002 116.16948065388218 0
117 114 -3 55.662277605 116.80313848374388 0
115 113 -2 55.727296124999995 116.93103735533626 0
117 112 -5 55.52111080499999 116.52834703149958 0
116 119 3 56.04566242 117.57083067559498 0
116 122 6 56.24211644499999 117.97826910358152 0
120 123 3 56.03384337999999 117.54664578832552 0
119 115 -4 55.565298444999996 116.61394820510802 0
122 111 -11 55.094199999999994 115.71869816 0
121 110 -11 55.12741799999999 115.78066058568001 0
117 112 -5 55.527438204999996 116.54058210663354 0
114 109 -5 55.479861805 116.44876641244943 0
115 111 -4 55.581020845 116.64449532548431 0
113 112 -1 55.80856288 117.09215280266753 0
114 113 -1 55.762669779999996 117.00099262867192 0
115 110 -5 55.48145218 116.45182891217033 0
115 118 3 56.04861407999999 117.57687611868673 0
114 115 1 55.9325805 117.34086201507 0
119 114 -5 55.535340479999995 116.55587295717889 0
116 115 -1 55.803986124999994 117.08304104737377 0
116 114 -2 55.742696124999995 116.96145986216376 0
118 113 -5 55.52901928 116.54364054227392 0
118 122 4 56.09274017999999 117.66752143493832 0
117 116 -1 55.79176780499999 117.05873844848344 0
123 120 -3 55.63580511999999 116.75131089844737 0
118 119 1 55.934080044999995 117.34389113571521 0
119 117 -2 55.711865124999996 116.90060363657875 0
122 119 -3 55.6576125 116.79399496125001 0
120 144 24 57.252228445 120.288911519922 0
121 122 1 55.926579219999994 117.32874463086857 0
141 121 -20 54.665028879999994 114.93147650956354 0
127 139 12 56.56380364499999 118.67031485496442 0
118 127 9 56.43848799999999 118.39672850752001 0
137 120 -17 54.82741858 115.22660222363129 0
128 121 -7 55.447989205 116.38748721817004 0
120 116 -4 55.609243045 116.6994481166963 0
121 116 -5 55.498925844999995 116.48550734735821 0
122 122 0 55.842040499999996 117.15894418233 0
119 121 2 56.01607761999999 117.51035896851737 0
123 119 -4 55.59827968 116.67808243539969 0
121 134 13 56.645025045 118.85061344358022 0
121 142 21 57.08543847999999 119.87581936401088 0
137 126 -11 55.214846005 115.94452873561627 0
129 129 0 55.843558644999995 117.16197899289942 0
126 124 -2 55.756529619999995 116.98883066753865 0
128 118 -10 55.23615762 115.98465113837737 0
127 125 -2 55.754993805 116.98578990515009 0
124 123 -1 55.774935219999996 117.02531136060057 0
127 128 1 55.910050125 117.29541431384627 0
124 125 1 55.9325805 117.34086201507 0
127 127 0 55.8723445 117.21962164399001 0
128 128 0 55.88141152 117.23781729174017 0
129 140 11 56.464864844999994 118.45386915278769 0
131 146 15 56.71584231999999 119.00985238239426 0
138 134 -4 55.62331648 116.72690931699714 0
137 134 -3 55.662277605 116.80313848374388 0
134 139 5 56.132215125 117.74904645760876 0
134 129 -5 55.587301124999996 116.65671059383877 0
141 139 -2 55.762669779999996 117.00099262867192 0
134 132 -2 55.724212404999996 116.92495151378267 0
138 140 2 55.969976124999995 117.41656345777626 0
135 137 2 55.95952488 117.39537257573953 0
137 135 -2 55.754993805 116.98578990515009 0
138 135 -3 55.67780780499999 116.83360918181658 0
136 148 12 56.513160819999996 118.55910115253225 0
138 144 6 56.16421280499999 117.81543752090094 0
149 142 -7 55.470313045 116.43038851019622 0
141 135 -6 55.50209884499999 116.49162892426281 0
139 134 -5 55.551121779999995 116.5864447581961 0
140 128 -12 55.1770125 115.87347445875001 0
137 136 -1 55.820753919999994 117.11644627767296 0
133 130 -3 55.70722978 116.89147131012808 0
138 128 -10 55.26884242 116.04632432985497 0
133 130 -3 55.699498004999995 116.87624847886924 0
129 128 -1 55.816184605 117.10733699498087 0
133 129 -4 55.637364805 116.75436054636644 0
132 134 2 55.98190180499999 117.44077645785057 0
131 144 13 56.603199999999994 118.75746496000001 0
136 132 -4 55.609243045 116.6994481166963 0
140 131 -9 55.33060191999999 116.16332873583104 0
134 129 -5 55.536920005 116.55893072981027 0
130 127 -3 55.662277605 116.80313848374388 0
131 127 -4 55.59671224499999 116.67502969364662 0
130 122 -8 55.39834162 116.29239230520537 0
130 126 -4 55.609243045 116.6994481166963 0
127 128 1 55.888958845 117.25297770187032 0
128 127 -1 55.771870719999995 117.01923232313345 0
129 125 -4 55.587301124999996 116.65671059383877 0
128 140 12 56.558349205 118.65829307037254 0
128 141 13 56.585571804999994 118.71839926045195 0
142 128 -14 55.074209679999996 115.68148683444034 0
133 127 -6 55.50209884499999 116.49162892426281 0
128 125 -3 55.684011205 116.84579416571054 0
129 124 -5 55.524275124999996 116.53446483590875 0
128 125 -3 55.660722879999994 116.8000907621325 0
127 123 -4 55.59827968 116.67808243539969 0
128 128 0 55.876879405 117.22871990013968 0
126 126 0 55.82836324499999 117.13162637520112 0
130 124 -6 55.51002592 116.50693049437697 0
128 122 -6 55.497338879999994 116.48244635492352 0
126 132 6 56.194616079999996 117.87878176503872 0
126 138 12 56.53237288 118.60118539602753 0
133 127 -6 55.492576125 116.47326255972376 0
131 124 -7 55.411182419999996 116.31694619760505 0
128 123 -5 55.576307379999996 116.63533253580954 0
126 120 -6 55.44958577999999 116.39055250920794 0
126 125 -1 55.813136844999995 117.10126362704881 0
124 119 -5 55.55585012499999 116.59561374365376 0
127 124 -3 55.67780780499999 116.83360918181658 0
123 126 3 56.067769645 117.61616402869392 0
124 124 0 55.86023777999999 117.19535536726009 0
127 123 -4 55.579449999999994 116.64144119000001 0
126 135 9 56.382591999999995 118.27639253504 0
126 140 14 56.68655217999999 118.94375433108969 0
137 126 -11 55.23615762 115.98465113837737 0
131 133 2 55.950554579999995 117.3772055697953 0
127 126 -1 55.805512019999995 117.08607840284617 0
131 125 -6 55.497338879999994 116.48244635492352 0
130 129 -1 55.794824244999994 117.0648147263519 0
127 122 -5 55.535340479999995 116.55587295717889 0
131 123 -8 55.393521205 116.28318218502199 0
127 128 1 55.90854562 117.29238373356665 0
125 127 2 55.975941445 117.42867063978349 0
130 126 -4 55.606112204999995 116.69334426164704 0
128 136 8 56.327615845 118.15900465594932 0
128 143 15 56.690555124999996 118.95276774330875 0
137 132 -5 55.55742562 116.59866981163337 0
135 133 -2 55.736539844999996 116.94929219437732 0
132 130 -2 55.74423442 116.96450150249896 0
133 129 -4 55.626440499999994 116.73301044767001 0
134 132 -2 55.75960032 116.99491186546177 0
132 130 -2 55.724212404999996 116.92495151378267 0
135 131 -4 55.606112204999995 116.69334426164704 0
133 131 -2 55.733459845 116.9432076943227 0
132 129 -3 55.702591645 116.88233795543209 0
134 129 -5 55.568445405 116.62005865722568 0
132 140 8 56.28643047999999 118.07167181773889 0
132 146 14 56.609966125 118.77248962511376 0
140 139 -1 55.80245992 117.08000358797506 0
138 134 -4 55.62956328 116.73911108726209 0
137 131 -6 55.540078124999994 116.56504587890626 0
136 129 -7 55.45915872 116.40894129759745 0
135 130 -5 55.593576445 116.668923832326 0
133 131 -2 55.72883752 116.93408010785217 0
133 131 -2 55.750384499999996 116.97666696231 0
133 131 -2 55.730378605 116.93712274841263 0
133 131 -2 55.719584499999996 116.91582190769 0
133 133 0 55.82988417999999 117.13466209013768 0
133 141 8 56.29355000499999 118.08673211285723 0
135 143 8 56.28643047999999 118.07167181773889 0
140 131 -9 55.35485744499999 116.2094532700515 0
139 136 -3 55.665386125 116.80923357012625 0
133 132 -1 55.813136844999995 117.10126362704881 0
135 129 -6 55.532180499999996 116.54975701493001 0
135 137 2 55.975941445 117.42867063978349 0
132 132 0 55.849628124999995 117.17411724015626 0
139 134 -5 55.551121779999995 116.5864447581961 0
134 132 -2 55.727296124999995 116.93103735533626 0
133 133 0 55.840522045 117.1559092719308 0
135 130 -5 55.55742562 116.59866981163337 0
135 142 7 56.267883444999995 118.0325091090495 0
133 144 11 56.452384499999994 118.42680392919002 0
143 138 -5 55.609243045 116.6994481166963 0
138 136 -2 55.754993805 116.98578990515009 0
136 133 -3 55.659167845 116.79704292135582 0
139 130 -9 55.366152819999996 116.23096640819176 0
136 136 0 55.85872304499999 117.19232164400373 0
134 130 -4 55.607677779999996 116.69639625153994 0
138 132 -6 55.5005125 116.48856820375 0
133 132 -1 55.807037605 117.08911565455614 0
132 131 -1 55.781060499999995 117.03746815237001 0
135 130 -5 55.571591125 116.62616859401126 0
133 137 4 56.089807119999996 117.66148048723137 0
133 144 11 56.49664498 118.52302524825689 0
138 131 -7 55.457564004999995 116.40587685083678 0
140 132 -8 55.406369444999996 116.30773958037503 0
133 130 -3 55.70722978 116.89147131012808 0
131 129 -2 55.74731008 116.97058445238272 0
133 134 1 55.894991125 117.26510432348876 0
132 130 -2 55.72883752 116.93408010785217 0
135 135 0 55.85569264499999 117.1862539032451 0
132 137 5 56.16421280499999 117.81543752090094 0
135 131 -4 55.63112420499999 116.74216122331248 0
137 137 0 55.842040499999996 117.15894418233 0
133 141 8 56.310605245 118.1228718086124 0
137 150 13 56.576057999999996 118.69736284872002 0
141 135 -6 55.533760644999994 116.55281505227342 0
146 132 -14 55.079211445 115.69079206870902 0
137 129 -8 55.40155367999999 116.29853165322433 0
131 131 0 55.86931968 117.21355565740033 0
130 134 4 56.11031249999999 117.70376109375002 0
134 126 -8 55.399947805 116.29546205231594 0
136 130 -6 55.51794524499999 116.52222869209513 0
130 131 1 55.922075004999996 117.31965564142777 0
130 131 1 55.899512079999994 117.27419830113473 0
133 130 -3 55.665386125 116.80923357012625 0
132 134 2 55.990833044999995 117.4589326505038 0
132 141 9 56.381188245 118.2733833757639 0
136 133 -3 55.711865124999996 116.90060363657875 0
139 132 -7 55.468720499999996 116.42732504097 0
134 130 -4 55.609243045 116.6994481166963 0
132 124 -8 55.393521205 116.28318218502199 0
133 129 -4 55.615501005 116.71165433323378 0
129 124 -5 55.540078124999994 116.56504587890626 0
130 125 -5 55.55742562 116.59866981163337 0
128 128 0 55.870832244999995 117.2165886990534 0
126 127 1 55.937078205 117.34994910766648 0
130 126 -4 55.63424512499999 116.74826112874126 0
129 133 4 56.11031249999999 117.70376109375002 0
128 132 4 56.11762112499999 117.71885794610125 0
134 130 -4 55.61393697999999 116.7086029653849 0
132 122 -10 55.242704499999995 115.99699094279 0
130 119 -11 55.1770125 115.87347445875001 0
127 121 -6 55.48145218 116.45182891217033 0
122 128 6 56.24641792 117.98731032571905 0
123 119 -4 55.632684819999994 116.74521123708425 0
128 122 -6 55.486221445 116.46101558491651 0
123 123 0 55.867806804999994 117.21052251886694 0
122 121 -1 55.816184605 117.10733699498087 0
125 120 -5 55.530600045 116.5466988449848 0
124 130 6 56.200391679999996 117.89084424736768 0
123 136 13 56.65174312 118.86563655334336 0
131 125 -6 55.49416402 116.47632396127017 0
129 122 -7 55.457564004999995 116.40587685083678 0
126 121 -5 55.56057568 116.60478155781632 0
123 120 -3 55.65450088 116.78789868239554 0
123 125 2 55.993807645 117.46498404411241 0
123 120 -3 55.63580511999999 116.75131089844737 0
127 118 -9 55.304652479999994 116.11409121357313 0
123 121 -2 55.704138 116.88538252152001 0
120 117 -3 55.67780780499999 116.83360918181658 0
123 116 -7 55.393521205 116.28318218502199 0
121 128 7 56.3120245 118.12588313689001 0
119 133 14 56.682546445 118.93474089344849 0
131 124 -7 55.41438952 116.32308321687617 0
124 120 -4 55.58416160499999 116.65060321405038 0
123 119 -4 55.61393697999999 116.7086029653849 0
122 118 -4 55.60454632 116.69029214685376 0
121 123 2 55.95952488 117.39537257573953 0
121 118 -3 55.685561279999995 116.84884011950592 0
124 118 -6 55.45915872 116.40894129759745 0
121 121 0 55.842040499999996 117.15894418233 0
120 119 -1 55.767271644999994 117.01011296126792 0
123 117 -6 55.463941004999995 116.41813379769874 0
121 127 6 56.203277619999994 117.89687512682265 0
120 127 7 56.277876819999996 118.05359780043977 0
128 125 -3 55.671599445 116.8214223201175 0
123 120 -3 55.65450088 116.78789868239554 0
124 122 -2 55.72112744499999 116.91886522244101 0
124 119 -5 55.552698205 116.58950121709898 0
124 124 0 55.849628124999995 117.17411724015626 0
123 118 -5 55.519528179999995 116.52528792875368 0
125 119 -6 55.451182044999996 116.3936176591233 0
122 121 -1 55.790239119999995 117.05570015177537 0
120 116 -4 55.599846805 116.68113505143307 0
123 117 -6 55.44319761999999 116.37829049668264 0
120 139 19 56.99544999999999 119.65910749000001 0
119 139 20 57.014330124999994 119.70423830124626 0
143 127 -16 54.946567679999994 115.44520547463169 0
126 123 -3 55.685561279999995 116.84884011950592 0
121 120 -1 55.782591045 117.04050708394222 0
125 122 -3 55.64983112499999 116.77875336504876 0
122 123 1 55.94456818 117.36509247404634 0
124 116 -8 55.341929844999996 116.18485777576981 0
125 117 -8 55.35970018 116.21867408786169 0
121 119 -2 55.694855219999994 116.86711340059945 0
119 118 -1 55.79329618 117.06177663995433 0
121 117 -4 55.626440499999994 116.73301044767001 0
120 125 5 56.18594338 117.86068621333449 0
120 128 8 56.37416481999999 118.25833698562425 0
126 124 -2 55.750384499999996 116.97666696231 0
125 117 -8 55.319258805 116.14179218673243 0
124 114 -10 55.18689791999999 115.89201887748098 0
121 115 -6 55.465534479999995 116.42119768488513 0
117 120 3 56.02348544499999 117.52547987490702 0
117 117 0 55.887449999999994 117.24994581000001 0
121 116 -5 55.562150245 116.6078372363474 0
119 115 -4 55.62331648 116.72690931699714 0
119 116 -3 55.674704245 116.82751598634812 0
119 115 -4 55.568445405 116.62005865722568 0
119 123 4 56.135130204999996 117.75508334014154 0
118 133 15 56.768712719999996 119.13003284410945 0
125 120 -5 55.57001842 116.62311368995304 0
124 118 -6 55.489399405 116.46713934637218 0
121 117 -4 55.601413619999995 116.68418754191065 0
119 118 -1 55.810087845 117.0951898473442 0
119 121 2 55.95952488 117.39537257573953 0
121 116 -5 55.546390644999995 116.5772745970191 0
122 118 -4 55.587301124999996 116.65671059383877 0
120 119 -1 55.79329618 117.06177663995433 0
119 116 -3 55.680910125 116.83970190783376 0
121 116 -5 55.55742562 116.59866981163337 0
119 123 4 56.105923604999994 117.69470213963014 0
119 127 8 56.353048044999994 118.2131917055613 0
124 123 -1 55.79329618 117.06177663995433 0
124 122 -2 55.72883752 116.93408010785217 0
123 119 -4 55.602980124999995 116.68723990699627 0
124 118 -6 55.487810579999994 116.4640775342393 0
123 121 -2 55.702591645 116.88233795543209 0
121 117 -4 55.60454632 116.69029214685376 0
123 116 -7 55.39834162 116.29239230520537 0
120 117 -3 55.665386125 116.80923357012625 0
119 118 -1 55.779529645 117.0344291144136 0
120 116 -4 55.626440499999994 116.73301044767001 0
120 127 7 56.2835805 118.06564734843 0
119 117 -2 55.730378605 116.93712274841263 0
128 118 -10 55.21812812499999 115.95070321765625 0
120 119 -1 55.81466087999999 117.10430036240449 0
117 118 1 55.894991125 117.26510432348876 0
121 116 -5 55.51319458 116.51305017700473 0
120 120 0 55.86629361999999 117.20748928328936 0
119 118 -1 55.765738 117.00707295848001 0
122 127 5 56.18594338 117.86068621333449 0
120 126 6 56.232068819999995 117.95717097111626 0
127 118 -9 55.278623679999995 116.06481378861568 0
124 118 -6 55.455968979999994 116.40281226377289 0
120 127 7 56.27502311999999 118.04757271913664 0
120 124 4 56.126381245 117.73697187670712 0
128 128 0 55.837484204999996 117.14983915098753 0
123 121 -2 55.71495380499999 116.90669128514995 0
126 125 -1 55.770338005 117.01619264343077 0
125 121 -4 55.593576445 116.668923832326 0
124 131 7 56.306345619999995 118.11383753777338 0
124 127 3 56.026446404999994 117.53152767629668 0
131 125 -6 55.490987919999995 116.47020102147906 0
126 128 2 55.993807645 117.46498404411241 0
123 126 3 56.05746162 117.59501059999465 0
130 122 -8 55.340312499999996 116.18178265625001 0
128 134 6 56.2263205 117.94511365447 0
124 134 10 56.450996245 118.4237965292654 0
136 134 -2 55.745772405 116.96754303251734 0
129 127 -2 55.764204045 117.0040328476693 0
130 124 -6 55.51794524499999 116.52222869209513 0
131 124 -7 55.452777999999995 116.39668266808002 0
126 129 3 56.047138405 117.57385343583134 0
126 123 -3 55.693307004999994 116.86406814360728 0
130 129 -1 55.784121279999994 117.0435459092941 0
126 129 3 56.03384337999999 117.54664578832552 0
128 126 -2 55.735 116.94625 0
130 124 -6 55.516361999999994 116.51916932136001 0
127 136 9 56.396612499999996 118.30648199875 0
127 140 13 56.61402208 118.78150427689474 0
138 129 -9 55.328982405 116.16025254701518 0
132 130 -2 55.735 116.94625 0
127 133 6 56.22056721999999 117.93305542220457 0
129 128 -1 55.771870719999995 117.01923232313345 0
134 133 -1 55.807037605 117.08911565455614 0
130 128 -2 55.727296124999995 116.93103735533626 0
132 134 2 55.999753125 117.47708583328125 0
130 132 2 55.94905844499999 117.37417742831552 0
133 131 -2 55.730378605 116.93712274841263 0
132 128 -4 55.648273919999994 116.77570468552705 0
130 142 12 56.53374284499999 118.6041912468092 0
131 141 10 56.39941288 118.3124994354925 0
142 138 -4 55.63112420499999 116.74216122331248 0
135 130 -5 55.58416160499999 116.65060321405038 0
133 130 -3 55.674704245 116.82751598634812 0
133 126 -7 55.44958577999999 116.39055250920794 0
131 131 0 55.845076479999996 117.16501370380288 0
129 132 3 56.022004499999994 117.52245585429 0
131 132 1 55.888958845 117.25297770187032 0
132 132 0 55.879901124999996 117.23478492366127 0
131 130 -1 55.784121279999994 117.0435459092941 0
133 132 -1 55.779529645 117.0344291144136 0
132 140 8 56.285005645 118.06865960833842 0
132 146 14 56.647713204999995 118.85662271005148 0
139 138 -1 55.82836324499999 117.13162637520112 0
140 133 -7 55.48145218 116.45182891217033 0
136 134 -2 55.736539844999996 116.94929219437732 0
133 131 -2 55.727296124999995 116.93103735533626 0
135 134 -1 55.784121279999994 117.0435459092941 0
133 131 -2 55.745772405 116.96754303251734 0
134 132 -2 55.724212404999996 116.92495151378267 0
133 134 1 55.917567999999996 117.31056583168001 0
132 125 -7 55.467127645 116.4242614325876 0
135 128 -7 55.451182044999996 116.3936176591233 0
129 135 6 56.232068819999995 117.95717097111626 0
127 146 19 56.92179058 119.48467329475929 0
136 132 -4 55.607677779999996 116.69639625153994 0
138 134 -4 55.63892418 116.75741007266234 0
131 132 1 55.910050125 117.29541431384627 0
130 124 -6 55.484632 116.45795349824002 0
133 128 -5 55.535340479999995 116.55587295717889 0
127 125 -2 55.718041244999995 116.9127784800004 0
127 127 0 55.85114471999999 117.17715155403457 0
127 125 -2 55.725754419999994 116.92799449070105 0
127 121 -6 55.476680124999994 116.44264099881626 0
127 125 -2 55.74423442 116.96450150249896 0
123 133 10 56.46209360499999 118.44785486959763 0
126 139 13 56.591001444999996 118.73041973103902 0
131 131 0 55.878390419999995 117.23175245984905 0
132 128 -4 55.624878644999995 116.7299599438006 0
130 123 -7 55.438403244999996 116.36909249919361 0
128 122 -6 55.484632 116.45795349824002 0
126 129 3 56.01607761999999 117.51035896851737 0
124 123 -1 55.813136844999995 117.10126362704881 0
130 123 -7 55.43040642 116.35375965580297 0
125 126 1 55.922075004999996 117.31965564142777 0
123 124 1 55.946065245 117.36812088060489 0
128 125 -3 55.64671640499999 116.77265588552918 0
126 136 10 56.46901937999999 118.46289035647848 0
125 140 15 56.738372845 119.06092831742832 0
137 131 -6 55.511610405 116.50999040305683 0
132 136 4 56.07806247999999 117.63731377813312 0
128 128 0 55.887449999999994 117.24994581000001 0
134 125 -9 55.322501245 116.1479462559929 0
131 133 2 55.97892224499999 117.43472371865411 0
125 129 4 56.114698605 117.71281941485488 0
134 132 -2 55.72267007999999 116.9219084244173 0
129 135 6 56.18160284499999 117.8516376052017 0
129 134 5 56.16276162 117.81242043334537 0
135 129 -6 55.52585682 116.53752353789977 0
134 137 3 56.0515645 117.58292125291001 0
130 144 14 56.669173844999996 118.9046958609022 0
137 135 -2 55.738079379999995 116.95233427761849 0
139 133 -6 55.492576125 116.47326255972376 0
133 131 -2 55.72267007999999 116.9219084244173 0
131 130 -1 55.779529645 117.0344291144136 0
132 137 5 56.148232719999996 117.78224598677056 0
131 131 0 55.852661004999995 117.18018576906624 0
137 136 -1 55.80245992 117.08000358797506 0
131 137 6 56.197504499999994 117.88481312721001 0
133 136 3 56.008662044999994 117.49523604157672 0
137 133 -4 55.643600445 116.76655792344951 0
134 143 9 56.355867645 118.21921161851992 0
134 149 15 56.6705125 118.90770038375001 0
143 144 1 55.92958048 117.33480350362113 0
142 140 -2 55.771870719999995 117.01923232313345 0
140 139 -1 55.825320444999996 117.1255546412505 0
139 132 -7 55.489399405 116.46713934637218 0
141 137 -4 55.656056844999995 116.7909468816512 0
135 133 -2 55.716497679999996 116.90973493920833 0
137 135 -2 55.72883752 116.93408010785217 0
134 132 -2 55.727296124999995 116.93103735533626 0
133 129 -4 55.620191219999995 116.72080769393257 0
133 131 -2 55.738079379999995 116.95233427761849 0
130 132 2 55.996781004999995 117.47103510460127 0
132 138 6 56.18883552 117.86671830941185 0
133 134 1 55.9325805 117.34086201507 0
136 129 -7 55.479861805 116.44876641244943 0
134 128 -6 55.492576125 116.47326255972376 0
129 123 -6 55.484632 116.45795349824002 0
129 132 3 56.035321845 117.5496691735087 0
126 128 2 55.986368819999996 117.44985493262377 0
132 130 -2 55.72883752 116.93408010785217 0
128 130 2 55.993807645 117.46498404411241 0
127 127 0 55.857208 117.18928782272 0
131 127 -4 55.628002044999995 116.73606082876921 0
128 137 9 56.361503125 118.23125093796875 0
128 143 15 56.699884479999994 118.9737989644749 0
137 132 -5 55.593576445 116.668923832326 0
135 132 -3 55.690209644999996 116.85797728228641 0
130 130 0 55.85569264499999 117.1862539032451 0
130 127 -3 55.676256179999996 116.83056264284569 0
131 134 3 56.01311232 117.50431004135424 0
128 129 1 55.9025245 117.28026048461001 0
134 126 -8 55.356472 116.21252702656001 0
130 129 -1 55.799406579999996 117.0739283567433 0
125 130 5 56.145323219999995 117.77621030980345 0
130 131 1 55.941573119999994 117.35903539470337 0
130 135 5 56.15840620499999 117.80336878340698 0
131 143 12 56.52414657999999 118.5831498340033 0
134 131 -3 55.656056844999995 116.7909468816512 0
139 133 -6 55.53849921999999 116.56198837033145 0
131 131 0 55.837484204999996 117.14983915098753 0
129 132 3 56.05893512499999 117.59803274577126 0
132 134 2 55.96848402 117.41353644792986 0
132 134 2 55.986368819999996 117.44985493262377 0
134 133 -1 55.82836324499999 117.13162637520112 0
134 134 0 55.834445124999995 117.14376862875875 0
133 129 -4 55.612372644999994 116.70555147345492 0
134 134 0 55.873856445 117.22265449237402 0
130 143 13 56.585571804999994 118.71839926045195 0
133 149 16 56.74233952 119.06994180176385 0
140 137 -3 55.687111044999995 116.8518859567578 0
142 138 -4 55.617064719999995 116.71470557716545 0
134 133 -1 55.781060499999995 117.03746815237001 0
135 132 -3 55.671599445 116.8214223201175 0
134 137 3 56.02496608 117.52850381552129 0
132 131 -1 55.777998479999994 117.03138996990913 0
137 129 -8 55.422401844999996 116.33842323519131 0
131 132 1 55.916065044999996 117.3075357120423 0
128 130 2 55.993807645 117.46498404411241 0
133 128 -5 55.565298444999996 116.61394820510802 0
131 131 0 55.88141152 117.23781729174017 0
128 140 12 56.547425444999995 118.6342486079155 0
132 131 -1 55.788710124999994 117.05266174966626 0
138 132 -6 55.508441125 116.50387045080126 0
130 132 2 55.961018845 117.3984001044372 0
128 126 -2 55.733459845 116.9432076943227 0
133 130 -3 55.696403124999996 116.87015854203125 0
127 123 -4 55.610808 116.70249985728 0
129 125 -4 55.59200808 116.66587071243073 0
126 127 1 55.93557928 117.34692016652609 0
123 126 3 56.03679999999999 117.55269248 0
128 126 -2 55.727296124999995 116.93103735533626 0
126 132 6 56.20904578 117.90893616886792 0
126 139 13 56.609966125 118.77248962511376 0
132 130 -2 55.739618605 116.95537624988738 0
135 130 -5 55.574735604999994 116.63227801677564 0
129 127 -2 55.745772405 116.96754303251734 0
127 124 -3 55.685561279999995 116.84884011950592 0
129 123 -6 55.51319458 116.51305017700473 0
125 124 -1 55.771870719999995 117.01923232313345 0
125 123 -2 55.716497679999996 116.90973493920833 0
125 126 1 55.910050125 117.29541431384627 0
124 126 2 55.99529448 117.4680096159149 0
126 124 -2 55.736539844999996 116.94929219437732 0
127 132 5 56.184496845 117.85767007265632 0
124 137 13 56.627521779999995 118.81155238226393 0
132 130 -2 55.756529619999995 116.98883066753865 0
132 128 -4 55.595144499999996 116.67197682601001 0
128 127 -1 55.81770802 117.11037352494185 0
126 124 -2 55.750384499999996 116.97666696231 0
128 132 4 56.102996125 117.68866248302376 0
126 125 -1 55.80856288 117.09215280266753 0
132 125 -7 55.419197845 116.3322876607367 0
126 124 -2 55.710320319999994 116.89755964173824 0
122 124 2 56.01311232 117.50431004135424 0
125 123 -2 55.758065124999995 116.99187132092126 0
125 130 5 56.172913404999996 117.83353870225368 0
125 138 13 56.63964500499999 118.83859481447473 0
130 126 -4 55.621754005 116.72385856709573 0
133 125 -8 55.39673512499999 116.28932241172876 0
125 123 -2 55.70722978 116.89147131012808 0
122 123 1 55.938576819999994 117.35297795930025 0
124 126 2 55.952050404999994 117.38023362324319 0
124 120 -4 55.62331648 116.72690931699714 0
126 122 -4 55.615501005 116.71165433323378 0
122 123 1 55.947562 117.37114919864001 0
122 121 -1 55.779529645 117.0344291144136 0
125 121 -4 55.607677779999996 116.69639625153994 0
122 130 8 56.31769842 118.13792797769305 0
122 131 9 56.42874200499999 118.37567377959229 0
130 126 -4 55.601413619999995 116.68418754191065 0
127 115 -12 55.119125125 115.76517653922126 0
124 122 -2 55.725754419999994 116.92799449070105 0
118 122 4 56.085405205 117.65241852054348 0
119 124 5 56.194616079999996 117.87878176503872 0
121 117 -4 55.62331648 116.72690931699714 0
123 121 -2 55.742696124999995 116.96145986216376 0
120 121 1 55.91456178 117.30450550060394 0
120 117 -3 55.660722879999994 116.8000907621325 0
122 116 -6 55.486221445 116.46101558491651 0
