104 92 -12 55.309524044999996 116.12332626822322 0
106 95 -11 55.46234722 116.41506977086456 0
104 87 -17 54.873556045 115.3110352318928 0
105 90 -15 55.095863845 115.72179795040532 0
103 90 -13 55.25088112499999 116.01241205236126 0
102 91 -11 55.4208 116.33535552000001 0
103 90 -13 55.265579519999996 116.04015990288384 0
103 95 -8 55.676256179999996 116.83056264284569 0
103 102 -1 56.20616232 117.90290576688577 0
104 94 -10 55.495751604999995 116.47938522628215 0
107 91 -16 55.057516979999995 115.65045773935513 0
104 91 -13 55.223048979999994 115.95996370696713 0
103 90 -13 55.28351012499999 116.07405637614626 0
103 95 -8 55.660722879999994 116.8000907621325 0
103 92 -11 55.40155367999999 116.29853165322433 0
104 92 -12 55.322501245 116.1479462559929 0
104 92 -12 55.30140322 116.10793373139657 0
103 92 -11 55.440001679999995 116.37215864040769 0
104 89 -15 55.12078432 115.76827369662976 0
104 98 -6 55.86629361999999 117.20748928328936 0
103 103 0 56.26359592 118.02347031461697 0
106 103 -3 56.097137444999994 117.67658231464853 0
106 96 -10 55.511610405 116.50999040305683 0
106 95 -11 55.422401844999996 116.33842323519131 0
107 94 -13 55.26884242 116.04632432985497 0
104 97 -7 55.72112744499999 116.91886522244101 0
105 94 -11 55.422401844999996 116.33842323519131 0
106 95 -11 55.438403244999996 116.36909249919361 0
105 92 -13 55.265579519999996 116.04015990288384 0
104 94 -10 55.492576125 116.47326255972376 0
104 90 -14 55.198416804999994 115.91364640626557 0
104 100 -4 55.990833044999995 117.4589326505038 0
104 107 3 56.5351125 118.60719707625 0
107 97 -10 55.532180499999996 116.54975701493001 0
107 93 -14 55.188544404999995 115.89510902614285 0
104 95 -9 55.599846805 116.68113505143307 0
104 92 -12 55.383872005 116.26475797507524 0
104 93 -11 55.424003379999995 116.3414908064745 0
105 92 -13 55.259049999999995 116.02782913000001 0
104 93 -11 55.4047645 116.30467041709001 0
104 94 -10 55.52585682 116.53752353789977 0
104 94 -10 55.546390644999995 116.5772745970191 0
104 92 -12 55.320880179999996 116.14486929847833 0
104 103 -1 56.230632205 117.95415672722048 0
104 94 -10 55.489399405 116.46713934637218 0
109 95 -14 55.257416844999995 116.0247460360437 0
105 96 -9 55.574735604999994 116.63227801677564 0
103 94 -9 55.568445405 116.62005865722568 0
106 92 -14 55.162163445 115.84564643565052 0
104 95 -9 55.63112420499999 116.74216122331248 0
104 93 -11 55.41438952 116.32308321687617 0
105 98 -7 55.79176780499999 117.05873844848344 0
104 96 -8 55.680910125 116.83970190783376 0
105 94 -11 55.475088819999996 116.43957808457625 0
106 95 -11 55.425604605 116.34455823401338 0
104 117 13 57.208964005 120.18025091017428 0
105 98 -7 55.738079379999995 116.95233427761849 0
119 102 -17 55.100853519999994 115.73109626219585 0
102 108 6 56.69855264499999 118.97079450917742 0
105 98 -7 55.724212404999996 116.92495151378267 0
112 92 -20 54.815420124999996 115.20468818911625 0
107 97 -10 55.535340479999995 116.55587295717889 0
105 94 -11 55.403159245 116.3016011080944 0
105 96 -9 55.63112420499999 116.74216122331248 0
105 101 -4 55.989345279999995 117.45590682836993 0
104 101 -3 56.06924098 117.61918564542088 0
107 96 -11 55.492576125 116.47326255972376 0
107 108 1 56.37697512 118.26435566108736 0
106 119 13 57.187181124999995 120.12595244070125 0
113 107 -6 55.85569264499999 117.1862539032451 0
111 109 -2 56.165663679999994 117.81845454418433 0
108 106 -2 56.16421280499999 117.81543752090094 0
111 99 -12 55.406369444999996 116.30773958037503 0
113 102 -11 55.492576125 116.47326255972376 0
109 104 -5 55.89800540499999 117.27116706907434 0
108 102 -6 55.88594084499999 117.24691382321569 0
110 105 -5 55.917567999999996 117.31056583168001 0
109 103 -6 55.88594084499999 117.24691382321569 0
110 104 -6 55.82988417999999 117.13466209013768 0
110 115 5 56.657112 118.87765491264001 0
110 112 2 56.43292072 118.38469743390657 0
117 116 -1 56.227758044999995 117.94812806906123 0
111 119 8 56.821087119999994 119.25022504124865 0
116 114 -2 56.16421280499999 117.81543752090094 0
120 106 -14 55.351627404999995 116.20330530449984 0
118 112 -6 55.86931968 117.21355565740033 0
114 107 -7 55.826842 117.12859055896001 0
115 113 -2 56.148232719999996 117.78224598677056 0
114 109 -5 55.946065245 117.36812088060489 0
115 109 -6 55.9025245 117.28026048461001 0
115 110 -5 55.961018845 117.3984001044372 0
113 119 6 56.661135404999996 118.88666861402818 0
115 116 1 56.379784179999994 118.27037417712233 0
119 122 3 56.46209360499999 118.44785486959763 0
116 108 -8 55.74731008 116.97058445238272 0
121 108 -13 55.403159245 116.3016011080944 0
118 100 -18 55.047486479999996 115.63183163124289 0
112 107 -5 55.941573119999994 117.35903539470337 0
109 102 -7 55.80856288 117.09215280266753 0
111 105 -6 55.870832244999995 117.2165886990534 0
110 106 -4 56.007177999999996 117.49221121192001 0
109 108 -1 56.25214887999999 117.99936452028354 0
112 105 -7 55.810087845 117.0951898473442 0
112 115 3 56.518656179999994 118.57112567841433 0
111 119 8 56.84838512499999 119.31333417597875 0
118 114 -4 56.05893512499999 117.59803274577126 0
114 112 -2 56.168564499999995 117.82448839859 0
115 109 -6 55.867806804999994 117.21052251886694 0
117 100 -17 55.075877244999994 115.6845887577884 0
115 106 -9 55.665386125 116.80923357012625 0
111 106 -5 55.928080005 117.33177411248974 0
110 105 -5 55.925078125 117.32571505859376 0
112 107 -5 55.934080044999995 117.34389113571521 0
110 108 -2 56.155501044999994 117.79733402574972 0
112 107 -5 55.956536019999994 117.38931725703416 0
112 119 7 56.76739700499999 119.12702823320978 0
112 112 0 56.280729279999996 118.05962267643393 0
120 115 -5 55.984880125 117.44682885868376 0
113 116 3 56.518656179999994 118.57112567841433 0
116 110 -6 55.864780124999996 117.20445595050376 0
120 108 -12 55.489399405 116.46713934637218 0
116 115 -1 56.20616232 117.90290576688577 0
113 110 -3 56.116160019999995 117.71583871531784 0
119 113 -6 55.917567999999996 117.31056583168001 0
114 114 0 56.29212672 118.08372015353856 0
116 112 -4 56.05746162 117.59501059999465 0
118 108 -10 55.58416160499999 116.65060321405038 0
116 119 3 56.50490848 118.54106364646913 0
115 124 9 56.852273679999996 119.32235035514432 0
124 120 -4 56.03679999999999 117.55269248 0
117 116 -1 56.201834805 117.89385971710108 0
119 117 -2 56.17725951999999 117.84258843631616 0
121 111 -10 55.66383202 116.80618608635385 0
121 116 -5 55.943070805 117.36206397880045 0
119 113 -6 55.928080005 117.33177411248974 0
119 114 -5 55.947562 117.37114919864001 0
118 115 -3 56.097137444999994 117.67658231464853 0
117 114 -3 56.09567199999999 117.67356209344001 0
119 116 -3 56.097137444999994 117.67658231464853 0
118 125 7 56.72115168 119.02187019935234 0
119 120 1 56.378379804999994 118.26736493895145 0
124 122 -2 56.190281125 117.86973426513876 0
120 123 3 56.46070752 118.44484768329217 0
124 128 4 56.531002605 118.59817952374114 0
127 115 -12 55.540078124999994 116.56504587890626 0
129 121 -8 55.799406579999996 117.0739283567433 0
124 118 -6 55.926579219999994 117.32874463086857 0
122 120 -2 56.190281125 117.86973426513876 0
123 120 -3 56.091273805 117.66450099731745 0
123 119 -4 56.06040831999999 117.60105481547777 0
124 115 -9 55.736539844999996 116.94929219437732 0
123 127 4 56.522774444999996 118.58014382924752 0
121 127 6 56.666495604999994 118.89868680017814 0
131 134 3 56.47455442 118.47491822223897 0
123 127 4 56.521401999999995 118.57713780184001 0
131 122 -9 55.76880498 117.01315285619688 0
131 118 -13 55.511610405 116.50999040305683 0
126 123 -3 56.13075712 117.74602791460865 0
122 116 -6 55.913058205 117.30147519720104 0
127 125 -2 56.15985832 117.80638606476225 0
123 128 5 56.577418045 118.70036809786872 0
127 125 -2 56.145323219999995 117.77621030980345 0
126 121 -5 56.01607761999999 117.51035896851737 0
126 131 5 56.60590737999999 118.76347486385049 0
126 130 4 56.51178620499999 118.55609496197448 0
137 136 -1 56.222006005 117.93607006668374 0
129 127 -2 56.15840620499999 117.80336878340698 0
136 129 -7 55.89046738 117.2560094989905 0
133 127 -6 55.956536019999994 117.38931725703416 0
131 128 -3 56.143868004999995 117.77319237179827 0
132 125 -7 55.863266319999994 117.20142252034626 0
132 125 -7 55.849628124999995 117.17411724015626 0
130 128 -2 56.154047999999996 117.79431654912001 0
129 123 -6 55.953545919999996 117.38326158882305 0
132 124 -8 55.823798579999995 117.12251862190874 0
128 131 3 56.47732008 118.48093198414273 0
128 130 2 56.41479280499999 118.34559271040158 0
135 141 6 56.645025045 118.85061344358022 0
130 134 4 56.514535124999995 118.56210731929126 0
142 130 -12 55.58887041999999 116.65976409335097 0
136 127 -9 55.770338005 117.01619264343077 0
132 129 -3 56.151140979999994 117.78828139943913 0
130 125 -5 56.010145779999995 117.4982607895921 0
134 131 -3 56.11031249999999 117.70376109375002 0
131 130 -1 56.216249004999995 117.92401114082178 0
134 122 -12 55.546390644999995 116.5772745970191 0
133 120 -13 55.475088819999996 116.43957808457625 0
127 128 1 56.354457999999994 118.21620168328002 0
123 134 11 56.956210045 119.56586231571481 0
133 133 0 56.276450125 118.05058528553376 0
129 123 -6 55.91155431999999 117.29844480166977 0
131 120 -11 55.648273919999994 116.77570468552705 0
129 119 -10 55.684011205 116.84579416571054 0
124 122 -2 56.198948245 117.88782871745862 0
122 120 -2 56.18594338 117.86068621333449 0
126 118 -8 55.81466087999999 117.10430036240449 0
124 116 -8 55.782591045 117.04050708394222 0
123 116 -7 55.823798579999995 117.12251862190874 0
121 117 -4 56.004208979999994 117.48616130702713 0
121 126 5 56.603199999999994 118.75746496000001 0
121 131 10 56.908985279999996 119.45460839275009 0
126 132 6 56.65845344499999 118.88065948598052 0
123 121 -2 56.17725951999999 117.84258843631616 0
129 123 -6 55.9025245 117.28026048461001 0
128 116 -12 55.551121779999995 116.5864447581961 0
125 124 -1 56.22344448 117.93908465344514 0
122 119 -3 56.10153192 117.68564254807104 0
127 120 -7 55.861752204999995 117.19838899265298 0
123 122 -1 56.259305604999994 118.01443104349188 0
123 118 -5 55.989345279999995 117.45590682836993 0
126 116 -10 55.62956328 116.73911108726209 0
123 124 1 56.350227204999996 118.20717162203204 0
121 128 7 56.70520872 118.98581677544257 0
129 132 3 56.464864844999994 118.45386915278769 0
124 122 -2 56.156953779999995 117.80035143712409 0
128 120 -8 55.800933404999995 117.07696602448618 0
128 115 -13 55.492576125 116.47326255972376 0
124 124 0 56.269312 118.03552193536001 0
120 118 -2 56.155501044999994 117.79733402574972 0
128 121 -7 55.834445124999995 117.14376862875875 0
122 120 -2 56.14241248 117.77017436722689 0
122 118 -4 56.064826045 117.61012056981531 0
124 116 -8 55.811612499999995 117.09822678875001 0
122 123 1 56.34881632 118.20416151589377 0
122 118 -4 56.04123260499999 117.56176192896137 0
126 128 2 56.410602 118.33656770616001 0
122 123 1 56.337518079999995 118.18007910019074 0
129 115 -14 55.43040642 116.35375965580297 0
125 111 -14 55.406369444999996 116.30773958037503 0
121 119 -2 56.197504499999994 117.88481312721001 0
116 112 -4 56.02792642 117.53455145739704 0
124 113 -11 55.599846805 116.68113505143307 0
117 111 -6 55.88141152 117.23781729174017 0
116 109 -7 55.81770802 117.11037352494185 0
117 111 -6 55.89649842 117.26813574324697 0
115 121 6 56.6972205 118.96779005253 0
116 121 5 56.63695312499999 118.83258544921875 0
120 126 6 56.68922112 118.94976327512066 0
116 118 2 56.396612499999996 118.30648199875 0
124 113 -11 55.612372644999994 116.70555147345492 0
124 111 -13 55.47190528 116.43345184043008 0
119 115 -4 56.04566242 117.57083067559498 0
116 110 -6 55.907040804999994 117.28935306066708 0
119 113 -6 55.863266319999994 117.20142252034626 0
116 113 -3 56.079531644999996 117.6403348738396 0
116 112 -4 56.002724005 117.48313623146323 0
117 108 -9 55.694855219999994 116.86711340059945 0
116 118 2 56.403611125 118.32152531175126 0
115 119 4 56.539219605 118.61621443816588 0
121 124 3 56.484228805 118.49596590073509 0
116 114 -2 56.13658727999999 117.75810168000193 0
121 113 -8 55.770338005 117.01619264343077 0
121 114 -7 55.82988417999999 117.13466209013768 0
117 118 1 56.354457999999994 118.21620168328002 0
118 111 -7 55.81466087999999 117.10430036240449 0
120 110 -10 55.64515857999999 116.7696069648913 0
117 111 -6 55.878390419999995 117.23175245984905 0
115 110 -5 55.943070805 117.36206397880045 0
116 108 -8 55.75345768 116.98274903359169 0
115 117 2 56.456547404999995 118.43582594356768 0
114 127 13 57.091628005 119.89087732983924 0
120 116 -4 56.02052324499999 117.5194317535064 0
117 111 -6 55.899512079999994 117.27419830113473 0
117 110 -7 55.78565120499999 117.04658462858947 0
117 108 -9 55.65450088 116.78789868239554 0
113 112 -1 56.20904578 117.90893616886792 0
114 108 -6 55.876879405 117.22871990013968 0
116 112 -4 56.007177999999996 117.49221121192001 0
114 107 -7 55.771870719999995 117.01923232313345 0
115 108 -7 55.813136844999995 117.10126362704881 0
114 106 -8 55.70104497999999 116.87929327460313 0
112 113 1 56.392409605 118.29745556150414 0
113 120 7 56.762131045 119.1150098596803 0
116 111 -5 55.947562 117.37114919864001 0
115 107 -8 55.71495380499999 116.90669128514995 0
114 101 -13 55.39512832 116.28625237172224 0
113 103 -10 55.54165671999999 116.56810325569857 0
109 107 -2 56.172913404999996 117.83353870225368 0
109 106 -3 56.07659300499999 117.63429260848673 0
112 109 -3 56.10153192 117.68564254807104 0
110 102 -8 55.702591645 116.88233795543209 0
112 101 -11 55.52269312 116.53140600049664 0
111 99 -12 55.39512832 116.28625237172224 0
108 115 7 56.777914044999996 119.15106533495322 0
108 116 8 56.861336124999994 119.34338873793627 0
118 114 -4 56.002724005 117.48313623146323 0
109 105 -4 56.005693644999994 117.4891863004581 0
113 106 -7 55.777998479999994 117.03138996990913 0
114 100 -14 55.290021044999996 116.0863776149503 0
110 105 -5 55.9025245 117.28026048461001 0
110 97 -13 55.35324258 116.20637936275273 0
109 97 -12 55.3726005 116.24325633423001 0
108 99 -9 55.626440499999994 116.73301044767001 0
105 98 -7 55.756529619999995 116.98883066753865 0
107 97 -10 55.530600045 116.5466988449848 0
106 105 -1 56.18594338 117.86068621333449 0
106 100 -6 55.86023777999999 117.19535536726009 0
109 104 -5 55.9025245 117.28026048461001 0
107 106 -1 56.184496845 117.85767007265632 0
107 106 -1 56.213368644999996 117.91798132830692 0
110 102 -8 55.745772405 116.96754303251734 0
110 104 -6 55.88292160499999 117.24084956424964 0
110 99 -11 55.48145218 116.45182891217033 0
110 100 -10 55.543235005 116.57116050087224 0
109 98 -11 55.484632 116.45795349824002 0
107 97 -10 55.568445405 116.62005865722568 0
107 97 -10 55.53849921999999 116.56198837033145 0
106 106 0 56.269312 118.03552193536001 0
106 107 1 56.357276979999995 118.2222215114449 0
109 106 -3 56.079531644999996 117.6403348738396 0
108 103 -5 55.917567999999996 117.31056583168001 0
109 102 -7 55.74423442 116.96450150249896 0
110 94 -16 55.087541519999995 115.70629722830017 0
109 101 -8 55.682460819999996 116.84274809520777 0
107 95 -12 55.345163604999996 116.19100755866988 0
107 96 -11 55.425604605 116.34455823401338 0
106 96 -10 55.544812979999996 116.57421761459113 0
104 95 -9 55.574735604999994 116.63227801677564 0
106 94 -12 55.383872005 116.26475797507524 0
105 102 -3 56.035321845 117.5496691735087 0
104 105 1 56.354457999999994 118.21620168328002 0
107 106 -1 56.198948245 117.88782871745862 0
107 95 -12 55.407974079999995 116.31080859811328 0
108 95 -13 55.290021044999996 116.0863776149503 0
107 91 -16 55.034095119999996 115.60698665411265 0
104 96 -8 55.67780780499999 116.83360918181658 0
104 94 -10 55.5005125 116.48856820375 0
104 94 -10 55.54165671999999 116.56810325569857 0
104 96 -8 55.699498004999995 116.87624847886924 0
103 97 -6 55.849628124999995 117.17411724015626 0
105 94 -11 55.446392319999994 116.38442178584577 0
105 104 -1 56.20616232 117.90290576688577 0
104 97 -7 55.790239119999995 117.05570015177537 0
108 97 -11 55.486221445 116.46101558491651 0
106 98 -8 55.679359119999994 116.83665560342465 0
104 96 -8 55.652944604999995 116.78485036331914 0
107 93 -14 55.224688645 115.9630502083931 0
105 100 -5 55.941573119999994 117.35903539470337 0
104 98 -6 55.861752204999995 117.19838899265298 0
107 101 -6 55.857208 117.18928782272 0
106 116 10 56.99040352 119.64707400444418 0
106 98 -8 55.65450088 116.78789868239554 0
114 96 -18 54.955020205 115.46078346493904 0
106 106 0 56.272168179999994 118.04154743121369 0
105 117 12 57.090390719999995 119.88786563974656 0
110 114 4 56.574697645 118.6943575833101 0
109 105 -4 56.014595125 117.50733454542876 0
109 105 -4 56.03088552 117.54059878122817 0
112 98 -14 55.290021044999996 116.0863776149503 0
110 101 -9 55.65138802 116.78180192425816 0
109 101 -8 55.687111044999995 116.8518859567578 0
107 99 -8 55.699498004999995 116.87624847886924 0
108 99 -9 55.64983112499999 116.77875336504876 0
107 98 -9 55.65138802 116.78180192425816 0
107 97 -10 55.559000805 116.60172574963295 0
107 109 2 56.423166044999995 118.3636417666228 0
106 113 7 56.796271125 119.19313161964875 0
112 111 -1 56.253580845 118.0023779328232 0
109 104 -5 55.92958048 117.33480350362113 0
111 102 -9 55.6576125 116.79399496125001 0
112 98 -14 55.28676620499999 116.08021731089303 0
109 99 -10 55.511610405 116.50999040305683 0
108 99 -9 55.612372644999994 116.70555147345492 0
107 101 -6 55.835964819999994 117.14680394011577 0
107 103 -4 55.987857205 117.45288092246454 0
107 101 -6 55.84659400499999 117.16804831520429 0
108 99 -9 55.612372644999994 116.70555147345492 0
108 115 7 56.791032445 119.18111248531352 0
107 120 13 57.143314045 120.01741439439931 0
118 110 -8 55.756529619999995 116.98883066753865 0
109 107 -2 56.143868004999995 117.77319237179827 0
112 109 -3 56.09860257999999 117.67960246404729 0
113 100 -13 55.34678002 116.19408222237786 0
113 108 -5 55.91456178 117.30450550060394 0
111 105 -6 55.845076479999996 117.16501370380288 0
110 109 -1 56.22056721999999 117.93305542220457 0
111 106 -5 55.917567999999996 117.31056583168001 0
111 104 -7 55.771870719999995 117.01923232313345 0
112 100 -12 55.436804499999994 116.36602621571001 0
110 117 7 56.74233952 119.06994180176385 0
109 103 -6 55.840522045 117.1559092719308 0
121 103 -18 55.035770125 115.61009291413376 0
108 103 -5 55.955041124999994 117.38628946669876 0
107 100 -7 55.774935219999996 117.02531136060057 0
109 95 -14 55.247611405 116.00624409351167 0
108 102 -6 55.867806804999994 117.21052251886694 0
106 100 -6 55.819231124999995 117.11340995245126 0
108 99 -9 55.601413619999995 116.68418754191065 0
107 101 -6 55.863266319999994 117.20142252034626 0
106 102 -4 55.984880125 117.44682885868376 0
108 100 -8 55.679359119999994 116.83665560342465 0
108 109 1 56.338931445 118.183089555991 0
107 115 8 56.822390125 119.25323008723376 0
111 110 -1 56.222006005 117.93607006668374 0
111 103 -8 55.750384499999996 116.97666696231 0
111 104 -7 55.762669779999996 117.00099262867192 0
111 98 -13 55.320880179999996 116.14486929847833 0
109 101 -8 55.684011205 116.84579416571054 0
108 99 -9 55.606112204999995 116.69334426164704 0
107 103 -4 56.011629205 117.50128545612998 0
107 101 -6 55.876879405 117.22871990013968 0
108 101 -7 55.75345768 116.98274903359169 0
108 100 -8 55.687111044999995 116.8518859567578 0
107 117 10 56.96509671999999 119.58691489137857 0
108 120 12 57.059357844999994 119.81258876528582 0
117 122 5 56.626173205 118.80854761958604 0
109 109 0 56.260736019999996 118.01744418710585 0
116 112 -4 56.04566242 117.57083067559498 0
119 105 -14 55.320880179999996 116.14486929847833 0
114 111 -3 56.111774845 117.70678060423482 0
113 107 -6 55.89046738 117.2560094989905 0
114 106 -8 55.742696124999995 116.96145986216376 0
113 108 -5 55.91155431999999 117.29844480166977 0
111 108 -3 56.07659300499999 117.63429260848673 0
113 106 -7 55.773403124999994 117.02227189546876 0
112 111 -1 56.21768872 117.92702595943744 0
111 117 6 56.674526605 118.91671392420288 0
114 113 -1 56.23781217999999 117.96922738263032 0
115 105 -10 55.590439405 116.66281746616033 0
114 103 -11 55.54165671999999 116.56810325569857 0
113 98 -15 55.227967045 115.96922271971172 0
109 104 -5 55.93557928 117.34692016652609 0
108 101 -7 55.788710124999994 117.05266174966626 0
109 103 -6 55.88292160499999 117.24084956424964 0
108 105 -3 56.050089445 117.579898724325 0
108 104 -4 56.019041679999994 117.51640757239232 0
110 102 -8 55.67780780499999 116.83360918181658 0
109 113 4 56.558349205 118.65829307037254 0
109 115 6 56.713185779999996 119.0038434792521 0
115 113 -2 56.16711424499999 117.8214715033594 0
111 108 -3 56.06188120499999 117.60407680927804 0
113 108 -5 55.928080005 117.33177411248974 0
115 105 -10 55.55585012499999 116.59561374365376 0
113 110 -3 56.10738687999999 117.69772186161153 0
112 108 -4 55.989345279999995 117.45590682836993 0
114 111 -3 56.097137444999994 117.67658231464853 0
112 116 4 56.571976004999996 118.68834700305123 0
113 119 6 56.70786898 118.99182567708712 0
116 118 2 56.456547404999995 118.43582594356768 0
117 126 9 56.871674604999995 119.36743374538338 0
120 127 7 56.7502645 119.08796888441002 0
127 127 0 56.30918568 118.11986043277633 0
126 124 -2 56.183049999999994 117.85465387 0
128 117 -11 55.621754005 116.72385856709573 0
129 114 -15 55.31763712 116.13871492059137 0
124 114 -10 55.652944604999995 116.78485036331914 0
119 110 -9 55.660722879999994 116.8000907621325 0
118 112 -6 55.90101844499999 117.27722943959199 0
116 118 2 56.396612499999996 118.30648199875 0
116 117 1 56.35163777999999 118.21018168519993 0
119 117 -2 56.16711424499999 117.8214715033594 0
117 124 7 56.755541619999995 119.09998703813466 0
120 130 10 56.90770304499999 119.45160204292623 0
126 122 -4 56.03088552 117.54059878122817 0
125 120 -5 56.005693644999994 117.4891863004581 0
125 118 -7 55.849628124999995 117.17411724015626 0
124 116 -8 55.75192124499999 116.97970805269962 0
123 121 -2 56.161310125 117.80940328135375 0
121 115 -6 55.904030244999994 117.28329143635261 0
125 116 -9 55.699498004999995 116.87624847886924 0
120 119 -1 56.253580845 118.0023779328232 0
119 118 -1 56.210487044999994 117.91195128098829 0
123 117 -6 55.888958845 117.25297770187032 0
120 125 5 56.61807524499999 118.79051882361762 0
121 121 0 56.307765804999995 118.11684900921794 0
128 126 -2 56.156953779999995 117.80035143712409 0
122 127 5 56.609966125 118.77248962511376 0
127 117 -10 55.648273919999994 116.77570468552705 0
129 111 -18 55.14563504499999 115.81471024285023 0
124 117 -7 55.852661004999995 117.18018576906624 0
118 112 -6 55.922075004999996 117.31965564142777 0
119 115 -4 56.001238719999996 117.48011107360257 0
118 119 1 56.36009471999999 118.22824117100545 0
117 114 -3 56.10738687999999 117.69772186161153 0
121 112 -9 55.711865124999996 116.90060363657875 0
118 124 6 56.666495604999994 118.89868680017814 0
117 125 8 56.783165125 119.16308408414126 0
128 126 -2 56.15985832 117.80638606476225 0
119 118 -1 56.204720124999994 117.89989047669626 0
125 116 -9 55.71495380499999 116.90669128514995 0
125 113 -12 55.487810579999994 116.4640775342393 0
120 121 1 56.36009471999999 118.22824117100545 0
118 116 -2 56.190281125 117.86973426513876 0
124 116 -8 55.764204045 117.0040328476693 0
119 118 -1 56.219128125 117.93004071984376 0
119 117 -2 56.155501044999994 117.79733402574972 0
122 116 -6 55.925078125 117.32571505859376 0
121 123 2 56.43152812499999 118.38168958265626 0
120 133 13 57.05437460499999 119.80054711468914 0
125 126 1 56.361503125 118.23125093796875 0
125 118 -7 55.85417698 117.18321988541513 0
126 117 -9 55.754993805 116.98578990515009 0
124 116 -8 55.79176780499999 117.05873844848344 0
120 117 -3 56.079531644999996 117.6403348738396 0
121 115 -6 55.878390419999995 117.23175245984905 0
121 139 18 57.346933244999995 120.5307174450364 0
120 212 92 59.52740007999999 132.03171015822272 0.04111646939105926
142 202 60 58.741108045 125.18882821982879 0
129 206 77 59.270623844999996 128.45500498212533 0
143 191 48 58.353848979999995 123.59044440726713 0
181 135 -46 54.065869619999994 113.86630982925865 0
184 139 -45 54.166912045 114.0436420732008 0
152 130 -22 55.105840404999995 115.74039298828934 0
120 128 8 56.815872 119.23820499456001 0
119 125 6 56.6972205 118.96779005253 0
132 128 -4 56.06924098 117.61918564542088 0
130 120 -10 55.685561279999995 116.84884011950592 0
133 123 -10 55.67780780499999 116.83360918181658 0
127 123 -4 56.07806247999999 117.63731377813312 0
126 123 -3 56.097137444999994 117.67658231464853 0
128 122 -6 55.956536019999994 117.38931725703416 0
126 130 4 56.520029244999996 118.5741317516169 0
127 137 10 56.863922605 119.34939987270863 0
132 122 -10 55.70722978 116.89147131012808 0
132 120 -12 55.57001842 116.62311368995304 0
128 117 -11 55.615501005 116.71165433323378 0
124 114 -10 55.665386125 116.80923357012625 0
119 118 -1 56.24928402 117.99333753221018 0
120 112 -8 55.79329618 117.06177663995433 0
122 115 -7 55.857208 117.18928782272 0
119 116 -3 56.123462444999994 117.7309341757165 0
118 113 -5 55.966991605 117.41050935201788 0
120 111 -9 55.72267007999999 116.9219084244173 0
118 123 5 56.58149632 118.70938374938625 0
117 136 19 57.424721919999996 120.73363775184897 0
126 122 -4 56.042709519999995 117.56478492232385 0
120 118 -2 56.18160284499999 117.8516376052017 0
122 119 -3 56.13367282 117.75206493273177 0
122 119 -3 56.07659300499999 117.63429260848673 0
120 117 -3 56.10006740499999 117.68262254180019 0
123 113 -10 55.624878644999995 116.7299599438006 0
122 113 -9 55.72112744499999 116.91886522244101 0
119 119 0 56.272168179999994 118.04154743121369 0
118 115 -3 56.09274017999999 117.66752143493832 0
121 114 -7 55.840522045 117.1559092719308 0
118 122 4 56.520029244999996 118.5741317516169 0
118 118 0 56.307765804999995 118.11684900921794 0
124 131 7 56.694555279999996 118.96178113452993 0
120 119 -1 56.213368644999996 117.91798132830692 0
130 117 -13 55.487810579999994 116.4640775342393 0
124 114 -10 55.61393697999999 116.7086029653849 0
120 120 0 56.277876819999996 118.05359780043977 0
117 113 -4 56.001238719999996 117.48011107360257 0
123 113 -10 55.628002044999995 116.73606082876921 0
119 114 -5 55.94905844499999 117.37417742831552 0
116 110 -6 55.89348352 117.26207280963584 0
118 111 -7 55.799406579999996 117.0739283567433 0
116 117 1 56.333276125 118.17104746546376 0
115 123 8 56.792342579999996 119.18411725330729 0
119 121 2 56.40500992 118.32453386346496 0
118 114 -4 56.04123260499999 117.56176192896137 0
120 113 -7 55.835964819999994 117.14680394011577 0
120 111 -9 55.72112744499999 116.91886522244101 0
118 117 -1 56.20616232 117.90290576688577 0
117 113 -4 56.03679999999999 117.55269248 0
119 115 -4 56.02052324499999 117.5194317535064 0
117 111 -6 55.89046738 117.2560094989905 0
118 109 -9 55.704138 116.88538252152001 0
117 109 -8 55.724212404999996 116.92495151378267 0
115 118 3 56.49664498 118.52302524825689 0
114 119 5 56.61672449999999 118.78751398611001 0
119 120 1 56.334690419999994 118.17405805509097 0
116 111 -5 55.971467919999995 117.41959038172097 0
120 109 -11 55.52111080499999 116.52834703149958 0
119 108 -11 55.536920005 116.55893072981027 0
114 113 -1 56.204720124999994 117.89989047669626 0
113 109 -4 56.019041679999994 117.51640757239232 0
116 108 -8 55.741157519999994 116.95841811134785 0
114 111 -3 56.05746162 117.59501059999465 0
113 107 -6 55.870832244999995 117.2165886990534 0
115 105 -10 55.60454632 116.69029214685376 0
113 122 9 56.89357799999999 119.41853380008001 0
111 127 16 57.306926125 120.42788947602627 0
125 117 -8 55.78565120499999 117.04658462858947 0
113 114 1 56.36572647999999 118.24027998955714 0
118 102 -16 55.203348819999995 115.92291284608376 0
119 106 -13 55.4208 116.33535552000001 0
113 112 -1 56.244984405 117.98429664015718 0
109 103 -6 55.86023777999999 117.19535536726009 0
114 107 -7 55.77646700499999 117.02835071869274 0
110 106 -4 56.02496608 117.52850381552129 0
109 106 -3 56.07218272 117.62522865426945 0
112 104 -8 55.705684045 116.88842697303072 0
110 113 3 56.47455442 118.47491822223897 0
110 112 2 56.421771279999994 118.36063367766593 0
115 123 8 56.796271125 119.19313161964875 0
112 109 -3 56.11031249999999 117.70376109375002 0
119 108 -11 55.579449999999994 116.64144119000001 0
116 106 -10 55.612372644999994 116.70555147345492 0
113 111 -2 56.135130204999996 117.75508334014154 0
111 107 -4 55.97743199999999 117.43169722176 0
114 106 -8 55.736539844999996 116.94929219437732 0
112 109 -3 56.06924098 117.61918564542088 0
111 104 -7 55.782591045 117.04050708394222 0
113 103 -10 55.547968 116.58033144832001 0
111 115 4 56.56789121999999 118.67933100660744 0
109 125 16 57.323443045 120.4702191232338 0
117 115 -2 56.165663679999994 117.81845454418433 0
112 105 -7 55.767271644999994 117.01011296126792 0
114 104 -10 55.58259138 116.64754933344649 0
114 100 -14 55.247611405 116.00624409351167 0
107 106 -1 56.207604204999996 117.90592099755504 0
108 99 -9 55.65138802 116.78180192425816 0
110 102 -8 55.742696124999995 116.96145986216376 0
108 104 -4 56.001238719999996 117.48011107360257 0
106 103 -3 56.07806247999999 117.63731377813312 0
109 100 -9 55.615501005 116.71165433323378 0
108 108 0 56.29355000499999 118.08673211285723 0
108 111 3 56.53237288 118.60118539602753 0
111 114 3 56.500778125 118.53204456109376 0
110 109 -1 56.23781217999999 117.96922738263032 0
112 105 -7 55.762669779999996 117.00099262867192 0
114 100 -14 55.278623679999995 116.06481378861568 0
112 105 -7 55.799406579999996 117.0739283567433 0
109 102 -7 55.771870719999995 117.01923232313345 0
110 99 -11 55.51319458 116.51305017700473 0
109 102 -7 55.80245992 117.08000358797506 0
107 102 -5 55.950554579999995 117.3772055697953 0
108 101 -7 55.790239119999995 117.05570015177537 0
108 110 2 56.464864844999994 118.45386915278769 0
107 101 -6 55.870832244999995 117.2165886990534 0
112 101 -11 55.50527060499999 116.49774995830688 0
108 103 -5 55.917567999999996 117.31056583168001 0
106 103 -3 56.03384337999999 117.54664578832552 0
109 99 -10 55.551121779999995 116.5864447581961 0
108 105 -3 56.091273805 117.66450099731745 0
107 102 -5 55.94007512499999 117.35600672159126 0
109 102 -7 55.770338005 117.01619264343077 0
108 110 2 56.41199924499999 118.33957607661313 0
107 107 0 56.31628040499999 118.13491683801068 0
112 103 -9 55.63580511999999 116.75131089844737 0
110 109 -1 56.239247244999994 117.9722413453109 0
109 110 1 56.33186152 118.16803683089985 0
113 111 -2 56.18738960499999 117.86370229219838 0
112 101 -11 55.460753125 116.41200560421876 0
113 101 -12 55.455968979999994 116.40281226377289 0
111 97 -14 55.26884242 116.04632432985497 0
107 101 -6 55.816184605 117.10733699498087 0
107 99 -8 55.708775204999995 116.89451553297599 0
106 101 -5 55.88594084499999 117.24691382321569 0
107 102 -5 55.937078205 117.34994910766648 0
106 102 -4 55.98190180499999 117.44077645785057 0
107 100 -7 55.761135204999995 116.99795230132403 0
107 112 5 56.669173844999996 118.9046958609022 0
107 115 8 56.82499520499999 119.25924022152654 0
114 116 2 56.444050319999995 118.40875905877824 0
110 109 -1 56.18738960499999 117.86370229219838 0
114 105 -9 55.685561279999995 116.84884011950592 0
116 102 -14 55.26884242 116.04632432985497 0
112 105 -7 55.781060499999995 117.03746815237001 0
109 103 -6 55.852661004999995 117.18018576906624 0
110 105 -5 55.916065044999996 117.3075357120423 0
109 105 -4 56.014595125 117.50733454542876 0
109 108 -1 56.247851125 117.99032395634876 0
110 104 -6 55.85114471999999 117.17715155403457 0
111 113 2 56.4245605 118.36664982113001 0
110 119 9 56.872965519999994 119.37043946085186 0
114 118 4 56.58013720499999 118.70637854803797 0
114 112 -2 56.132215125 117.74904645760876 0
116 115 -1 56.25501249999999 118.00539129125 0
118 106 -12 55.45915872 116.40894129759745 0
118 109 -9 55.660722879999994 116.8000907621325 0
115 103 -12 55.43040642 116.35375965580297 0
111 114 3 56.506284644999994 118.5440699584786 0
111 111 0 56.307765804999995 118.11684900921794 0
116 109 -7 55.840522045 117.1559092719308 0
112 105 -7 55.81770802 117.11037352494185 0
112 117 5 56.630218 118.81756187768 0
113 115 2 56.45516008 118.43281863617729 0
120 118 -2 56.180155379999995 117.84862127809754 0
114 108 -6 55.84659400499999 117.16804831520429 0
117 105 -12 55.440001679999995 116.37215864040769 0
117 99 -18 55.017328019999994 115.57591397600186 0
111 105 -6 55.835964819999994 117.14680394011577 0
108 101 -7 55.799406579999996 117.0739283567433 0
109 105 -4 55.990833044999995 117.4589326505038 0
108 107 -1 56.232068819999995 117.95717097111626 0
108 106 -2 56.156953779999995 117.80035143712409 0
110 106 -4 55.990833044999995 117.4589326505038 0
110 113 3 56.52414657999999 118.5831498340033 0
110 119 9 56.914111119999994 119.46663404399936 0
114 116 2 56.425954645 118.36965784135143 0
114 107 -7 55.774935219999996 117.02531136060057 0
116 106 -10 55.63112420499999 116.74216122331248 0
115 102 -13 55.399947805 116.29546205231594 0
111 109 -2 56.11908192 117.72187710736897 0
110 108 -2 56.180155379999995 117.84862127809754 0
111 111 0 56.267883444999995 118.0325091090495 0
111 111 0 56.31344344499999 118.12889441777301 0
112 112 0 56.31769842 118.13792797769305 0
114 109 -5 55.96549888 117.40748216987649 0
115 120 5 56.642335644999996 118.8446041454916 0
115 115 0 56.26216612499999 118.02045727742626 0
122 114 -8 55.80245992 117.08000358797506 0
116 108 -8 55.76880498 117.01315285619688 0
116 110 -6 55.86931968 117.21355565740033 0
116 105 -11 55.55742562 116.59866981163337 0
114 113 -1 56.219128125 117.93004071984376 0
113 108 -5 55.91456178 117.30450550060394 0
115 108 -7 55.81770802 117.11037352494185 0
113 107 -6 55.870832244999995 117.2165886990534 0
111 104 -7 55.825320444999996 117.1255546412505 0
113 105 -8 55.731919379999994 116.94016527718153 0
111 116 5 56.61402208 118.78150427689474 0
110 123 13 57.155539645 120.0475562875436 0
116 115 -1 56.24068199999999 117.97525525224 0
113 112 -1 56.191726419999995 117.87275015954296 0
116 110 -6 55.876879405 117.22871990013968 0
117 106 -11 55.56057568 116.60478155781632 0
114 111 -3 56.082469044999996 117.64637684408822 0
113 105 -8 55.748847444999996 116.973625762259 0
114 101 -13 55.387089644999996 116.27089996800609 0
112 100 -12 55.393521205 116.28318218502199 0
109 106 -3 56.11031249999999 117.70376109375002 0
107 106 -1 56.230632205 117.95415672722048 0
110 118 8 56.84449377999999 119.30431815278409 0
109 118 9 56.89100577999999 119.41252169852794 0
114 118 4 56.526889919999995 118.58916177621505 0
113 113 0 56.2835805 118.06564734843 0
118 114 -4 55.99529448 117.4680096159149 0
119 110 -9 55.676256179999996 116.83056264284569 0
118 114 -4 56.02496608 117.52850381552129 0
116 111 -5 55.987857205 117.45288092246454 0
117 113 -4 56.02348544499999 117.52547987490702 0
116 116 0 56.29355000499999 118.08673211285723 0
116 114 -2 56.12784017999999 117.73999062432169 0
118 111 -7 55.842040499999996 117.15894418233 0
117 123 6 56.66515602 118.89568226197417 0
116 130 14 57.144538 120.02042833048 0
126 116 -10 55.67780780499999 116.83360918181658 0
120 119 -1 56.216249004999995 117.92401114082178 0
121 123 2 56.39521184499999 118.3034732241162 0
121 117 -4 56.055987804999994 117.59198837798408 0
125 121 -4 56.03679999999999 117.55269248 0
122 118 -4 56.019041679999994 117.51640757239232 0
124 119 -5 55.990833044999995 117.4589326505038 0
123 120 -3 56.086872819999996 117.65543924900825 0
122 119 -3 56.126381245 117.73697187670712 0
123 119 -4 56.04123260499999 117.56176192896137 0
123 126 3 56.48560961999999 118.49897260167864 0
123 135 12 56.996710844999996 119.66211595141432 0
128 119 -9 55.748847444999996 116.973625762259 0
128 121 -7 55.843558644999995 117.16197899289942 0
126 119 -7 55.831404805 117.13769770393358 0
123 113 -10 55.612372644999994 116.70555147345492 0
121 120 -1 56.201834805 117.89385971710108 0
120 115 -5 55.971467919999995 117.41959038172097 0
123 115 -8 55.773403124999994 117.02227189546876 0
119 114 -5 55.946065245 117.36812088060489 0
118 115 -3 56.10153192 117.68564254807104 0
119 114 -5 55.971467919999995 117.41959038172097 0
119 122 3 56.515909119999996 118.56511346241537 0
118 129 11 56.986615404999995 119.63804926379568 0
123 119 -4 56.019041679999994 117.51640757239232 0
122 119 -3 56.116160019999995 117.71583871531784 0
123 117 -6 55.926579219999994 117.32874463086857 0
122 113 -9 55.680910125 116.83970190783376 0
121 121 0 56.29355000499999 118.08673211285723 0
119 120 1 56.34881632 118.20416151589377 0
124 119 -5 56.005693644999994 117.4891863004581 0
120 120 0 56.267883444999995 118.0325091090495 0
121 117 -4 56.01311232 117.50431004135424 0
124 113 -11 55.59671224499999 116.67502969364662 0
122 122 0 56.319116124999994 118.14093907063626 0
119 128 9 56.830201644999995 119.27126066399042 0
126 117 -9 55.719584499999996 116.91582190769 0
122 118 -4 56.06335378 117.60709872733594 0
121 115 -6 55.894991125 117.26510432348876 0
121 116 -5 55.986368819999996 117.44985493262377 0
120 121 1 56.381188245 118.2733833757639 0
120 119 -1 56.250716604999994 117.99635105346714 0
123 125 2 56.410602 118.33656770616001 0
121 127 6 56.674526605 118.91671392420288 0
126 123 -3 56.132215125 117.74904645760876 0
127 119 -8 55.813136844999995 117.10126362704881 0
127 129 2 56.425954645 118.36965784135143 0
125 131 6 56.66783488 118.90169133309954 0
134 119 -15 55.374211644999995 116.24632844286042 0
128 120 -8 55.81466087999999 117.10430036240449 0
125 123 -2 56.172913404999996 117.83353870225368 0
123 122 -1 56.227758044999995 117.94812806906123 0
126 127 1 56.372759204999994 118.25532758769748 0
125 124 -1 56.265025404999996 118.02648329884184 0
129 125 -4 56.085405205 117.65241852054348 0
128 123 -5 55.999753125 117.47708583328125 0
128 117 -11 55.63112420499999 116.74216122331248 0
128 119 -9 55.75345768 116.98274903359169 0
124 127 3 56.49664498 118.52302524825689 0
123 128 5 56.61942567999999 118.7935236499437 0
129 126 -3 56.126381245 117.73697187670712 0
126 122 -4 56.03088552 117.54059878122817 0
128 115 -13 55.48145218 116.45182891217033 0
128 112 -16 55.252515519999996 116.01549578978816 0
122 118 -4 56.01755980499999 117.51338331078394 0
117 113 -4 55.993807645 117.46498404411241 0
121 112 -9 55.687111044999995 116.8518859567578 0
117 113 -4 56.02348544499999 117.52547987490702 0
116 116 0 56.32336737999999 118.14997207066952 0
117 114 -3 56.06335378 117.60709872733594 0
118 121 3 56.51041128 118.5530887474541 0
117 127 10 56.94348844499999 119.5357898367145 0
122 114 -8 55.745772405 116.96754303251734 0
122 113 -9 55.725754419999994 116.92799449070105 0
120 115 -5 55.964005844999996 117.40445490134182 0
117 112 -5 55.966991605 117.41050935201788 0
117 116 -1 56.198948245 117.88782871745862 0
117 109 -8 55.75960032 116.99491186546177 0
118 108 -10 55.609243045 116.6994481166963 0
116 109 -7 55.84659400499999 117.16804831520429 0
113 106 -7 55.790239119999995 117.05570015177537 0
114 109 -5 55.937078205 117.34994910766648 0
112 117 5 56.628870045 118.8145571349073 0
112 126 14 57.193242 120.14103330696001 0
116 114 -2 56.140956644999996 117.76715629592542 0
116 118 2 56.403611125 118.32152531175126 0
118 116 -2 56.15259464499999 117.7912990070711 0
119 112 -7 55.831404805 117.13769770393358 0
120 119 -1 56.239247244999994 117.9722413453109 0
117 115 -2 56.13367282 117.75206493273177 0
122 113 -9 55.719584499999996 116.91582190769 0
118 112 -6 55.879901124999996 117.23478492366127 0
117 112 -5 55.926579219999994 117.32874463086857 0
117 111 -6 55.88292160499999 117.24084956424964 0
116 120 4 56.52551840499999 118.58615581627117 0
115 130 15 57.204132044999994 120.1681828106608 0
120 120 0 56.280729279999996 118.05962267643393 0
119 117 -2 56.13367282 117.75206493273177 0
121 115 -6 55.92958048 117.33480350362113 0
120 113 -7 55.819231124999995 117.11340995245126 0
119 116 -3 56.086872819999996 117.65543924900825 0
118 112 -6 55.86023777999999 117.19535536726009 0
119 114 -5 55.952050404999994 117.38023362324319 0
117 116 -1 56.227758044999995 117.94812806906123 0
117 113 -4 55.998267219999995 117.47406051033545 0
118 110 -8 55.731919379999994 116.94016527718153 0
117 120 3 56.47317112499999 118.47191129878877 0
115 126 11 56.968900645 119.5959379041491 0
123 120 -3 56.094206244999995 117.6705418002579 0
118 112 -6 55.90854562 117.29238373356665 0
120 114 -6 55.888958845 117.25297770187032 0
119 111 -8 55.739618605 116.95537624988738 0
116 118 2 56.39381088 118.30046441175553 0
116 111 -5 55.958030605 117.39234495999314 0
119 112 -7 55.852661004999995 117.18018576906624 0
116 120 4 56.547425444999995 118.6342486079155 0
115 118 3 56.46625 118.45687625000001 0
121 111 -10 55.595144499999996 116.67197682601001 0
118 116 -2 56.129298805 117.74300930356759 0
117 121 4 56.574697645 118.6943575833101 0
118 109 -9 55.648273919999994 116.77570468552705 0
120 114 -6 55.888958845 117.25297770187032 0
116 108 -8 55.742696124999995 116.96145986216376 0
114 110 -4 55.996781004999995 117.47103510460127 0
114 112 -2 56.135130204999996 117.75508334014154 0
112 106 -6 55.83900328 117.15287426153793 0
115 104 -11 55.50209884499999 116.49162892426281 0
112 105 -7 55.825320444999996 117.1255546412505 0
110 107 -3 56.102996125 117.68866248302376 0
110 104 -6 55.834445124999995 117.14376862875875 0
110 125 15 57.240250845 120.2587191891457 0
109 126 17 57.39933282 120.66696282808826 0
127 109 -18 55.14563504499999 115.81471024285023 0
113 114 1 56.33186152 118.16803683089985 0
114 113 -1 56.224882644999994 117.9420991826526 0
115 111 -4 56.047138405 117.57385343583134 0
115 115 0 56.26359592 118.02347031461697 0
115 107 -8 55.735 116.94625 0
117 107 -10 55.599846805 116.68113505143307 0
115 109 -6 55.884431379999995 117.24388174135353 0
111 107 -4 55.974450579999996 117.42564397256072 0
113 103 -10 55.61393697999999 116.7086029653849 0
111 113 2 56.42874200499999 118.37567377959229 0
110 116 6 56.68121058 118.93173640782072 0
115 107 -8 55.764204045 117.0040328476693 0
112 102 -10 55.581020845 116.64449532548431 0
112 102 -10 55.546390644999995 116.5772745970191 0
110 101 -9 55.6576125 116.79399496125001 0
107 105 -2 56.178707605 117.84560488852364 0
108 103 -5 55.925078125 117.32571505859376 0
108 100 -8 55.694855219999994 116.86711340059945 0
108 105 -3 56.042709519999995 117.56478492232385 0
107 102 -5 55.946065245 117.36812088060489 0
108 104 -4 55.993807645 117.46498404411241 0
108 112 4 56.58964449999999 118.72741463549 0
107 116 9 56.902571005 119.43957689066873 0
112 111 -1 56.24068199999999 117.97525525224 0
111 106 -5 55.943070805 117.36206397880045 0
113 104 -9 55.63112420499999 116.74216122331248 0
113 102 -11 55.479861805 116.44876641244943 0
110 105 -5 55.966991605 117.41050935201788 0
108 102 -6 55.861752204999995 117.19838899265298 0
109 102 -7 55.770338005 117.01619264343077 0
108 99 -9 55.63112420499999 116.74216122331248 0
107 102 -5 55.910050125 117.29541431384627 0
107 99 -8 55.716497679999996 116.90973493920833 0
107 108 1 56.347405124999995 118.20115136662126 0
106 114 8 56.856159444999996 119.33136669470503 0
109 109 0 56.272168179999994 118.04154743121369 0
110 108 -2 56.116160019999995 117.71583871531784 0
110 101 -9 55.612372644999994 116.70555147345492 0
112 100 -12 55.390306044999996 116.27704137088472 0
110 101 -9 55.624878644999995 116.7299599438006 0
106 100 -6 55.85417698 117.18321988541513 0
107 99 -8 55.66383202 116.80618608635385 0
106 100 -6 55.87536808 117.22568724436928 0
106 98 -8 55.711865124999996 116.90060363657875 0
106 98 -8 55.662277605 116.80313848374388 0
106 107 1 56.35163777999999 118.21018168519993 0
105 101 -4 55.984880125 117.44682885868376 0
109 103 -6 55.85417698 117.18321988541513 0
106 102 -4 55.972959405 117.42261721992784 0
106 103 -3 56.047138405 117.57385343583134 0
108 100 -8 55.673151999999995 116.82446921216001 0
107 103 -4 56.01607761999999 117.51035896851737 0
107 103 -4 56.005693644999994 117.4891863004581 0
107 109 2 56.42874200499999 118.37567377959229 0
108 116 8 56.822390125 119.25323008723376 0
109 103 -6 55.86629361999999 117.20748928328936 0
112 101 -11 55.460753125 116.41200560421876 0
110 112 2 56.459321124999995 118.44184046696125 0
108 107 -1 56.22344448 117.93908465344514 0
115 105 -10 55.606112204999995 116.69334426164704 0
109 109 0 56.26216612499999 118.02045727742626 0
109 109 0 56.30066178 118.10179116985609 0
112 107 -5 55.969976124999995 117.41656345777626 0
112 110 -2 56.178707605 117.84560488852364 0
111 102 -9 55.659167845 116.79704292135582 0
113 105 -8 55.750384499999996 116.97666696231 0
111 105 -6 55.870832244999995 117.2165886990534 0
108 110 2 56.423166044999995 118.3636417666228 0
110 103 -7 55.777998479999994 117.03138996990913 0
111 116 5 56.60861351999999 118.76948471707584 0
110 121 11 57.01558632 119.70724732493377 0
117 112 -5 55.94007512499999 117.35600672159126 0
113 110 -3 56.108849844999995 117.7007415129302 0
114 108 -6 55.86629361999999 117.20748928328936 0
115 105 -10 55.60454632 116.69029214685376 0
113 107 -6 55.9025245 117.28026048461001 0
111 111 0 56.27930320499999 118.05661026401854 0
111 110 -1 56.197504499999994 117.88481312721001 0
112 116 4 56.539219605 118.61621443816588 0
112 114 2 56.41339617999999 118.3425844113057 0
116 109 -7 55.811612499999995 117.09822678875001 0
116 121 5 56.628870045 118.8145571349073 0
114 128 14 57.151875219999994 120.03851312528056 0
125 120 -5 55.956536019999994 117.38931725703416 0
118 115 -3 56.11908192 117.72187710736897 0
120 122 2 56.446829619999995 118.41477414180137 0
120 110 -10 55.65450088 116.78789868239554 0
125 116 -9 55.705684045 116.88842697303072 0
119 111 -8 55.725754419999994 116.92799449070105 0
116 122 6 56.682546445 118.93474089344849 0
116 119 3 56.46763484499999 118.45988331784233 0
123 117 -6 55.894991125 117.26510432348876 0
118 112 -6 55.920572979999996 117.31662579620888 0
119 126 7 56.73307960499999 119.04891038747164 0
119 129 10 56.93328884499999 119.51173398219282 0
130 116 -14 55.44958577999999 116.39055250920794 0
121 111 -10 55.65450088 116.78789868239554 0
120 109 -11 55.566872079999996 116.61700349566529 0
118 110 -8 55.72883752 116.93408010785217 0
112 114 2 56.421771279999994 118.36063367766593 0
114 107 -7 55.784121279999994 117.0435459092941 0
116 109 -7 55.790239119999995 117.05570015177537 0
113 112 -1 56.2263205 117.94511365447 0
111 113 2 56.452384499999994 118.42680392919002 0
114 110 -4 56.026446404999994 117.53152767629668 0
114 123 9 56.872965519999994 119.37043946085186 0
114 132 18 57.414353604999995 120.70635621700013 0
125 127 2 56.396612499999996 118.30648199875 0
119 123 4 56.544691404999995 118.62823729855585 0
124 118 -6 55.94007512499999 117.35600672159126 0
126 116 -10 55.63580511999999 116.75131089844737 0
124 117 -7 55.86629361999999 117.20748928328936 0
121 119 -2 56.198948245 117.88782871745862 0
121 118 -3 56.114698605 117.71281941485488 0
122 118 -4 56.019041679999994 117.51640757239232 0
121 115 -6 55.91456178 117.30450550060394 0
121 114 -7 55.835964819999994 117.14680394011577 0
120 127 7 56.70121600499999 118.97680341858629 0
119 134 15 57.188393919999996 120.12896849015297 0
129 126 -3 56.09567199999999 117.67356209344001 0
123 119 -4 56.0515645 117.58292125291001 0
126 118 -8 55.787180819999996 117.04962324199225 0
124 112 -12 55.489399405 116.46713934637218 0
121 115 -6 55.899512079999994 117.27419830113473 0
119 112 -7 55.822276405 117.11948250077084 0
118 113 -5 55.966991605 117.41050935201788 0
117 114 -3 56.126381245 117.73697187670712 0
116 114 -2 56.190281125 117.86973426513876 0
117 113 -4 56.004208979999994 117.48616130702713 0
117 125 8 56.775286644999994 119.1450560119046 0
117 133 16 57.27251921999999 120.34025473154857 0
126 120 -6 55.917567999999996 117.31056583168001 0
121 115 -6 55.9325805 117.34086201507 0
122 114 -8 55.800933404999995 117.07696602448618 0
120 111 -9 55.66383202 116.80618608635385 0
116 116 0 56.26216612499999 118.02045727742626 0
117 113 -4 55.998267219999995 117.47406051033545 0
118 118 0 56.266454579999994 118.02949623026473 0
116 119 3 56.48146624499999 118.48995241696463 0
119 120 1 56.375570124999996 118.26134634336626 0
120 121 1 56.388203919999995 118.28842878176705 0
121 133 12 57.006786444999996 119.68618496465601 0
124 140 16 57.211378124999996 120.18628534640627 0
131 127 -4 56.086872819999996 117.65543924900825 0
130 129 -1 56.23637680499999 117.96621336403445 0
130 126 -4 56.044186124999996 117.56780783781376 0
131 121 -10 55.674704245 116.82751598634812 0
130 127 -3 56.09274017999999 117.66752143493832 0
127 122 -5 56.002724005 117.48313623146323 0
130 125 -5 55.980412179999995 117.4377501306297 0
127 128 1 56.327615845 118.15900465594932 0
127 124 -3 56.11031249999999 117.70376109375002 0
130 126 -4 56.06040831999999 117.60105481547777 0
128 134 6 56.65442818 118.87164574650633 0
129 143 14 57.06806657999999 119.83366337457673 0
136 137 1 56.3403445 118.18609996751002 0
136 129 -7 55.891975605 117.25904120152438 0
137 131 -6 55.971467919999995 117.41959038172097 0
133 133 0 56.3262 118.15599384000001 0
134 132 -2 56.20616232 117.90290576688577 0
138 131 -7 55.88594084499999 117.24691382321569 0
136 129 -7 55.879901124999996 117.23478492366127 0
135 131 -4 56.06040831999999 117.60105481547777 0
134 132 -2 56.211928 117.91496633408 0
135 127 -8 55.857208 117.18928782272 0
136 137 1 56.334690419999994 118.17405805509097 0
132 145 13 56.989141124999996 119.64406572226126 0
140 131 -9 55.79329618 117.06177663995433 0
140 125 -15 55.417595379999995 116.32921965723753 0
134 122 -12 55.585731519999996 116.65365696745985 0
129 115 -14 55.403159245 116.3016011080944 0
123 121 -2 56.16711424499999 117.8214715033594 0
122 119 -3 56.124922 117.73395306056001 0
123 118 -5 55.969976124999995 117.41656345777626 0
122 118 -4 56.064826045 117.61012056981531 0
121 116 -5 55.964005844999996 117.40445490134182 0
122 118 -4 56.03384337999999 117.54664578832552 0
121 136 15 57.20050481999999 120.15913240719577 0
121 142 21 57.48980480499999 120.90660350727109 0
133 123 -10 55.673151999999995 116.82446921216001 0
127 128 1 56.367133644999996 118.2432895908656 0
124 125 1 56.354457999999994 118.21620168328002 0
127 121 -6 55.894991125 117.26510432348876 0
127 124 -3 56.11031249999999 117.70376109375002 0
125 119 -6 55.910050125 117.29541431384627 0
127 121 -6 55.91155431999999 117.29844480166977 0
125 120 -5 55.998267219999995 117.47406051033545 0
124 118 -6 55.91456178 117.30450550060394 0
124 118 -6 55.934080044999995 117.34389113571521 0
122 130 8 56.75817832 119.10599614851778 0
122 130 8 56.78447711999999 119.16608879387138 0
131 124 -7 55.86931968 117.21355565740033 0
126 117 -9 55.742696124999995 116.96145986216376 0
126 116 -10 55.648273919999994 116.77570468552705 0
124 116 -8 55.748847444999996 116.973625762259 0
119 120 1 56.364319005 118.23727034708074 0
120 115 -5 55.952050404999994 117.38023362324319 0
122 116 -6 55.91456178 117.30450550060394 0
119 117 -2 56.19606044499999 117.88179747645799 0
119 115 -4 56.01607761999999 117.51035896851737 0
121 112 -9 55.702591645 116.88233795543209 0
119 123 4 56.54879199999999 118.63725423296 0
117 126 9 56.856159444999996 119.33136669470503 0
126 126 0 56.31628040499999 118.13491683801068 0
120 117 -3 56.10738687999999 117.69772186161153 0
125 115 -10 55.621754005 116.72385856709573 0
124 114 -10 55.618628124999994 116.71775669734376 0
119 119 0 56.28927922 118.07769608567145 0
117 116 -1 56.211928 117.91496633408 0
121 118 -3 56.10006740499999 117.68262254180019 0
119 120 1 56.334690419999994 118.17405805509097 0
120 121 1 56.375570124999996 118.26134634336626 0
122 123 1 56.381188245 118.2733833757639 0
123 130 7 56.73307960499999 119.04891038747164 0
125 132 7 56.693222205 118.95877667284954 0
130 127 -3 56.14241248 117.77017436722689 0
130 121 -9 55.75960032 116.99491186546177 0
130 117 -13 55.503684879999994 116.49468950906049 0
127 114 -13 55.455968979999994 116.40281226377289 0
122 123 1 56.382591999999995 118.27639253504 0
119 120 1 56.350227204999996 118.20717162203204 0
127 119 -8 55.767271644999994 117.01011296126792 0
121 121 0 56.29924004499999 118.09877945652272 0
121 119 -2 56.197504499999994 117.88481312721001 0
125 116 -9 55.710320319999994 116.89755964173824 0
123 128 5 56.571976004999996 118.68834700305123 0
121 130 9 56.83800200499999 119.28929178204524 0
131 129 -2 56.151140979999994 117.78828139943913 0
125 122 -3 56.09567199999999 117.67356209344001 0
128 116 -12 55.57001842 116.62311368995304 0
128 112 -16 55.24434044499999 116.00007548824202 0
122 119 -3 56.075123219999995 117.63127136473656 0
117 116 -1 56.239247244999994 117.9722413453109 0
121 115 -6 55.899512079999994 117.27419830113473 0
118 117 -1 56.23350512499999 117.96018515844126 0
118 114 -4 56.050089445 117.579898724325 0
120 111 -9 55.70104497999999 116.87929327460313 0
119 120 1 56.337518079999995 118.18007910019074 0
116 134 18 57.38774272 120.63667069394945 0
122 122 0 56.29781799999999 118.09576769432002 0
121 118 -3 56.113236879999995 117.70980004454849 0
122 112 -10 55.6576125 116.79399496125001 0
120 110 -10 55.609243045 116.6994481166963 0
117 113 -4 56.02496608 117.52850381552129 0
115 107 -8 55.731919379999994 116.94016527718153 0
116 110 -6 55.891975605 117.25904120152438 0
113 114 1 56.389606125 118.29143774667375 0
112 118 6 56.6705125 118.90770038375001 0
115 104 -11 55.506856019999994 116.50081027216585 0
116 111 -5 55.92958048 117.33480350362113 0
113 115 2 56.396612499999996 118.30648199875 0
110 119 9 56.863922605 119.34939987270863 0
114 111 -3 56.11031249999999 117.70376109375002 0
115 108 -7 55.784121279999994 117.0435459092941 0
116 105 -11 55.52269312 116.53140600049664 0
113 110 -3 56.094206244999995 117.6705418002579 0
110 104 -6 55.887449999999994 117.24994581000001 0
113 104 -9 55.662277605 116.80313848374388 0
110 104 -6 55.85417698 117.18321988541513 0
108 103 -5 55.955041124999994 117.38628946669876 0
109 104 -5 55.90101844499999 117.27722943959199 0
108 112 4 56.54058802 118.61922018388185 0
108 119 11 57.04314418 119.77345595158232 0
111 110 -1 56.24641792 117.98731032571905 0
112 107 -5 55.952050404999994 117.38023362324319 0
113 105 -8 55.75192124499999 116.97970805269962 0
112 102 -10 55.60454632 116.69029214685376 0
110 105 -5 55.94905844499999 117.37417742831552 0
109 102 -7 55.75345768 116.98274903359169 0
109 105 -4 55.998267219999995 117.47406051033545 0
108 102 -6 55.8723445 117.21962164399001 0
108 103 -5 55.934080044999995 117.34389113571521 0
108 101 -7 55.787180819999996 117.04962324199225 0
107 108 1 56.361503125 118.23125093796875 0
107 119 12 57.089153124999996 119.88485399828126 0
109 100 -9 55.628002044999995 116.73606082876921 0
111 99 -12 55.441599804999996 116.37522463951608 0
109 98 -11 55.475088819999996 116.43957808457625 0
107 99 -8 55.719584499999996 116.91582190769 0
103 101 -2 56.175811124999996 117.83957192131126 0
105 94 -11 55.47190528 116.43345184043008 0
105 95 -10 55.5005125 116.48856820375 0
104 96 -8 55.673151999999995 116.82446921216001 0
102 96 -6 55.82836324499999 117.13162637520112 0
103 95 -8 55.67004658 116.81837531005672 0
103 116 13 57.19081858 120.13500077442873 0
103 115 12 57.143314045 120.01741439439931 0
115 111 -4 56.008662044999994 117.49523604157672 0
105 104 -1 56.191726419999995 117.87275015954296 0
110 100 -10 55.58416160499999 116.65060321405038 0
112 99 -13 55.33060191999999 116.16332873583104 0
107 104 -3 56.053039244999994 117.58594370460563 0
106 95 -11 55.463941004999995 116.41813379769874 0
107 96 -11 55.467127645 116.4242614325876 0
105 101 -4 55.956536019999994 117.38931725703416 0
103 95 -8 55.65138802 116.78180192425816 0
105 94 -11 55.446392319999994 116.38442178584577 0
103 104 1 56.36572647999999 118.24027998955714 0
102 113 11 57.039395125 119.76442633299126 0
106 101 -5 55.888958845 117.25297770187032 0
106 98 -8 55.656056844999995 116.7909468816512 0
105 97 -8 55.659167845 116.79704292135582 0
106 96 -10 55.565298444999996 116.61394820510802 0
104 100 -4 55.96549888 117.40748216987649 0
104 97 -7 55.727296124999995 116.93103735533626 0
104 94 -10 55.52111080499999 116.52834703149958 0
104 97 -7 55.718041244999995 116.9127784800004 0
103 96 -7 55.71495380499999 116.90669128514995 0
103 93 -10 55.53849921999999 116.56198837033145 0
103 101 -2 56.124922 117.73395306056001 0
102 109 7 56.821087119999994 119.25022504124865 0
104 103 -1 56.24928402 117.99333753221018 0
105 96 -9 55.599846805 116.68113505143307 0
105 94 -11 55.39834162 116.29239230520537 0
106 93 -13 55.291647999999995 116.08945753088001 0
103 97 -6 55.823798579999995 117.12251862190874 0
102 98 -4 55.972959405 117.42261721992784 0
103 98 -5 55.86931968 117.21355565740033 0
103 99 -4 55.947562 117.37114919864001 0
103 95 -8 55.643600445 116.76655792344951 0
104 93 -11 55.406369444999996 116.30773958037503 0
103 104 1 56.396612499999996 118.30648199875 0
102 101 -1 56.17725951999999 117.84258843631616 0
107 100 -7 55.758065124999995 116.99187132092126 0
103 94 -9 55.602980124999995 116.68723990699627 0
104 92 -12 55.35485744499999 116.2094532700515 0
105 89 -16 55.008932845 115.56037073287919 0
102 96 -6 55.794824244999994 117.0648147263519 0
102 95 -7 55.765738 117.00707295848001 0
102 93 -9 55.576307379999996 116.63533253580954 0
101 94 -7 55.736539844999996 116.94929219437732 0
101 94 -7 55.767271644999994 117.01011296126792 0
102 90 -12 55.34678002 116.19408222237786 0
102 99 -3 56.064826045 117.61012056981531 0
101 94 -7 55.694855219999994 116.86711340059945 0
103 93 -10 55.516361999999994 116.51916932136001 0
102 96 -6 55.790239119999995 117.05570015177537 0
101 93 -8 55.682460819999996 116.84274809520777 0
102 90 -12 55.325742444999996 116.15409970898352 0
102 96 -6 55.81770802 117.11037352494185 0
101 96 -5 55.870832244999995 117.2165886990534 0
102 98 -4 56.002724005 117.48313623146323 0
102 105 3 56.529632019999994 118.59517362978617 0
102 104 2 56.41339617999999 118.3425844113057 0
105 100 -5 55.879901124999996 117.23478492366127 0
105 110 5 56.67987440499999 118.92873191871284 0
106 109 3 56.491129779999994 118.51099913633193 0
112 109 -3 56.06924098 117.61918564542088 0
108 102 -6 55.86629361999999 117.20748928328936 0
110 104 -6 55.88292160499999 117.24084956424964 0
110 98 -12 55.43360608 116.35989322127872 0
108 101 -7 55.764204045 117.0040328476693 0
107 98 -9 55.642042 116.76350876104001 0
105 101 -4 55.971467919999995 117.41959038172097 0
105 101 -4 56.019041679999994 117.51640757239232 0
105 99 -6 55.863266319999994 117.20142252034626 0
105 100 -5 55.913058205 117.30147519720104 0
105 109 4 56.59507042 118.73943493158905 0
105 110 5 56.653085804999996 118.86864115338544 0
109 112 3 56.47178751999999 118.46890434678785 0
108 104 -4 55.974450579999996 117.42564397256072 0
111 101 -10 55.566872079999996 116.61700349566529 0
111 98 -13 55.35324258 116.20637936275273 0
107 100 -7 55.773403124999994 117.02227189546876 0
106 99 -7 55.742696124999995 116.96145986216376 0
105 101 -4 56.007177999999996 117.49221121192001 0
105 103 -2 56.11031249999999 117.70376109375002 0
105 105 0 56.269312 118.03552193536001 0
106 100 -6 55.82836324499999 117.13162637520112 0
107 114 7 56.802812499999995 119.20815578125001 0
106 124 18 57.48413608 120.89141801255873 0
116 120 4 56.53374284499999 118.6041912468092 0
110 105 -5 55.93557928 117.34692016652609 0
114 107 -7 55.81770802 117.11037352494185 0
114 101 -13 55.35485744499999 116.2094532700515 0
109 106 -3 56.10153192 117.68564254807104 0
108 102 -6 55.849628124999995 117.17411724015626 0
108 104 -4 55.998267219999995 117.47406051033545 0
108 104 -4 55.96848402 117.41353644792986 0
107 102 -5 55.9025245 117.28026048461001 0
108 103 -5 55.90854562 117.29238373356665 0
107 113 6 56.694555279999996 118.96178113452993 0
107 127 20 57.548300125 121.06469035978375 0
111 108 -3 56.04566242 117.57083067559498 0
112 107 -5 55.969976124999995 117.41656345777626 0
112 106 -6 55.873856445 117.22265449237402 0
111 103 -8 55.70104497999999 116.87929327460313 0
107 103 -4 56.01311232 117.50431004135424 0
109 101 -8 55.680910125 116.83970190783376 0
108 101 -7 55.807037605 117.08911565455614 0
107 108 1 56.354457999999994 118.21620168328002 0
106 107 1 56.396612499999996 118.30648199875 0
109 108 -1 56.222006005 117.93607006668374 0
108 116 8 56.86004242 119.34038319908505 0
110 129 19 57.467083405 120.84587690082368 0
116 110 -6 55.89649842 117.26813574324697 0
117 111 -6 55.870832244999995 117.2165886990534 0
116 106 -10 55.579449999999994 116.64144119000001 0
113 104 -9 55.6576125 116.79399496125001 0
109 109 0 56.304925125 118.11082601827876 0
109 104 -5 55.937078205 117.34994910766648 0
111 107 -4 55.998267219999995 117.47406051033545 0
109 113 4 56.593714405 118.73642987892468 0
109 110 1 56.33186152 118.16803683089985 0
113 105 -8 55.75192124499999 116.97970805269962 0
111 116 5 56.63695312499999 118.83258544921875 0
110 115 5 56.609966125 118.77248962511376 0
119 113 -6 55.86931968 117.21355565740033 0
113 114 1 56.358686004999996 118.22523136221878 0
114 115 1 56.382591999999995 118.27639253504 0
117 110 -7 55.799406579999996 117.0739283567433 0
118 108 -10 55.58416160499999 116.65060321405038 0
115 106 -9 55.665386125 116.80923357012625 0
112 113 1 56.341757245 118.18911033491162 0
111 120 9 56.86262952 119.34639429575617 0
114 116 2 56.437096645 118.39372078849709 0
114 110 -4 56.04861407999999 117.57687611868673 0
115 118 3 56.463479379999995 118.45086202604153 0
115 123 8 56.80673360499999 119.21717041603988 0
120 119 -1 56.24641792 117.98731032571905 0
119 116 -3 56.085405205 117.65241852054348 0
120 114 -6 55.89348352 117.26207280963584 0
120 110 -10 55.643600445 116.76655792344951 0
118 117 -1 56.25501249999999 118.00539129125 0
116 114 -2 56.13367282 117.75206493273177 0
120 112 -8 55.782591045 117.04050708394222 0
116 115 -1 56.21480898 117.92099626383289 0
115 114 -1 56.23781217999999 117.96922738263032 0
118 112 -6 55.910050125 117.29541431384627 0
117 121 4 56.58013720499999 118.70637854803797 0
116 132 16 57.287975245 120.3795314201349 0
123 118 -5 55.955041124999994 117.38628946669876 0
122 121 -1 56.257874879999996 118.0114178464205 0
120 117 -3 56.07218272 117.62522865426945 0
121 112 -9 55.676256179999996 116.83056264284569 0
120 120 0 56.282155044999996 118.0626350378498 0
117 116 -1 56.23781217999999 117.96922738263032 0
122 117 -5 55.990833044999995 117.4589326505038 0
118 121 3 56.470403604999994 118.46589736607238 0
118 125 7 56.73175551999999 119.04590591266816 0
123 120 -3 56.094206244999995 117.6705418002579 0
124 130 6 56.653085804999996 118.86864115338544 0
123 132 9 56.832803004999995 119.27727097478328 0
131 130 -1 56.24928402 117.99333753221018 0
129 121 -8 55.823798579999995 117.12251862190874 0
130 118 -12 55.579449999999994 116.64144119000001 0
127 117 -10 55.652944604999995 116.78485036331914 0
122 123 1 56.382591999999995 118.27639253504 0
120 123 3 56.49940072 118.52903814897346 0
126 118 -8 55.807037605 117.08911565455614 0
123 121 -2 56.149687005 117.78526372606024 0
122 118 -4 56.067769645 117.61616402869392 0
124 117 -7 55.85114471999999 117.17715155403457 0
123 126 3 56.46625 118.45687625000001 0
121 142 21 57.476186844999994 120.87016264258632 0
128 118 -10 55.640483245 116.7604594774989 0
128 118 -10 55.648273919999994 116.77570468552705 0
123 115 -8 55.80856288 117.09215280266753 0
118 107 -11 55.574735604999994 116.63227801677564 0
114 116 2 56.39381088 118.30046441175553 0
115 112 -3 56.11908192 117.72187710736897 0
117 113 -4 56.032364605 117.54362232428664 0
115 112 -3 56.09274017999999 117.66752143493832 0
114 111 -3 56.05746162 117.59501059999465 0
116 108 -8 55.731919379999994 116.94016527718153 0
114 120 6 56.694555279999996 118.96178113452993 0
113 129 16 57.27490048 120.34629648474113 0
122 118 -4 56.010145779999995 117.4982607895921 0
117 122 5 56.64099048 118.84159948418113 0
118 120 2 56.41199924499999 118.33957607661313 0
122 115 -7 55.86931968 117.21355565740033 0
123 121 -2 56.175811124999996 117.83957192131126 0
120 120 0 56.31344344499999 118.12889441777301 0
124 119 -5 55.99529448 117.4680096159149 0
122 121 -1 56.250716604999994 117.99635105346714 0
122 120 -2 56.178707605 117.84560488852364 0
124 118 -6 55.92357672 117.32268539550145 0
123 129 6 56.643680499999995 118.84760879857001 0
122 129 7 56.74630340499999 119.07895532261634 0
131 130 -1 56.23781217999999 117.96922738263032 0
126 125 -1 56.260736019999996 118.01744418710585 0
129 120 -9 55.748847444999996 116.973625762259 0
130 115 -15 55.35485744499999 116.2094532700515 0
125 122 -3 56.12200257999999 117.72791522201274 0
120 119 -1 56.234941119999995 117.96319928935937 0
124 123 -1 56.247851125 117.99032395634876 0
121 123 2 56.43292072 118.38469743390657 0
123 119 -4 56.05746162 117.59501059999465 0
125 118 -7 55.822276405 117.11948250077084 0
123 125 2 56.43152812499999 118.38168958265626 0
122 129 7 56.709198644999994 118.9948301275231 0
128 127 -1 56.23350512499999 117.96018515844126 0
126 118 -8 55.822276405 117.11948250077084 0
127 116 -11 55.59827968 116.67808243539969 0
124 114 -10 55.673151999999995 116.82446921216001 0
120 127 7 56.735726844999995 119.0549193459737 0
118 125 7 56.711857044999995 119.00083902844172 0
130 131 1 56.347405124999995 118.20115136662126 0
121 137 16 57.240250845 120.2587191891457 0
128 133 5 56.56380364499999 118.67031485496442 0
135 133 -2 56.15985832 117.80638606476225 0
133 140 7 56.66783488 118.90169133309954 0
134 144 10 56.827599045 119.26525041334179 0
143 148 5 56.539219605 118.61621443816588 0
141 141 0 56.319116124999994 118.14093907063626 0
146 135 -11 55.671599445 116.8214223201175 0
144 132 -12 55.602980124999995 116.68723990699627 0
139 138 -1 56.2263205 117.94511365447 0
135 132 -3 56.11908192 117.72187710736897 0
141 132 -9 55.81466087999999 117.10430036240449 0
136 135 -1 56.23350512499999 117.96018515844126 0
134 133 -1 56.24355058 117.98128289949929 0
138 133 -5 55.998267219999995 117.47406051033545 0
136 139 3 56.456547404999995 118.43582594356768 0
136 145 9 56.802812499999995 119.20815578125001 0
141 139 -2 56.183049999999994 117.85465387 0
143 134 -9 55.82836324499999 117.13162637520112 0
140 133 -7 55.884431379999995 117.24388174135353 0
137 130 -7 55.87536808 117.22568724436928 0
136 134 -2 56.16276162 117.81242043334537 0
134 128 -6 55.974450579999996 117.42564397256072 0
137 129 -8 55.864780124999996 117.20445595050376 0
133 133 0 56.30918568 118.11986043277633 0
132 128 -4 56.03384337999999 117.54664578832552 0
136 124 -12 55.609243045 116.6994481166963 0
131 135 4 56.517282804999994 118.56811958206843 0
128 137 9 56.828900499999996 119.26825553123001 0
138 134 -4 56.086872819999996 117.65543924900825 0
133 128 -5 55.996781004999995 117.47103510460127 0
133 127 -6 55.92357672 117.32268539550145 0
132 124 -8 55.834445124999995 117.14376862875875 0
130 128 -2 56.18160284499999 117.8516376052017 0
129 122 -7 55.89046738 117.2560094989905 0
131 124 -7 55.87536808 117.22568724436928 0
127 128 1 56.350227204999996 118.20717162203204 0
126 123 -3 56.140956644999996 117.76715629592542 0
130 122 -8 55.79329618 117.06177663995433 0
127 135 8 56.76739700499999 119.12702823320978 0
125 128 3 56.488370319999994 118.50498592250177 0
138 134 -4 56.07365312499999 117.62825004671876 0
128 125 -3 56.123462444999994 117.7309341757165 0
130 128 -2 56.16276162 117.81242043334537 0
131 125 -6 55.952050404999994 117.38023362324319 0
128 131 3 56.450996245 118.4237965292654 0
129 126 -3 56.086872819999996 117.65543924900825 0
132 124 -8 55.80856288 117.09215280266753 0
129 124 -5 55.964005844999996 117.40445490134182 0
126 122 -4 56.02792642 117.53455145739704 0
127 119 -8 55.805512019999995 117.08607840284617 0
126 129 3 56.493888 118.51701224448001 0
123 130 7 56.74233952 119.06994180176385 0
132 134 2 56.425954645 118.36965784135143 0
127 126 -1 56.2263205 117.94511365447 0
132 124 -8 55.81770802 117.11037352494185 0
130 130 0 56.31486208 118.13190565142528 0
127 132 5 56.56380364499999 118.67031485496442 0
133 123 -10 55.725754419999994 116.92799449070105 0
131 126 -5 55.971467919999995 117.41959038172097 0
127 129 2 56.439879045 118.39973619389572 0
128 118 -10 55.684011205 116.84579416571054 0
132 118 -14 55.422401844999996 116.33842323519131 0
124 127 3 56.46625 118.45687625000001 0
120 132 12 56.99923160499999 119.66813298342038 0
129 125 -4 56.06040831999999 117.60105481547777 0
126 117 -9 55.748847444999996 116.973625762259 0
126 115 -11 55.59671224499999 116.67502969364662 0
122 114 -8 55.739618605 116.95537624988738 0
118 120 2 56.410602 118.33656770616001 0
117 113 -4 56.01755980499999 117.51338331078394 0
122 114 -8 55.761135204999995 116.99795230132403 0
117 116 -1 56.21480898 117.92099626383289 0
115 114 -1 56.24068199999999 117.97525525224 0
118 114 -4 55.996781004999995 117.47103510460127 0
117 133 16 57.261788204999995 120.31307044697104 0
117 140 23 57.631192 121.29324138304001 0
135 122 -13 55.530600045 116.5466988449848 0
124 122 -2 56.184496845 117.85767007265632 0
120 120 0 56.303504319999995 118.10781445057025 0
122 116 -6 55.88141152 117.23781729174017 0
121 123 2 56.4245605 118.36664982113001 0
121 116 -5 55.980412179999995 117.4377501306297 0
125 113 -12 55.52901928 116.54364054227392 0
120 115 -5 55.93557928 117.34692016652609 0
116 112 -4 56.039755379999995 117.55873885756249 0
117 111 -6 55.9025245 117.28026048461001 0
116 118 2 56.44126978 118.40274384778809 0
115 117 2 56.439879045 118.39973619389572 0
120 119 -1 56.257874879999996 118.0114178464205 0
117 121 4 56.570614719999995 118.68534168787457 0
120 116 -4 56.004208979999994 117.48616130702713 0
123 110 -13 55.406369444999996 116.30773958037503 0
120 114 -6 55.926579219999994 117.32874463086857 0
115 111 -4 56.038277844999996 117.55571570796332 0
116 107 -9 55.66383202 116.80618608635385 0
115 108 -7 55.840522045 117.1559092719308 0
112 108 -4 55.97743199999999 117.43169722176 0
111 108 -3 56.075123219999995 117.63127136473656 0
111 117 6 56.6705125 118.90770038375001 0
111 124 13 57.111382405 119.93907111835269 0
116 119 3 56.488370319999994 118.50498592250177 0
116 110 -6 55.861752204999995 117.19838899265298 0
118 108 -10 55.595144499999996 116.67197682601001 0
115 108 -7 55.796352 117.06785270784002 0
112 113 1 56.341757245 118.18911033491162 0
111 106 -5 55.946065245 117.36812088060489 0
114 106 -8 55.72883752 116.93408010785217 0
111 108 -3 56.066297999999996 117.61314233688 0
109 107 -2 56.1395005 117.76413815773 0
110 106 -4 55.996781004999995 117.47103510460127 0
110 112 2 56.452384499999994 118.42680392919002 0
109 115 6 56.71584231999999 119.00985238239426 0
113 116 3 56.493888 118.51701224448001 0
113 108 -5 55.962512499999995 117.40142754625 0
115 104 -11 55.547968 116.58033144832001 0
114 104 -10 55.585731519999996 116.65365696745985 0
110 106 -4 56.002724005 117.48313623146323 0
108 103 -5 55.89649842 117.26813574324697 0
109 105 -4 55.993807645 117.46498404411241 0
107 106 -1 56.227758044999995 117.94812806906123 0
107 106 -1 56.24928402 117.99333753221018 0
108 104 -4 55.96549888 117.40748216987649 0
108 111 3 56.52826112499999 118.59216771399876 0
108 109 1 56.347405124999995 118.20115136662126 0
113 108 -5 55.934080044999995 117.34389113571521 0
110 109 -1 56.211928 117.91496633408 0
110 108 -2 56.151140979999994 117.78828139943913 0
112 107 -5 55.92958048 117.33480350362113 0
111 115 4 56.55971328 118.66129854369794 0
110 110 0 56.265025404999996 118.02648329884184 0
116 113 -3 56.086872819999996 117.65543924900825 0
112 113 1 56.334690419999994 118.17405805509097 0
113 110 -3 56.108849844999995 117.7007415129302 0
115 112 -3 56.111774845 117.70678060423482 0
114 136 22 57.621337045 121.26577959936422 0
115 115 0 56.31628040499999 118.13491683801068 0
133 114 -19 55.11082449999999 115.74968813311 0
120 131 11 56.989141124999996 119.64406572226126 0
111 120 9 56.90128722 119.43657066354457 0
130 113 -17 55.227967045 115.96922271971172 0
121 115 -6 55.88141152 117.23781729174017 0
114 110 -4 56.004208979999994 117.48616130702713 0
115 109 -6 55.89046738 117.2560094989905 0
115 115 0 56.29497298 118.08974402265113 0
112 115 3 56.4800845 118.48694563381001 0
117 112 -5 55.98190180499999 117.44077645785057 0
115 127 12 57.026878124999996 119.73433030359377 0
115 134 19 57.456818319999996 120.81856313084225 0
129 119 -10 55.67780780499999 116.83360918181658 0
121 122 1 56.334690419999994 118.17405805509097 0
119 117 -2 56.19606044499999 117.88179747645799 0
121 112 -9 55.67004658 116.81837531005672 0
120 118 -2 56.190281125 117.86973426513876 0
117 116 -1 56.22056721999999 117.93305542220457 0
120 121 1 56.344581805 118.19513093801808 0
118 118 0 56.31344344499999 118.12889441777301 0
120 120 0 56.307765804999995 118.11684900921794 0
121 121 0 56.31344344499999 118.12889441777301 0
121 132 11 56.94858080499999 119.54781846566958 0
124 138 14 57.126146125 119.97522506041376 0
131 126 -5 56.02348544499999 117.52547987490702 0
130 126 -4 56.066297999999996 117.61314233688 0
127 131 4 56.541956125 118.62222590907626 0
127 122 -5 55.999753125 117.47708583328125 0
133 132 -1 56.211928 117.91496633408 0
127 124 -3 56.13658727999999 117.75810168000193 0
131 132 1 56.368540499999995 118.24629915117 0
128 129 1 56.368540499999995 118.24629915117 0
130 128 -2 56.15840620499999 117.80336878340698 0
131 127 -4 56.07806247999999 117.63731377813312 0
128 140 12 56.970168 119.59894564032001 0
131 136 5 56.562440499999994 118.66730943583 0
141 134 -7 55.894991125 117.26510432348876 0
133 127 -6 55.952050404999994 117.38023362324319 0
132 126 -6 55.94905844499999 117.37417742831552 0
132 121 -11 55.62956328 116.73911108726209 0
129 129 0 56.2835805 118.06564734843 0
126 123 -3 56.12200257999999 117.72791522201274 0
130 121 -9 55.72883752 116.93408010785217 0
126 123 -3 56.116160019999995 117.71583871531784 0
122 121 -1 56.244984405 117.98429664015718 0
126 122 -4 56.053039244999994 117.58594370460563 0
124 127 3 56.46070752 118.44484768329217 0
124 136 12 57.01558632 119.70724732493377 0
128 124 -4 56.07659300499999 117.63429260848673 0
132 123 -9 55.784121279999994 117.0435459092941 0
127 121 -6 55.94905844499999 117.37417742831552 0
123 120 -3 56.088340124999995 117.65845990451626 0
124 120 -4 56.019041679999994 117.51640757239232 0
123 116 -7 55.825320444999996 117.1255546412505 0
123 119 -4 56.035321845 117.5496691735087 0
120 120 0 56.324783845 118.1529829782947 0
121 120 -1 56.204720124999994 117.89989047669626 0
122 118 -4 56.01607761999999 117.51035896851737 0
121 132 11 56.981560245 119.62601676587741 0
121 133 12 57.0080445 119.68919375901001 0
135 121 -14 55.46234722 116.41506977086456 0
126 120 -6 55.917567999999996 117.31056583168001 0
120 118 -2 56.180155379999995 117.84862127809754 0
122 117 -5 55.953545919999996 117.38326158882305 0
121 118 -3 56.094206244999995 117.6705418002579 0
120 116 -4 56.035321845 117.5496691735087 0
121 121 0 56.30918568 118.11986043277633 0
119 119 0 56.267883444999995 118.0325091090495 0
123 117 -6 55.937078205 117.34994910766648 0
121 115 -6 55.931080644999994 117.3378328044266 0
119 124 5 56.630218 118.81756187768 0
119 130 11 56.962559219999996 119.58089971101145 0
126 120 -6 55.90854562 117.29238373356665 0
124 117 -7 55.834445124999995 117.14376862875875 0
121 117 -4 56.008662044999994 117.49523604157672 0
119 113 -6 55.89046738 117.2560094989905 0
119 118 -1 56.25214887999999 117.99936452028354 0
117 113 -4 56.002724005 117.48313623146323 0
120 117 -3 56.114698605 117.71281941485488 0
117 119 2 56.450996245 118.4237965292654 0
117 117 0 56.306345619999995 118.11383753777338 0
120 116 -4 56.01607761999999 117.51035896851737 0
119 127 8 56.815872 119.23820499456001 0
119 133 14 57.113846124999995 119.94509625358626 0
129 119 -10 55.699498004999995 116.87624847886924 0
124 125 1 56.371353279999994 118.25231814942208 0
120 119 -1 56.24068199999999 117.97525525224 0
124 118 -6 55.920572979999996 117.31662579620888 0
123 122 -1 56.219128125 117.93004071984376 0
120 115 -5 55.971467919999995 117.41959038172097 0
124 117 -7 55.816184605 117.10733699498087 0
120 121 1 56.343169679999995 118.1921206583597 0
118 120 2 56.417585124999995 118.35160920245876 0
122 119 -3 56.09567199999999 117.67356209344001 0
121 129 8 56.754222805 119.09698249156908 0
121 135 14 57.11015008 119.93605862793729 0
130 124 -6 55.961018845 117.3984001044372 0
128 126 -2 56.145323219999995 117.77621030980345 0
125 123 -2 56.16421280499999 117.81543752090094 0
125 122 -3 56.10446002 117.69168234682218 0
126 125 -1 56.23350512499999 117.96018515844126 0
125 123 -2 56.143868004999995 117.77319237179827 0
127 123 -4 56.07659300499999 117.63429260848673 0
125 124 -1 56.210487044999994 117.91195128098829 0
125 122 -3 56.12200257999999 117.72791522201274 0
126 122 -4 56.042709519999995 117.56478492232385 0
125 132 7 56.70121600499999 118.97680341858629 0
125 137 12 57.019353044999995 119.7162746294263 0
133 131 -2 56.19606044499999 117.88179747645799 0
130 127 -3 56.089807119999996 117.66148048723137 0
130 124 -6 55.94456818 117.36509247404634 0
128 122 -6 55.926579219999994 117.32874463086857 0
127 123 -4 56.06335378 117.60709872733594 0
125 124 -1 56.20616232 117.90290576688577 0
126 124 -2 56.165663679999994 117.81845454418433 0
126 124 -2 56.146778125 117.77922818140627 0
126 123 -3 56.13658727999999 117.75810168000193 0
126 125 -1 56.24641792 117.98731032571905 0
126 133 7 56.703878124999996 118.98281232390626 0
127 135 8 56.751584245 119.09097341487062 0
132 124 -8 55.80856288 117.09215280266753 0
132 128 -4 56.06335378 117.60709872733594 0
126 125 -1 56.22919528 117.95114242659008 0
128 122 -6 55.941573119999994 117.35903539470337 0
128 129 1 56.383995445 118.27940165511453 0
124 125 1 56.329031379999996 118.16201542630648 0
131 126 -5 56.007177999999996 117.49221121192001 0
126 124 -2 56.201834805 117.89385971710108 0
126 125 -1 56.25501249999999 118.00539129125 0
128 123 -5 55.966991605 117.41050935201788 0
127 134 7 56.73307960499999 119.04891038747164 0
126 136 10 56.861336124999994 119.34338873793627 0
135 131 -4 56.053039244999994 117.58594370460563 0
130 129 -1 56.213368644999996 117.91798132830692 0
129 125 -4 56.066297999999996 117.61314233688 0
131 123 -8 55.822276405 117.11948250077084 0
129 128 -1 56.265025404999996 118.02648329884184 0
126 123 -3 56.081000499999995 117.64335589577001 0
130 124 -6 55.961018845 117.3984001044372 0
126 125 -1 56.22344448 117.93908465344514 0
125 123 -2 56.200391679999996 117.89084424736768 0
127 123 -4 56.042709519999995 117.56478492232385 0
125 129 4 56.56380364499999 118.67031485496442 0
125 136 11 56.96382812499999 119.58390728515626 0
131 124 -7 55.85872304499999 117.19232164400373 0
132 125 -7 55.85872304499999 117.19232164400373 0
126 123 -3 56.123462444999994 117.7309341757165 0
124 122 -2 56.168564499999995 117.82448839859 0
125 126 1 56.369947044999996 118.24930867063422 0
124 123 -1 56.20904578 117.90893616886792 0
128 127 -1 56.265025404999996 118.02648329884184 0
125 130 5 56.58013720499999 118.70637854803797 0
127 124 -3 56.10006740499999 117.68262254180019 0
130 129 -1 56.244984405 117.98429664015718 0
126 133 7 56.722478245 119.0248746567714 0
129 142 13 57.02813121999999 119.73733972261257 0
133 128 -5 55.98339111999999 117.44380270048065 0
138 125 -13 55.511610405 116.50999040305683 0
130 122 -8 55.805512019999995 117.08607840284617 0
124 124 0 56.29212672 118.08372015353856 0
123 127 4 56.53374284499999 118.6041912468092 0
126 119 -7 55.873856445 117.22265449237402 0
128 123 -5 55.984880125 117.44682885868376 0
123 124 1 56.345993619999994 118.19814117405065 0
123 123 0 56.324783845 118.1529829782947 0
126 123 -3 56.082469044999996 117.64637684408822 0
124 127 3 56.46901937999999 118.46289035647848 0
125 133 8 56.79496192 119.19012682031105 0
128 126 -2 56.178707605 117.84560488852364 0
131 125 -6 55.925078125 117.32571505859376 0
127 123 -4 56.022004499999994 117.52245585429 0
125 117 -8 55.813136844999995 117.10126362704881 0
126 122 -4 56.032364605 117.54362232428664 0
121 117 -4 56.032364605 117.54362232428664 0
123 118 -5 55.98339111999999 117.44380270048065 0
121 121 0 56.303504319999995 118.10781445057025 0
119 120 1 56.375570124999996 118.26134634336626 0
123 119 -4 56.05893512499999 117.59803274577126 0
122 126 4 56.53785087999999 118.61320867176448 0
121 125 4 56.547425444999995 118.6342486079155 0
127 123 -4 56.026446404999994 117.53152767629668 0
125 115 -10 55.662277605 116.80313848374388 0
123 112 -11 55.602980124999995 116.68723990699627 0
120 114 -6 55.91907064499999 117.31359585968092 0
116 121 5 56.630218 118.81756187768 0
116 113 -3 56.082469044999996 117.64637684408822 0
121 115 -6 55.91907064499999 117.31359585968092 0
116 116 0 56.31769842 118.13792797769305 0
115 115 0 56.269312 118.03552193536001 0
118 113 -5 55.974450579999996 117.42564397256072 0
117 122 5 56.643680499999995 118.84760879857001 0
116 129 13 57.090390719999995 119.88786563974656 0
124 118 -6 55.917567999999996 117.31056583168001 0
121 116 -5 55.950554579999995 117.3772055697953 0
119 115 -4 56.001238719999996 117.48011107360257 0
117 113 -4 56.039755379999995 117.55873885756249 0
116 118 2 56.442660204999996 118.40575146936098 0
116 113 -3 56.086872819999996 117.65543924900825 0
120 112 -8 55.741157519999994 116.95841811134785 0
116 114 -2 56.155501044999994 117.79733402574972 0
114 111 -3 56.07365312499999 117.62825004671876 0
116 109 -7 55.843558644999995 117.16197899289942 0
114 121 7 56.76476464499999 119.12101903275892 0
112 125 13 57.135963804999996 119.99933194132008 0
124 117 -7 55.837484204999996 117.14983915098753 0
117 113 -4 56.032364605 117.54362232428664 0
116 113 -3 56.064826045 117.61012056981531 0
116 112 -4 55.99232049999999 117.46195838903 0
115 116 1 56.350227204999996 118.20717162203204 0
115 112 -3 56.07659300499999 117.63429260848673 0
117 111 -6 55.907040804999994 117.28935306066708 0
115 114 -1 56.232068819999995 117.95717097111626 0
113 112 -1 56.22919528 117.95114242659008 0
116 110 -6 55.916065044999996 117.3075357120423 0
114 120 6 56.65845344499999 118.88065948598052 0
113 120 7 56.735726844999995 119.0549193459737 0
121 118 -3 56.10446002 117.69168234682218 0
117 113 -4 56.039755379999995 117.55873885756249 0
117 115 -2 56.168564499999995 117.82448839859 0
117 113 -4 55.999753125 117.47708583328125 0
117 117 0 56.29497298 118.08974402265113 0
116 111 -5 55.969976124999995 117.41656345777626 0
118 112 -6 55.894991125 117.26510432348876 0
115 114 -1 56.24355058 117.98128289949929 0
113 110 -3 56.06188120499999 117.60407680927804 0
116 110 -6 55.89348352 117.26207280963584 0
113 132 19 57.436212819999994 120.76395955181177 0
112 131 19 57.457960125 120.82159759560375 0
135 120 -15 55.387089644999996 116.27089996800609 0
119 116 -3 56.124922 117.73395306056001 0
114 113 -1 56.24068199999999 117.97525525224 0
118 115 -3 56.09274017999999 117.66752143493832 0
116 117 1 56.330446605 118.16502615123538 0
117 110 -7 55.788710124999994 117.05266174966626 0
118 111 -7 55.80245992 117.08000358797506 0
114 112 -2 56.154047999999996 117.79431654912001 0
112 112 0 56.259305604999994 118.01443104349188 0
114 111 -3 56.083937279999994 117.64939771895808 0
113 118 5 56.643680499999995 118.84760879857001 0
113 121 8 56.830201644999995 119.27126066399042 0
119 117 -2 56.190281125 117.86973426513876 0
118 110 -8 55.762669779999996 117.00099262867192 0
118 107 -11 55.568445405 116.62005865722568 0
114 109 -5 55.92357672 117.32268539550145 0
111 113 2 56.425954645 118.36965784135143 0
111 111 0 56.29212672 118.08372015353856 0
114 110 -4 56.02052324499999 117.5194317535064 0
112 109 -3 56.089807119999996 117.66148048723137 0
112 110 -2 56.140956644999996 117.76715629592542 0
112 108 -4 56.035321845 117.5496691735087 0
112 117 5 56.59778152 118.74544499518018 0
111 126 15 57.22343012499999 120.21646144475376 0
118 114 -4 56.01311232 117.50431004135424 0
117 112 -5 55.937078205 117.34994910766648 0
115 111 -4 55.99232049999999 117.46195838903 0
112 112 0 56.27502311999999 118.04757271913664 0
112 114 2 56.423166044999995 118.3636417666228 0
114 110 -4 56.005693644999994 117.4891863004581 0
115 111 -4 56.04123260499999 117.56176192896137 0
113 112 -1 56.25501249999999 118.00539129125 0
113 110 -3 56.079531644999996 117.6403348738396 0
114 110 -4 56.01607761999999 117.51035896851737 0
113 116 3 56.50215522 118.53505094794056 0
112 120 8 56.81326258 119.23219505127273 0
117 116 -1 56.239247244999994 117.9722413453109 0
117 115 -2 56.175811124999996 117.83957192131126 0
117 112 -5 55.987857205 117.45288092246454 0
117 112 -5 55.93557928 117.34692016652609 0
116 114 -2 56.154047999999996 117.79431654912001 0
114 111 -3 56.06335378 117.60709872733594 0
116 110 -6 55.849628124999995 117.17411724015626 0
114 111 -3 56.05893512499999 117.59803274577126 0
112 111 -1 56.244984405 117.98429664015718 0
113 110 -3 56.089807119999996 117.66148048723137 0
113 120 7 56.741017604999996 119.06693730314637 0
112 111 -1 56.197504499999994 117.88481312721001 0
121 111 -10 55.64983112499999 116.77875336504876 0
113 113 0 56.276450125 118.05058528553376 0
111 111 0 56.29924004499999 118.09877945652272 0
114 109 -5 55.971467919999995 117.41959038172097 0
113 114 1 56.327615845 118.15900465594932 0
112 111 -1 56.232068819999995 117.95717097111626 0
115 120 5 56.63695312499999 118.83258544921875 0
113 119 6 56.690555124999996 118.95276774330875 0
120 111 -9 55.71340961999999 116.90364751766137 0
117 111 -6 55.9025245 117.28026048461001 0
113 120 7 56.73175551999999 119.04590591266816 0
113 117 4 56.585571804999994 118.71839926045195 0
121 121 0 56.269312 118.03552193536001 0
116 114 -2 56.165663679999994 117.81845454418433 0
119 118 -1 56.20904578 117.90893616886792 0
118 114 -4 56.03679999999999 117.55269248 0
118 124 6 56.683882 118.93774537576002 0
117 120 3 56.47178751999999 118.46890434678785 0
124 118 -6 55.91456178 117.30450550060394 0
119 121 2 56.43292072 118.38469743390657 0
117 119 2 56.44126978 118.40274384778809 0
123 115 -8 55.765738 117.00707295848001 0
121 127 6 56.65442818 118.87164574650633 0
117 127 10 56.88971920499999 119.40951568194004 0
128 127 -1 56.211928 117.91496633408 0
122 120 -2 56.193171405 117.87576599278833 0
123 118 -5 55.943070805 117.36206397880045 0
123 117 -6 55.937078205 117.34994910766648 0
119 122 3 56.484228805 118.49596590073509 0
119 117 -2 56.13367282 117.75206493273177 0
123 122 -1 56.210487044999994 117.91195128098829 0
119 122 3 56.470403604999994 118.46589736607238 0
121 119 -2 56.16711424499999 117.8214715033594 0
122 117 -5 56.005693644999994 117.4891863004581 0
120 129 9 56.82629727999999 119.26224531016193 0
120 132 12 57.039395125 119.76442633299126 0
130 122 -8 55.787180819999996 117.04962324199225 0
125 123 -2 56.154047999999996 117.79431654912001 0
120 126 6 56.653085804999996 118.86864115338544 0
122 121 -1 56.200391679999996 117.89084424736768 0
127 126 -1 56.219128125 117.93004071984376 0
123 121 -2 56.15259464499999 117.7912990070711 0
125 127 2 56.417585124999995 118.35160920245876 0
123 124 1 56.372759204999994 118.25532758769748 0
125 124 -1 56.20616232 117.90290576688577 0
125 121 -4 56.067769645 117.61616402869392 0
123 134 11 56.951125125 119.55383296015876 0
124 133 9 56.815872 119.23820499456001 0
134 130 -4 56.07659300499999 117.63429260848673 0
127 123 -4 56.05451368 117.58896607957568 0
126 123 -3 56.089807119999996 117.66148048723137 0
126 119 -7 55.86629361999999 117.20748928328936 0
124 124 0 56.267883444999995 118.0325091090495 0
122 124 2 56.448218804999996 118.41778163573494 0
124 124 0 56.310605245 118.1228718086124 0
125 125 0 56.29924004499999 118.09877945652272 0
124 123 -1 56.20616232 117.90290576688577 0
126 124 -2 56.19606044499999 117.88179747645799 0
124 132 8 56.76081378 119.11200528299594 0
125 138 13 57.056866844999995 119.8065678515812 0
131 131 0 56.2835805 118.06564734843 0
132 126 -6 55.934080044999995 117.34389113571521 0
129 126 -3 56.143868004999995 117.77319237179827 0
125 124 -1 56.203277619999994 117.89687512682265 0
127 126 -1 56.253580845 118.0023779328232 0
126 124 -2 56.161310125 117.80940328135375 0
127 124 -3 56.13658727999999 117.75810168000193 0
125 127 2 56.39381088 118.30046441175553 0
125 119 -6 55.887449999999994 117.24994581000001 0
128 121 -7 55.86023777999999 117.19535536726009 0
121 128 7 56.719824804999995 119.01886574336893 0
120 138 18 57.33872578 120.50953929891209 0
128 124 -4 56.07365312499999 117.62825004671876 0
131 127 -4 56.039755379999995 117.55873885756249 0
124 125 1 56.33186152 118.16803683089985 0
123 117 -6 55.910050125 117.29541431384627 0
126 120 -6 55.952050404999994 117.38023362324319 0
120 118 -2 56.154047999999996 117.79431654912001 0
120 120 0 56.28643047999999 118.07167181773889 0
120 118 -2 56.161310125 117.80940328135375 0
120 114 -6 55.913058205 117.30147519720104 0
120 118 -2 56.180155379999995 117.84862127809754 0
116 126 10 56.905137644999996 119.4455894177176 0
119 131 12 57.019353044999995 119.7162746294263 0
124 124 0 56.29924004499999 118.09877945652272 0
125 121 -4 56.044186124999996 117.56780783781376 0
123 116 -7 55.863266319999994 117.20142252034626 0
121 115 -6 55.917567999999996 117.31056583168001 0
119 121 2 56.453772445 118.42981129810602 0
117 116 -1 56.259305604999994 118.01443104349188 0
123 116 -7 55.857208 117.18928782272 0
118 119 1 56.364319005 118.23727034708074 0
116 118 2 56.39521184499999 118.3034732241162 0
121 118 -3 56.079531644999996 117.6403348738396 0
119 129 10 56.900003125 119.43356446046876 0
118 132 14 57.16773424499999 120.0777039118819 0
129 124 -5 55.974450579999996 117.42564397256072 0
125 128 3 56.495266644999994 118.52001875933291 0
121 121 0 56.319116124999994 118.14093907063626 0
126 118 -8 55.796352 117.06785270784002 0
124 126 2 56.400812605 118.31550809792888 0
118 122 4 56.555620125 118.65228206838376 0
126 124 -2 56.19606044499999 117.88179747645799 0
122 127 5 56.60726060499999 118.76647979670938 0
122 127 5 56.58964449999999 118.72741463549 0
127 122 -5 55.996781004999995 117.47103510460127 0
126 130 4 56.521401999999995 118.57713780184001 0
123 136 13 57.084199645 119.87280791541642 0
129 127 -2 56.200391679999996 117.89084424736768 0
132 125 -7 55.89046738 117.2560094989905 0
125 123 -2 56.198948245 117.88782871745862 0
123 122 -1 56.26359592 118.02347031461697 0
125 129 4 56.565166479999995 118.6733202563629 0
124 124 0 56.27502311999999 118.04757271913664 0
130 128 -2 56.20616232 117.90290576688577 0
124 129 5 56.61672449999999 118.78751398611001 0
125 128 3 56.484228805 118.49596590073509 0
129 126 -3 56.10738687999999 117.69772186161153 0
127 135 8 56.762131045 119.1150098596803 0
126 141 15 57.131057444999996 119.987278068589 0
135 136 1 56.371353279999994 118.25231814942208 0
134 133 -1 56.21768872 117.92702595943744 0
132 132 0 56.276450125 118.05058528553376 0
132 125 -7 55.887449999999994 117.24994581000001 0
133 130 -3 56.105923604999994 117.69470213963014 0
127 125 -2 56.18594338 117.86068621333449 0
129 127 -2 56.191726419999995 117.87275015954296 0
127 124 -3 56.140956644999996 117.76715629592542 0
126 122 -4 56.035321845 117.5496691735087 0
126 124 -2 56.154047999999996 117.79431654912001 0
122 125 3 56.48284768 118.49295917255168 0
125 130 5 56.604553845 118.76046991833532 0
126 127 1 56.347405124999995 118.20115136662126 0
129 122 -7 55.887449999999994 117.24994581000001 0
126 121 -5 55.966991605 117.41050935201788 0
122 116 -6 55.91456178 117.30450550060394 0
122 125 3 56.463479379999995 118.45086202604153 0
119 121 2 56.4245605 118.36664982113001 0
125 123 -2 56.148232719999996 117.78224598677056 0
121 123 2 56.4245605 118.36664982113001 0
120 120 0 56.29212672 118.08372015353856 0
124 120 -4 56.0515645 117.58292125291001 0
121 129 8 56.78841124499999 119.1751029795229 0
121 135 14 57.12 119.96016 0
129 125 -4 56.05746162 117.59501059999465 0
128 125 -3 56.10006740499999 117.68262254180019 0
123 123 0 56.280729279999996 118.05962267643393 0
122 120 -2 56.16421280499999 117.81543752090094 0
124 126 2 56.43431300499999 118.38770525185424 0
121 122 1 56.334690419999994 118.17405805509097 0
126 119 -7 55.82988417999999 117.13466209013768 0
122 122 0 56.28643047999999 118.07167181773889 0
118 123 5 56.585571804999994 118.71839926045195 0
123 124 1 56.367133644999996 118.2432895908656 0
123 128 5 56.58013720499999 118.70637854803797 0
123 135 12 56.997971379999996 119.66512444916648 0
127 123 -4 56.067769645 117.61616402869392 0
132 126 -6 55.93557928 117.34692016652609 0
124 123 -1 56.259305604999994 118.01443104349188 0
122 125 3 56.48560961999999 118.49897260167864 0
125 126 1 56.386801405 118.28541977831418 0
124 127 3 56.464864844999994 118.45386915278769 0
127 126 -1 56.24068199999999 117.97525525224 0
126 126 0 56.307765804999995 118.11684900921794 0
126 122 -4 56.02792642 117.53455145739704 0
126 127 1 56.345993619999994 118.19814117405065 0
123 135 12 57.001751125 119.67415016208875 0
126 141 15 57.14576164499999 120.02344232239793 0
132 129 -3 56.1395005 117.76413815773 0
134 130 -4 56.06188120499999 117.60407680927804 0
127 125 -2 56.194616079999996 117.87878176503872 0
127 124 -3 56.140956644999996 117.76715629592542 0
127 129 2 56.437096645 118.39372078849709 0
124 123 -1 56.257874879999996 118.0114178464205 0
130 122 -8 55.825320444999996 117.1255546412505 0
124 125 1 56.337518079999995 118.18007910019074 0
121 123 2 56.425954645 118.36965784135143 0
125 121 -4 56.042709519999995 117.56478492232385 0
124 124 0 56.302083204999995 118.10480283448398 0
121 132 11 56.970168 119.59894564032001 0
124 124 0 56.269312 118.03552193536001 0
130 125 -5 55.96848402 117.41353644792986 0
123 124 1 56.38539858 118.28241073615129 0
121 119 -2 56.165663679999994 117.81845454418433 0
125 123 -2 56.174362419999994 117.83655534334505 0
120 116 -4 56.04566242 117.57083067559498 0
122 118 -4 56.022004499999994 117.52245585429 0
119 120 1 56.37416481999999 118.25833698562425 0
116 119 3 56.48560961999999 118.49897260167864 0
121 119 -2 56.15840620499999 117.80336878340698 0
119 125 6 56.645025045 118.85061344358022 0
119 131 12 57.039395125 119.76442633299126 0
125 123 -2 56.15840620499999 117.80336878340698 0
127 123 -4 56.044186124999996 117.56780783781376 0
121 120 -1 56.23781217999999 117.96922738263032 0
120 117 -3 56.12200257999999 117.72791522201274 0
122 117 -5 55.943070805 117.36206397880045 0
118 117 -1 56.21480898 117.92099626383289 0
118 116 -2 56.15985832 117.80638606476225 0
118 119 1 56.35163777999999 118.21018168519993 0
117 119 2 56.44126978 118.40274384778809 0
119 117 -2 56.175811124999996 117.83957192131126 0
120 125 5 56.61672449999999 118.78751398611001 0
118 130 12 57.00049152 119.67114155433985 0
125 123 -2 56.174362419999994 117.83655534334505 0
125 121 -4 56.014595125 117.50733454542876 0
121 120 -1 56.24928402 117.99333753221018 0
119 117 -2 56.18883552 117.86671830941185 0
121 125 4 56.53237288 118.60118539602753 0
119 118 -1 56.24641792 117.98731032571905 0
124 118 -6 55.90101844499999 117.27722943959199 0
119 117 -2 56.149687005 117.78526372606024 0
116 118 2 56.39941288 118.3124994354925 0
118 117 -1 56.200391679999996 117.89084424736768 0
118 123 5 56.612670404999996 118.77849940485935 0
118 131 13 57.07179424499999 119.84269603187812 0
123 119 -4 56.04861407999999 117.57687611868673 0
126 118 -8 55.813136844999995 117.10126362704881 0
118 116 -2 56.149687005 117.78526372606024 0
115 116 1 56.391008019999994 118.29444667319817 0
117 119 2 56.398012845 118.30949073582082 0
117 114 -3 56.070712005 117.62220718722477 0
119 115 -4 56.05451368 117.58896607957568 0
115 117 2 56.400812605 118.31550809792888 0
115 114 -1 56.23350512499999 117.96018515844126 0
118 114 -4 56.0515645 117.58292125291001 0
115 122 7 56.76608098 119.12402362948089 0
115 124 9 56.87554641999999 119.37645095328297 0
123 119 -4 56.02792642 117.53455145739704 0
120 109 -11 55.55427432 116.59255754553024 0
117 115 -2 56.172913404999996 117.83353870225368 0
112 115 3 56.484228805 118.49596590073509 0
113 117 4 56.58964449999999 118.72741463549 0
115 111 -4 56.014595125 117.50733454542876 0
116 114 -2 56.193171405 117.87576599278833 0
114 114 0 56.30918568 118.11986043277633 0
113 111 -2 56.123462444999994 117.7309341757165 0
115 110 -5 55.941573119999994 117.35903539470337 0
