103 90 -13 55.383872005 116.26475797507524 0
104 93 -11 55.609243045 116.6994481166963 0
102 85 -17 55.022361405 115.58523770798584 0
103 88 -15 55.24434044499999 116.00007548824202 0
101 88 -13 55.40155367999999 116.29853165322433 0
100 90 -10 55.573163519999994 116.62922336956417 0
101 89 -12 55.415992605 116.32615150933864 0
101 93 -8 55.826842 117.12859055896001 0
101 100 -1 56.355867645 118.21921161851992 0
102 92 -10 55.64515857999999 116.7696069648913 0
105 90 -15 55.203348819999995 115.92291284608376 0
102 89 -13 55.3726005 116.24325633423001 0
101 89 -12 55.435205444999994 116.362959789793 0
102 93 -9 55.736539844999996 116.94929219437732 0
101 90 -11 55.552698205 116.58950121709898 0
103 90 -13 55.39673512499999 116.28932241172876 0
102 90 -12 55.451182044999996 116.3936176591233 0
101 91 -10 55.590439405 116.66281746616033 0
102 88 -14 55.26884242 116.04632432985497 0
102 97 -5 56.014595125 117.50733454542876 0
101 101 0 56.41339617999999 118.3425844113057 0
104 101 -3 56.24355058 117.98128289949929 0
104 94 -10 55.6576125 116.79399496125001 0
104 93 -11 55.57001842 116.62311368995304 0
105 92 -13 55.41438952 116.32308321687617 0
103 95 -8 55.796352 117.06785270784002 0
103 92 -11 55.57001842 116.62311368995304 0
104 93 -11 55.585731519999996 116.65365696745985 0
103 90 -13 55.41438952 116.32308321687617 0
102 92 -10 55.642042 116.76350876104001 0
102 89 -13 55.34678002 116.19408222237786 0
102 98 -4 56.140956644999996 117.76715629592542 0
102 105 3 56.682546445 118.93474089344849 0
105 95 -10 55.67780780499999 116.83360918181658 0
106 91 -15 55.260682845 116.03091206349832 0
103 93 -10 55.673151999999995 116.82446921216001 0
102 91 -11 55.532180499999996 116.54975701493001 0
103 91 -12 55.497338879999994 116.48244635492352 0
103 90 -13 55.406369444999996 116.30773958037503 0
102 91 -11 55.55427432 116.59255754553024 0
102 92 -10 55.674704245 116.82751598634812 0
102 93 -9 55.694855219999994 116.86711340059945 0
102 90 -12 55.470313045 116.43038851019622 0
102 101 -1 56.379784179999994 118.27037417712233 0
102 92 -10 55.63892418 116.75741007266234 0
107 94 -13 55.399947805 116.29546205231594 0
103 94 -9 55.72267007999999 116.9219084244173 0
101 92 -9 55.719584499999996 116.91582190769 0
104 90 -14 55.309524044999996 116.12332626822322 0
103 94 -9 55.704138 116.88538252152001 0
102 91 -11 55.56372449999999 116.61089278539 0
103 97 -6 55.94007512499999 117.35600672159126 0
102 94 -8 55.82988417999999 117.13466209013768 0
103 93 -10 55.62331648 116.72690931699714 0
104 93 -11 55.571591125 116.62616859401126 0
102 115 13 57.35044608 120.5397950430413 0
103 96 -7 55.887449999999994 117.24994581000001 0
117 100 -17 55.22960577999999 115.97230872993208 0
100 106 6 56.84708832 119.31032881780224 0
103 96 -7 55.8723445 117.21962164399001 0
110 91 -19 54.951640125 115.45455284129625 0
105 95 -10 55.680910125 116.83970190783376 0
103 92 -11 55.551121779999995 116.5864447581961 0
103 95 -8 55.779529645 117.0344291144136 0
103 99 -4 56.13658727999999 117.75810168000193 0
103 99 -4 56.143868004999995 117.77319237179827 0
106 95 -11 55.565298444999996 116.61394820510802 0
105 106 1 56.520029244999996 118.5741317516169 0
104 117 13 57.32697447999999 120.47929179303489 0
111 105 -6 55.99232049999999 117.46195838903 0
109 107 -2 56.304925125 118.11082601827876 0
106 104 -2 56.306345619999995 118.11383753777338 0
109 97 -12 55.544812979999996 116.57421761459113 0
111 100 -11 55.62956328 116.73911108726209 0
107 102 -5 56.039755379999995 117.55873885756249 0
106 101 -5 56.029406124999994 117.53757515898626 0
108 103 -5 56.05746162 117.59501059999465 0
107 102 -5 56.02792642 117.53455145739704 0
108 102 -6 55.969976124999995 117.41656345777626 0
108 113 5 56.796271125 119.19313161964875 0
108 110 2 56.57333697999999 118.69135230147512 0
115 114 -1 56.358686004999996 118.22523136221878 0
109 117 8 56.957480499999996 119.56886973193002 0
113 112 -1 56.36572647999999 118.24027998955714 0
118 104 -14 55.479861805 116.44876641244943 0
116 110 -6 55.999753125 117.47708583328125 0
112 105 -7 55.964005844999996 117.40445490134182 0
113 111 -2 56.2835805 118.06564734843 0
112 107 -5 56.082469044999996 117.64637684408822 0
113 107 -6 56.038277844999996 117.55571570796332 0
112 108 -4 56.16421280499999 117.81543752090094 0
111 116 5 56.796271125 119.19313161964875 0
113 114 1 56.513160819999996 118.55910115253225 0
117 119 2 56.591001444999996 118.73041973103902 0
114 106 -8 55.88141152 117.23781729174017 0
119 106 -13 55.530600045 116.5466988449848 0
116 99 -17 55.178660844999996 115.87656561587681 0
110 105 -5 56.079531644999996 117.6403348738396 0
107 101 -6 55.952050404999994 117.38023362324319 0
109 103 -6 56.011629205 117.50128545612998 0
108 104 -4 56.146778125 117.77922818140627 0
107 106 -1 56.39381088 118.30046441175553 0
110 103 -7 55.947562 117.37114919864001 0
110 113 3 56.65442818 118.87164574650633 0
109 117 8 56.984088445 119.63203294543803 0
115 112 -3 56.25644384499999 118.00840459572782 0
112 110 -2 56.303504319999995 118.10781445057025 0
113 107 -6 56.002724005 117.48313623146323 0
115 98 -17 55.20827804499999 115.9321777916388 0
113 104 -9 55.800933404999995 117.07696602448618 0
109 104 -5 56.067769645 117.61616402869392 0
108 103 -5 56.066297999999996 117.61314233688 0
109 105 -4 56.14241248 117.77017436722689 0
108 106 -2 56.29639564499999 118.0927558830841 0
110 105 -5 56.094206244999995 117.6705418002579 0
110 117 7 56.902571005 119.43957689066873 0
110 110 0 56.417585124999995 118.35160920245876 0
117 113 -4 56.178707605 117.84560488852364 0
111 114 3 56.653085804999996 118.86864115338544 0
114 108 -6 55.998267219999995 117.47406051033545 0
118 106 -12 55.618628124999994 116.71775669734376 0
114 113 -1 56.338931445 118.183089555991 0
111 108 -3 56.253580845 118.0023779328232 0
117 111 -6 56.04861407999999 117.57687611868673 0
112 112 0 56.42734848 118.37266582745089 0
114 110 -4 56.190281125 117.86973426513876 0
116 106 -10 55.71495380499999 116.90669128514995 0
114 117 3 56.63695312499999 118.83258544921875 0
113 122 9 56.98282449999999 119.62902483839001 0
122 118 -4 56.16276162 117.81242043334537 0
115 114 -1 56.333276125 118.17104746546376 0
117 115 -2 56.307765804999995 118.11684900921794 0
119 109 -10 55.79176780499999 117.05873844848344 0
119 113 -6 56.070712005 117.62220718722477 0
116 111 -5 56.124922 117.73395306056001 0
117 112 -5 56.07806247999999 117.63731377813312 0
116 113 -3 56.22919528 117.95114242659008 0
115 112 -3 56.22919528 117.95114242659008 0
117 114 -3 56.2263205 117.94511365447 0
116 123 7 56.84968162 119.31633955148537 0
117 118 1 56.50766049999999 118.54707624587002 0
122 120 -2 56.31486208 118.13190565142528 0
118 120 2 56.588287245 118.7244095253184 0
122 126 4 56.65442818 118.87164574650633 0
125 113 -12 55.662277605 116.80313848374388 0
127 119 -8 55.91907064499999 117.31359585968092 0
121 116 -5 56.114698605 117.71281941485488 0
119 118 -1 56.381188245 118.2733833757639 0
120 118 -2 56.280729279999996 118.05962267643393 0
120 117 -3 56.24928402 117.99333753221018 0
122 113 -9 55.861752204999995 117.19838899265298 0
121 124 3 56.647713204999995 118.85662271005148 0
119 125 6 56.792342579999996 119.18411725330729 0
129 132 3 56.591001444999996 118.73041973103902 0
121 124 3 56.646369279999995 118.85361808068609 0
129 120 -9 55.88594084499999 117.24691382321569 0
129 116 -13 55.62956328 116.73911108726209 0
124 121 -3 56.253580845 118.0023779328232 0
120 114 -6 56.039755379999995 117.55873885756249 0
125 122 -3 56.280729279999996 118.05962267643393 0
120 125 5 56.763448 119.11801444288001 0
125 122 -3 56.266454579999994 118.02949623026473 0
124 119 -5 56.1395005 117.76413815773 0
123 129 6 56.78841124499999 119.1751029795229 0
124 127 3 56.634260005 118.82657604841279 0
134 133 -1 56.391008019999994 118.29444667319817 0
127 124 -3 56.277876819999996 118.05359780043977 0
133 127 -6 56.06335378 117.60709872733594 0
130 125 -5 56.13075712 117.74602791460865 0
129 126 -3 56.26216612499999 118.02045727742626 0
130 123 -7 55.980412179999995 117.4377501306297 0
130 122 -8 55.966991605 117.41050935201788 0
128 125 -3 56.273595805 118.04456010108458 0
126 121 -5 56.13367282 117.75206493273177 0
130 122 -8 55.941573119999994 117.35903539470337 0
126 129 3 56.596426124999994 118.74243997028626 0
126 128 2 56.5351125 118.60719707625 0
133 139 6 56.75817832 119.10599614851778 0
128 131 3 56.63291298 118.82357133426889 0
139 127 -12 55.75345768 116.98274903359169 0
133 125 -8 55.941573119999994 117.35903539470337 0
130 127 -3 56.267883444999995 118.0325091090495 0
128 123 -5 56.129298805 117.74300930356759 0
132 128 -4 56.224882644999994 117.9420991826526 0
128 127 -1 56.39381088 118.30046441175553 0
132 119 -13 55.662277605 116.80313848374388 0
131 117 -14 55.590439405 116.66281746616033 0
125 126 1 56.475937404999996 118.47792511730233 0
121 132 11 57.07800081999999 119.85775138628776 0
131 130 -1 56.392409605 118.29745556150414 0
126 120 -6 56.09274017999999 117.66752143493832 0
129 118 -11 55.767271644999994 117.01011296126792 0
127 117 -10 55.805512019999995 117.08607840284617 0
122 120 -2 56.32336737999999 118.14997207066952 0
120 118 -2 56.31344344499999 118.12889441777301 0
124 116 -8 55.937078205 117.34994910766648 0
122 114 -8 55.90854562 117.29238373356665 0
121 114 -7 55.94905844499999 117.37417742831552 0
119 114 -5 56.132215125 117.74904645760876 0
118 124 6 56.792342579999996 119.18411725330729 0
119 129 10 57.033140499999995 119.74937780467002 0
124 130 6 56.77922728 119.15407000911809 0
121 119 -2 56.302083204999995 118.10480283448398 0
127 120 -7 56.02348544499999 117.52547987490702 0
126 114 -12 55.673151999999995 116.82446921216001 0
123 122 -1 56.347405124999995 118.20115136662126 0
119 117 -2 56.29212672 118.08372015353856 0
125 118 -7 55.98339111999999 117.44380270048065 0
121 120 -1 56.38539858 118.28241073615129 0
120 116 -4 56.178707605 117.84560488852364 0
124 113 -11 55.75345768 116.98274903359169 0
121 122 1 56.475937404999996 118.47792511730233 0
118 125 7 56.89357799999999 119.41853380008001 0
126 129 3 56.643680499999995 118.84760879857001 0
121 120 -1 56.343169679999995 118.1921206583597 0
126 118 -8 55.922075004999996 117.31965564142777 0
126 113 -13 55.61393697999999 116.7086029653849 0
121 121 0 56.456547404999995 118.43582594356768 0
118 116 -2 56.285005645 118.06865960833842 0
126 118 -8 55.955041124999994 117.38628946669876 0
120 117 -3 56.269312 118.03552193536001 0
120 116 -4 56.191726419999995 117.87275015954296 0
122 114 -8 55.937078205 117.34994910766648 0
120 121 1 56.47455442 118.47491822223897 0
119 116 -3 56.232068819999995 117.95717097111626 0
124 126 2 56.53237288 118.60118539602753 0
120 120 0 56.463479379999995 118.45086202604153 0
127 113 -14 55.551121779999995 116.5864447581961 0
123 109 -14 55.530600045 116.5466988449848 0
119 117 -2 56.324783845 118.1529829782947 0
114 110 -4 56.161310125 117.80940328135375 0
122 111 -11 55.725754419999994 116.92799449070105 0
115 109 -6 56.014595125 117.50733454542876 0
114 107 -7 55.952050404999994 117.38023362324319 0
115 109 -6 56.029406124999994 117.53757515898626 0
113 119 6 56.830201644999995 119.27126066399042 0
114 119 5 56.768712719999996 119.13003284410945 0
118 124 6 56.815872 119.23820499456001 0
114 115 1 56.529632019999994 118.59517362978617 0
122 111 -11 55.736539844999996 116.94929219437732 0
122 109 -13 55.59671224499999 116.67502969364662 0
117 113 -4 56.175811124999996 117.83957192131126 0
113 108 -5 56.10738687999999 117.69772186161153 0
117 110 -7 55.993807645 117.46498404411241 0
114 111 -3 56.211928 117.91496633408 0
114 110 -4 56.13658727999999 117.75810168000193 0
115 106 -9 55.826842 117.12859055896001 0
114 116 2 56.536481845 118.61020288451382 0
113 117 4 56.671850844999994 118.91070490180682 0
119 122 3 56.609966125 118.77248962511376 0
114 112 -2 56.269312 118.03552193536001 0
119 111 -8 55.89800540499999 117.27116706907434 0
119 112 -7 55.958030605 117.39234495999314 0
115 116 1 56.48560961999999 118.49897260167864 0
116 109 -7 55.946065245 117.36812088060489 0
118 108 -10 55.773403124999994 117.02227189546876 0
115 109 -6 56.011629205 117.50128545612998 0
113 108 -5 56.07806247999999 117.63731377813312 0
114 106 -8 55.88594084499999 117.24691382321569 0
113 115 2 56.58964449999999 118.72741463549 0
112 124 12 57.221022205 120.21042569842298 0
118 114 -4 56.149687005 117.78526372606024 0
115 109 -6 56.032364605 117.54362232428664 0
115 108 -7 55.91907064499999 117.31359585968092 0
115 106 -9 55.787180819999996 117.04962324199225 0
111 110 -1 56.345993619999994 118.19814117405065 0
112 106 -6 56.01311232 117.50431004135424 0
114 110 -4 56.140956644999996 117.76715629592542 0
112 105 -7 55.907040804999994 117.28935306066708 0
112 106 -6 56.01755980499999 117.51338331078394 0
112 104 -8 55.837484204999996 117.14983915098753 0
110 111 1 56.529632019999994 118.59517362978617 0
110 118 8 56.96382812499999 119.58390728515626 0
114 109 -5 56.082469044999996 117.64637684408822 0
113 105 -8 55.85114471999999 117.17715155403457 0
112 100 -12 55.532180499999996 116.54975701493001 0
111 101 -10 55.679359119999994 116.83665560342465 0
107 105 -2 56.31486208 118.13190565142528 0
107 104 -3 56.21768872 117.92702595943744 0
110 107 -3 56.239247244999994 117.9722413453109 0
108 100 -8 55.845076479999996 117.16501370380288 0
110 100 -10 55.662277605 116.80313848374388 0
109 97 -12 55.535340479999995 116.55587295717889 0
106 113 7 56.919231999999994 119.47866010624 0
106 114 8 57.001751125 119.67415016208875 0
116 112 -4 56.13367282 117.75206493273177 0
107 103 -4 56.148232719999996 117.78224598677056 0
111 104 -7 55.916065044999996 117.3075357120423 0
112 98 -14 55.425604605 116.34455823401338 0
108 103 -5 56.042709519999995 117.56478492232385 0
108 96 -12 55.49416402 116.47632396127017 0
107 95 -12 55.514778445 116.5161098163845 0
106 97 -9 55.770338005 117.01619264343077 0
103 96 -7 55.904030244999994 117.28329143635261 0
105 95 -10 55.676256179999996 116.83056264284569 0
104 103 -1 56.33186152 118.16803683089985 0
104 98 -6 56.007177999999996 117.49221121192001 0
107 102 -5 56.044186124999996 117.56780783781376 0
105 104 -1 56.329031379999996 118.16201542630648 0
105 104 -1 56.358686004999996 118.22523136221878 0
108 101 -7 55.88594084499999 117.24691382321569 0
108 102 -6 56.02348544499999 117.52547987490702 0
108 97 -11 55.621754005 116.72385856709573 0
108 98 -10 55.684011205 116.84579416571054 0
107 96 -11 55.628002044999995 116.73606082876921 0
105 96 -9 55.71340961999999 116.90364751766137 0
105 95 -10 55.684011205 116.84579416571054 0
104 104 0 56.41479280499999 118.34559271040158 0
104 105 1 56.50215522 118.53505094794056 0
107 104 -3 56.22056721999999 117.93305542220457 0
106 101 -5 56.06188120499999 117.60407680927804 0
107 100 -7 55.887449999999994 117.24994581000001 0
108 92 -16 55.227967045 115.96922271971172 0
107 99 -8 55.825320444999996 117.1255546412505 0
105 93 -12 55.489399405 116.46713934637218 0
105 94 -11 55.571591125 116.62616859401126 0
104 95 -9 55.69175848 116.86102277089088 0
102 93 -9 55.724212404999996 116.92495151378267 0
104 93 -11 55.530600045 116.5466988449848 0
103 100 -3 56.183049999999994 117.85465387 0
102 103 1 56.50215522 118.53505094794056 0
105 104 -1 56.343169679999995 118.1921206583597 0
105 94 -11 55.55427432 116.59255754553024 0
106 93 -13 55.43360608 116.35989322127872 0
105 89 -16 55.1770125 115.87347445875001 0
102 94 -8 55.826842 117.12859055896001 0
102 92 -10 55.64983112499999 116.77875336504876 0
103 93 -10 55.615501005 116.71165433323378 0
102 95 -7 55.84811121999999 117.17108282726744 0
102 96 -6 55.925078125 117.32571505859376 0
103 92 -11 55.595144499999996 116.67197682601001 0
103 102 -1 56.354457999999994 118.21620168328002 0
103 96 -7 55.864780124999996 117.20445595050376 0
106 96 -10 55.62956328 116.73911108726209 0
104 96 -8 55.826842 117.12859055896001 0
102 94 -8 55.80245992 117.08000358797506 0
105 92 -13 55.369377279999995 116.23711166984194 0
104 99 -5 56.01607761999999 117.51035896851737 0
103 97 -6 55.93557928 117.34692016652609 0
105 99 -6 56.002724005 117.48313623146323 0
104 114 10 57.131057444999996 119.987278068589 0
104 96 -8 55.80245992 117.08000358797506 0
112 94 -18 55.090871379999996 115.71249804849353 0
104 104 0 56.417585124999995 118.35160920245876 0
104 115 11 57.160421205 120.05961464035948 0
108 112 4 56.713185779999996 119.0038434792521 0
107 103 -4 56.155501044999994 117.79733402574972 0
107 103 -4 56.172913404999996 117.83353870225368 0
110 97 -13 55.428806124999994 116.35069265851376 0
108 99 -9 55.79329618 117.06177663995433 0
107 99 -8 55.82836324499999 117.13162637520112 0
105 97 -8 55.845076479999996 117.16501370380288 0
106 98 -8 55.794824244999994 117.0648147263519 0
105 97 -8 55.796352 117.06785270784002 0
105 96 -9 55.704138 116.88538252152001 0
105 107 2 56.56652900499999 118.67632564018928 0
104 111 7 56.938391124999995 119.52376167905126 0
110 109 -1 56.391008019999994 118.29444667319817 0
107 102 -5 56.07218272 117.62522865426945 0
109 100 -9 55.79787944499999 117.07089058458251 0
110 97 -13 55.425604605 116.34455823401338 0
107 97 -10 55.652944604999995 116.78485036331914 0
106 97 -9 55.756529619999995 116.98883066753865 0
105 99 -6 55.980412179999995 117.4377501306297 0
105 101 -4 56.13367282 117.75206493273177 0
105 99 -6 55.990833044999995 117.4589326505038 0
106 97 -9 55.756529619999995 116.98883066753865 0
106 113 7 56.9320125 119.50872712875001 0
105 118 13 57.282036819999995 120.36442351438025 0
116 108 -8 55.887449999999994 117.24994581000001 0
107 105 -2 56.28643047999999 118.07167181773889 0
110 107 -3 56.23637680499999 117.96621336403445 0
111 98 -13 55.48304224499999 116.4548912740459 0
111 106 -5 56.0515645 117.58292125291001 0
109 103 -6 55.984880125 117.44682885868376 0
108 107 -1 56.36009471999999 118.22824117100545 0
109 104 -5 56.05746162 117.59501059999465 0
109 102 -7 55.913058205 117.30147519720104 0
110 98 -12 55.574735604999994 116.63227801677564 0
108 115 7 56.88070449999999 119.38847418871 0
107 101 -6 55.98190180499999 117.44077645785057 0
118 101 -17 55.227967045 115.96922271971172 0
106 102 -4 56.09860257999999 117.67960246404729 0
105 98 -7 55.920572979999996 117.31662579620888 0
107 94 -13 55.390306044999996 116.27704137088472 0
106 100 -6 56.011629205 117.50128545612998 0
104 98 -6 55.966991605 117.41050935201788 0
106 97 -9 55.745772405 116.96754303251734 0
105 99 -6 56.008662044999994 117.49523604157672 0
104 100 -4 56.13075712 117.74602791460865 0
106 98 -8 55.822276405 117.11948250077084 0
106 107 1 56.48146624499999 118.48995241696463 0
105 113 8 56.96382812499999 119.58390728515626 0
109 108 -1 56.361503125 118.23125093796875 0
109 102 -7 55.89046738 117.2560094989905 0
109 102 -7 55.9025245 117.28026048461001 0
109 96 -13 55.460753125 116.41200560421876 0
107 99 -8 55.826842 117.12859055896001 0
106 97 -9 55.750384499999996 116.97666696231 0
105 101 -4 56.156953779999995 117.80035143712409 0
105 100 -5 56.022004499999994 117.52245585429 0
106 99 -7 55.89649842 117.26813574324697 0
106 98 -8 55.82988417999999 117.13466209013768 0
105 115 10 57.105217679999996 119.92400917712833 0
106 117 11 57.19687480499999 120.15008257410358 0
115 120 5 56.755541619999995 119.09998703813466 0
107 107 0 56.40221201999999 118.31851672329384 0
114 110 -4 56.178707605 117.84560488852364 0
117 103 -14 55.451182044999996 116.3936176591233 0
112 109 -3 56.247851125 117.99032395634876 0
111 105 -6 56.02792642 117.53455145739704 0
112 104 -8 55.878390419999995 117.23175245984905 0
111 106 -5 56.04861407999999 117.57687611868673 0
109 106 -3 56.21480898 117.92099626383289 0
111 104 -7 55.910050125 117.29541431384627 0
110 109 -1 56.355867645 118.21921161851992 0
109 115 6 56.811957405 119.22919009906984 0
112 111 -1 56.372759204999994 118.25532758769748 0
113 103 -10 55.725754419999994 116.92799449070105 0
112 102 -10 55.67780780499999 116.83360918181658 0
111 97 -14 55.364540125 116.22789355298376 0
107 102 -5 56.07806247999999 117.63731377813312 0
106 99 -7 55.9325805 117.34086201507 0
107 101 -6 56.02496608 117.52850381552129 0
106 103 -3 56.194616079999996 117.87878176503872 0
106 102 -4 56.16276162 117.81242043334537 0
108 100 -8 55.819231124999995 117.11340995245126 0
107 111 4 56.69855264499999 118.97079450917742 0
107 113 6 56.852273679999996 119.32235035514432 0
113 111 -2 56.302083204999995 118.10480283448398 0
109 106 -3 56.201834805 117.89385971710108 0
111 106 -5 56.064826045 117.61012056981531 0
113 103 -10 55.690209644999996 116.85797728228641 0
111 108 -3 56.244984405 117.98429664015718 0
110 106 -4 56.12784017999999 117.73999062432169 0
111 109 -2 56.302083204999995 118.10480283448398 0
110 114 4 56.709198644999994 118.9948301275231 0
111 117 6 56.843196045 119.30131284561472 0
114 116 2 56.58964449999999 118.72741463549 0
115 124 9 57.00049152 119.67114155433985 0
117 125 8 56.94094040499999 119.52977569962684 0
124 125 1 56.491129779999994 118.51099913633193 0
123 122 -1 56.367133644999996 118.2432895908656 0
126 115 -11 55.742696124999995 116.96145986216376 0
127 112 -15 55.436804499999994 116.36602621571001 0
122 112 -10 55.777998479999994 117.03138996990913 0
117 108 -9 55.79176780499999 117.05873844848344 0
116 110 -6 56.032364605 117.54362232428664 0
114 115 1 56.52826112499999 118.59216771399876 0
114 115 1 56.484228805 118.49596590073509 0
117 115 -2 56.29639564499999 118.0927558830841 0
115 122 7 56.885857619999996 119.40049776696264 0
117 128 11 57.096574045 119.90292457976072 0
123 120 -3 56.216249004999995 117.92401114082178 0
122 118 -4 56.191726419999995 117.87275015954296 0
123 116 -7 55.972959405 117.42261721992784 0
122 113 -9 55.878390419999995 117.23175245984905 0
120 119 -1 56.350227204999996 118.20717162203204 0
119 113 -6 56.03088552 117.54059878122817 0
122 114 -8 55.887449999999994 117.24994581000001 0
118 117 -1 56.382591999999995 118.27639253504 0
117 116 -1 56.3403445 118.18609996751002 0
121 115 -6 56.014595125 117.50733454542876 0
118 123 5 56.74498241999999 119.07595081133496 0
118 119 1 56.49940072 118.52903814897346 0
125 123 -2 56.337518079999995 118.18007910019074 0
120 125 5 56.734403379999996 119.05191486518552 0
124 115 -9 55.83292512 117.14073321675265 0
127 109 -18 55.265579519999996 116.04015990288384 0
122 115 -7 55.97743199999999 117.43169722176 0
116 110 -6 56.05451368 117.58896607957568 0
117 112 -5 56.13075712 117.74602791460865 0
116 117 1 56.48975020499999 118.50799254270905 0
115 112 -3 56.239247244999994 117.9722413453109 0
119 110 -9 55.840522045 117.1559092719308 0
116 122 6 56.79496192 119.19012682031105 0
115 122 7 56.912830125 119.46362759306626 0
126 123 -3 56.280729279999996 118.05962267643393 0
117 115 -2 56.334690419999994 118.17405805509097 0
123 114 -9 55.83900328 117.15287426153793 0
123 111 -12 55.610808 116.70249985728 0
118 119 1 56.488370319999994 118.50498592250177 0
116 114 -2 56.321950605 118.14696111696064 0
122 114 -8 55.888958845 117.25297770187032 0
117 116 -1 56.34881632 118.20416151589377 0
117 115 -2 56.285005645 118.06865960833842 0
120 114 -6 56.0515645 117.58292125291001 0
118 121 3 56.623475125 118.80253806347126 0
118 130 12 57.17868288 120.10484180938752 0
123 124 1 56.484228805 118.49596590073509 0
123 116 -7 55.97743199999999 117.43169722176 0
123 115 -8 55.94007512499999 117.35600672159126 0
121 114 -7 55.980412179999995 117.4377501306297 0
118 115 -3 56.207604204999996 117.90592099755504 0
119 113 -6 56.007177999999996 117.49221121192001 0
119 137 18 57.467083405 120.84587690082368 0
118 208 90 59.546328044999996 132.7170402052888 0.048553679219436985
140 198 58 58.81761964499999 125.5570077273961 0
127 202 75 59.32537880499999 128.96322641141245 0
140 187 47 58.48335528 124.0844835712301 0
177 133 -44 54.232541125 114.15928019523875 0
181 137 -44 54.29054080499999 114.26178874463044 0
149 128 -21 55.259049999999995 116.02782913000001 0
118 126 8 56.94094040499999 119.52977569962684 0
117 123 6 56.82499520499999 119.25924022152654 0
130 126 -4 56.18594338 117.86068621333449 0
127 118 -9 55.864780124999996 117.20445595050376 0
130 121 -9 55.85417698 117.18321988541513 0
125 121 -4 56.198948245 117.88782871745862 0
123 121 -2 56.282155044999996 118.0626350378498 0
125 120 -5 56.1395005 117.76413815773 0
124 127 3 56.642335644999996 118.8446041454916 0
124 134 10 57.041894805 119.77044603653644 0
130 120 -10 55.823798579999995 117.12251862190874 0
129 118 -11 55.74731008 116.97058445238272 0
126 115 -11 55.738079379999995 116.95233427761849 0
121 112 -9 55.852661004999995 117.18018576906624 0
117 116 -1 56.378379804999994 118.26736493895145 0
118 110 -8 55.922075004999996 117.31965564142777 0
120 113 -7 55.98339111999999 117.44380270048065 0
117 114 -3 56.253580845 118.0023779328232 0
116 111 -5 56.097137444999994 117.67658231464853 0
118 109 -9 55.852661004999995 117.18018576906624 0
116 120 4 56.711857044999995 119.00083902844172 0
115 134 19 57.548300125 121.06469035978375 0
123 120 -3 56.227758044999995 117.94812806906123 0
118 116 -2 56.30918568 118.11986043277633 0
120 117 -3 56.260736019999996 118.01744418710585 0
119 116 -3 56.267883444999995 118.0325091090495 0
117 115 -2 56.29355000499999 118.08673211285723 0
121 111 -10 55.750384499999996 116.97666696231 0
119 111 -8 55.913058205 117.30147519720104 0
117 117 0 56.40221201999999 118.31851672329384 0
116 113 -3 56.224882644999994 117.9420991826526 0
119 112 -7 55.96848402 117.41353644792986 0
116 119 3 56.64905682 118.85962733184024 0
116 116 0 56.43848799999999 118.39672850752001 0
122 128 6 56.817176245 119.24120998597212 0
118 117 -1 56.341757245 118.18911033491162 0
128 115 -13 55.607677779999996 116.69639625153994 0
122 111 -11 55.739618605 116.95537624988738 0
118 118 0 56.40640840499999 118.32754237859884 0
115 111 -4 56.13367282 117.75206493273177 0
121 111 -10 55.75345768 116.98274903359169 0
117 112 -5 56.079531644999996 117.6403348738396 0
114 108 -6 56.02792642 117.53455145739704 0
116 109 -7 55.931080644999994 117.3378328044266 0
114 114 0 56.46625 118.45687625000001 0
113 121 8 56.924347919999995 119.49068658995905 0
117 119 2 56.53374284499999 118.6041912468092 0
116 112 -4 56.17146407999999 117.83052199787329 0
118 111 -7 55.96549888 117.40748216987649 0
118 109 -9 55.849628124999995 117.17411724015626 0
116 115 -1 56.337518079999995 118.18007910019074 0
115 111 -4 56.17001444499999 117.82750523004002 0
117 113 -4 56.149687005 117.78526372606024 0
115 109 -6 56.02348544499999 117.52547987490702 0
115 107 -8 55.9025245 117.28026048461001 0
115 107 -8 55.85569264499999 117.1862539032451 0
113 116 3 56.630218 118.81756187768 0
112 117 5 56.7502645 119.08796888441002 0
117 117 0 56.464864844999994 118.45386915278769 0
114 109 -5 56.105923604999994 117.69470213963014 0
117 107 -10 55.71495380499999 116.90669128514995 0
117 106 -11 55.66693992 116.81228093522498 0
112 111 -1 56.3403445 118.18609996751002 0
111 107 -4 56.156953779999995 117.80035143712409 0
113 106 -7 55.943070805 117.36206397880045 0
112 109 -3 56.193171405 117.87576599278833 0
110 105 -5 56.07806247999999 117.63731377813312 0
113 103 -10 55.739618605 116.95537624988738 0
111 120 9 57.026878124999996 119.73433030359377 0
109 125 16 57.438507279999996 120.77002506032193 0
123 115 -8 55.90854562 117.29238373356665 0
111 112 1 56.500778125 118.53204456109376 0
116 101 -15 55.335458605 116.17255638344514 0
117 104 -13 55.551121779999995 116.5864447581961 0
111 110 -1 56.381188245 118.2733833757639 0
107 101 -6 56.002724005 117.48313623146323 0
112 105 -7 55.913058205 117.30147519720104 0
108 104 -4 56.165663679999994 117.81845454418433 0
107 104 -3 56.21480898 117.92099626383289 0
110 102 -8 55.843558644999995 117.16197899289942 0
108 111 3 56.61402208 118.78150427689474 0
108 110 2 56.56107704499999 118.6643039987958 0
112 121 9 56.994188845 119.6560990647597 0
110 107 -3 56.24928402 117.99333753221018 0
117 106 -11 55.708775204999995 116.89451553297599 0
114 104 -10 55.74731008 116.97058445238272 0
111 109 -2 56.272168179999994 118.04154743121369 0
109 105 -4 56.11762112499999 117.71885794610125 0
112 104 -8 55.8723445 117.21962164399001 0
110 107 -3 56.207604204999996 117.90592099755504 0
109 102 -7 55.92357672 117.32268539550145 0
111 101 -10 55.685561279999995 116.84884011950592 0
109 113 4 56.70520872 118.98581677544257 0
107 123 16 57.456818319999996 120.81856313084225 0
115 113 -2 56.29781799999999 118.09576769432002 0
110 103 -7 55.90553568 117.28632229498369 0
112 102 -10 55.719584499999996 116.91582190769 0
112 98 -14 55.38226272 116.26168675693057 0
105 104 -1 56.35163777999999 118.21018168519993 0
106 98 -8 55.794824244999994 117.0648147263519 0
108 101 -7 55.884431379999995 117.24388174135353 0
106 102 -4 56.145323219999995 117.77621030980345 0
104 101 -3 56.224882644999994 117.9420991826526 0
107 98 -9 55.758065124999995 116.99187132092126 0
106 106 0 56.437096645 118.39372078849709 0
106 109 3 56.67318888 118.9137094152365 0
109 112 3 56.63829921999999 118.83559013620857 0
108 107 -1 56.378379804999994 118.26736493895145 0
110 103 -7 55.9025245 117.28026048461001 0
112 98 -14 55.41438952 116.32308321687617 0
110 103 -7 55.937078205 117.34994910766648 0
107 100 -7 55.913058205 117.30147519720104 0
108 98 -10 55.65450088 116.78789868239554 0
107 100 -7 55.94456818 117.36509247404634 0
105 101 -4 56.09567199999999 117.67356209344001 0
106 99 -7 55.934080044999995 117.34389113571521 0
106 108 2 56.60726060499999 118.76647979670938 0
105 99 -6 56.01607761999999 117.51035896851737 0
110 99 -11 55.643600445 116.76655792344951 0
106 101 -5 56.06188120499999 117.60407680927804 0
104 101 -3 56.180155379999995 117.84862127809754 0
107 97 -10 55.693307004999994 116.86406814360728 0
106 103 -3 56.234941119999995 117.96319928935937 0
105 100 -5 56.085405205 117.65241852054348 0
107 100 -7 55.913058205 117.30147519720104 0
106 108 2 56.55425511999999 118.64927653939264 0
105 105 0 56.459321124999995 118.44184046696125 0
110 101 -9 55.774935219999996 117.02531136060057 0
108 107 -1 56.379784179999994 118.27037417712233 0
107 108 1 56.47317112499999 118.47191129878877 0
111 109 -2 56.32336737999999 118.14997207066952 0
110 99 -11 55.599846805 116.68113505143307 0
111 100 -11 55.593576445 116.668923832326 0
109 95 -14 55.407974079999995 116.31080859811328 0
105 99 -6 55.961018845 117.3984001044372 0
105 97 -8 55.85417698 117.18321988541513 0
104 99 -5 56.032364605 117.54362232428664 0
105 100 -5 56.082469044999996 117.64637684408822 0
104 100 -4 56.129298805 117.74300930356759 0
106 98 -8 55.83292512 117.14073321675265 0
105 110 5 56.811957405 119.22919009906984 0
105 113 8 56.96509671999999 119.58691489137857 0
112 114 2 56.578777779999996 118.70337333092009 0
108 107 -1 56.327615845 118.15900465594932 0
112 103 -9 55.822276405 117.11948250077084 0
114 100 -14 55.403159245 116.3016011080944 0
110 103 -7 55.91907064499999 117.31359585968092 0
107 101 -6 55.99529448 117.4680096159149 0
108 103 -5 56.05746162 117.59501059999465 0
107 103 -4 56.156953779999995 117.80035143712409 0
107 106 -1 56.389606125 118.29143774667375 0
108 102 -6 55.99232049999999 117.46195838903 0
109 111 2 56.562440499999994 118.66730943583 0
108 117 9 57.009302245 119.69220259117662 0
112 116 4 56.713185779999996 119.0038434792521 0
112 110 -2 56.267883444999995 118.0325091090495 0
113 113 0 56.45516008 118.43281863617729 0
116 104 -12 55.590439405 116.66281746616033 0
116 107 -9 55.79176780499999 117.05873844848344 0
113 101 -12 55.565298444999996 116.61394820510802 0
109 112 3 56.645025045 118.85061344358022 0
109 109 0 56.446829619999995 118.41477414180137 0
114 107 -7 55.974450579999996 117.42564397256072 0
110 103 -7 55.956536019999994 117.38931725703416 0
110 115 5 56.76608098 119.12402362948089 0
110 113 3 56.659794579999996 118.8836640530553 0
118 116 -2 56.30918568 118.11986043277633 0
112 106 -6 55.98339111999999 117.44380270048065 0
115 103 -12 55.573163519999994 116.62922336956417 0
115 97 -18 55.148943204999995 115.82089885028148 0
109 103 -6 55.975941445 117.42867063978349 0
106 100 -6 55.94456818 117.36509247404634 0
107 103 -4 56.132215125 117.74904645760876 0
106 105 -1 56.37416481999999 118.25833698562425 0
106 104 -2 56.29924004499999 118.09877945652272 0
108 104 -4 56.132215125 117.74904645760876 0
108 111 3 56.66247591999999 118.88967316906306 0
108 117 9 57.050633919999996 119.79151633800704 0
112 114 2 56.55971328 118.66129854369794 0
112 105 -7 55.91155431999999 117.29844480166977 0
114 105 -9 55.765738 117.00707295848001 0
113 101 -12 55.535340479999995 116.55587295717889 0
109 107 -2 56.257874879999996 118.0114178464205 0
108 106 -2 56.32053352 118.14395011700417 0
109 109 0 56.40640840499999 118.32754237859884 0
109 109 0 56.452384499999994 118.42680392919002 0
110 110 0 56.45516008 118.43281863617729 0
112 107 -5 56.10153192 117.68564254807104 0
113 118 5 56.77397248 119.14205136269312 0
112 112 0 56.463479379999995 118.45086202604153 0
120 112 -8 55.92958048 117.33480350362113 0
114 106 -8 55.9025245 117.28026048461001 0
114 108 -6 56.002724005 117.48313623146323 0
114 104 -10 55.69175848 116.86102277089088 0
112 111 -1 56.355867645 118.21921161851992 0
111 106 -5 56.053039244999994 117.58594370460563 0
113 106 -7 55.952050404999994 117.38023362324319 0
111 105 -6 56.008662044999994 117.49523604157672 0
109 103 -6 55.96549888 117.40748216987649 0
111 103 -8 55.86931968 117.21355565740033 0
109 114 5 56.751584245 119.09097341487062 0
108 121 13 57.289162 120.38255322664001 0
113 113 0 56.44126978 118.40274384778809 0
111 109 -2 56.327615845 118.15900465594932 0
114 108 -6 56.011629205 117.50128545612998 0
115 104 -11 55.693307004999994 116.86406814360728 0
112 109 -3 56.219128125 117.93004071984376 0
111 103 -8 55.88594084499999 117.24691382321569 0
112 100 -12 55.52269312 116.53140600049664 0
110 98 -12 55.532180499999996 116.54975701493001 0
107 105 -2 56.25214887999999 117.99936452028354 0
105 104 -1 56.375570124999996 118.26134634336626 0
108 116 8 56.981560245 119.62601676587741 0
107 116 9 57.02813121999999 119.73733972261257 0
112 115 3 56.661135404999996 118.88666861402818 0
111 111 0 56.418980819999994 118.35461739574777 0
115 111 -4 56.193171405 117.87576599278833 0
117 108 -9 55.807037605 117.08911565455614 0
116 112 -4 56.155501044999994 117.79733402574972 0
114 109 -5 56.12200257999999 117.72791522201274 0
115 111 -4 56.155501044999994 117.79733402574972 0
114 114 0 56.425954645 118.36965784135143 0
114 111 -3 56.26216612499999 118.02045727742626 0
116 109 -7 55.974450579999996 117.42564397256072 0
115 121 6 56.79496192 119.19012682031105 0
114 127 13 57.27251921999999 120.34025473154857 0
123 114 -9 55.863266319999994 117.20142252034626 0
118 117 -1 56.344581805 118.19513093801808 0
118 120 2 56.585571804999994 118.71839926045195 0
118 115 -3 56.247851125 117.99032395634876 0
123 119 -4 56.161310125 117.80940328135375 0
120 116 -4 56.145323219999995 117.77621030980345 0
121 117 -4 56.178707605 117.84560488852364 0
121 118 -3 56.211928 117.91496633408 0
120 117 -3 56.253580845 118.0023779328232 0
121 117 -4 56.16711424499999 117.8214715033594 0
121 124 3 56.611318419999996 118.77549452098697 0
121 132 11 57.11753938 119.95413434490152 0
126 117 -9 55.870832244999995 117.2165886990534 0
126 119 -7 55.964005844999996 117.40445490134182 0
123 116 -7 56.01607761999999 117.51035896851737 0
120 111 -9 55.80245992 117.08000358797506 0
119 117 -2 56.330446605 118.16502615123538 0
117 113 -4 56.165663679999994 117.81845454418433 0
120 113 -7 55.962512499999995 117.40142754625 0
117 112 -5 56.07659300499999 117.63429260848673 0
116 113 -3 56.232068819999995 117.95717097111626 0
117 112 -5 56.10153192 117.68564254807104 0
116 120 4 56.709198644999994 118.9948301275231 0
116 127 11 57.113846124999995 119.94509625358626 0
121 117 -4 56.143868004999995 117.77319237179827 0
120 117 -3 56.24211644499999 117.97826910358152 0
120 115 -5 56.116160019999995 117.71583871531784 0
120 111 -9 55.807037605 117.08911565455614 0
119 119 0 56.421771279999994 118.36063367766593 0
117 118 1 56.478702444999996 118.483938822924 0
122 117 -5 56.13075712 117.74602791460865 0
118 117 -1 56.396612499999996 118.30648199875 0
119 115 -4 56.140956644999996 117.76715629592542 0
122 111 -11 55.72112744499999 116.91886522244101 0
120 120 0 56.445440125 118.41176661620375 0
117 125 8 56.956210045 119.56586231571481 0
124 115 -9 55.843558644999995 117.16197899289942 0
120 116 -4 56.190281125 117.86973426513876 0
119 113 -6 56.02348544499999 117.52547987490702 0
119 114 -5 56.114698605 117.71281941485488 0
118 119 1 56.509036044999995 118.55008250880722 0
118 117 -1 56.379784179999994 118.27037417712233 0
121 123 2 56.5351125 118.60719707625 0
119 125 6 56.800196879999994 119.20214608297152 0
124 121 -3 56.25501249999999 118.00539129125 0
125 117 -8 55.93557928 117.34692016652609 0
124 127 3 56.60726060499999 118.76647979670938 0
123 129 6 56.789722 119.17810772744001 0
131 117 -14 55.547968 116.58033144832001 0
126 118 -8 55.937078205 117.34994910766648 0
122 121 -1 56.36009471999999 118.22824117100545 0
121 120 -1 56.353048044999994 118.2131917055613 0
124 125 1 56.495266644999994 118.52001875933291 0
123 122 -1 56.388203919999995 118.28842878176705 0
127 123 -4 56.204720124999994 117.89989047669626 0
125 121 -4 56.183049999999994 117.85465387 0
126 115 -11 55.75345768 116.98274903359169 0
126 117 -9 55.873856445 117.22265449237402 0
122 125 3 56.61942567999999 118.7935236499437 0
121 126 5 56.74233952 119.06994180176385 0
127 124 -3 56.24641792 117.98731032571905 0
123 120 -3 56.216249004999995 117.92401114082178 0
126 113 -13 55.601413619999995 116.68418754191065 0
125 110 -15 55.435205444999994 116.362959789793 0
120 116 -4 56.143868004999995 117.77319237179827 0
115 110 -5 56.126381245 117.73697187670712 0
119 110 -9 55.81466087999999 117.10430036240449 0
115 111 -4 56.155501044999994 117.79733402574972 0
113 114 1 56.522774444999996 118.58014382924752 0
115 111 -4 56.19606044499999 117.88179747645799 0
116 119 3 56.64099048 118.84159948418113 0
115 125 10 57.07179424499999 119.84269603187812 0
120 112 -8 55.8723445 117.21962164399001 0
120 111 -9 55.85417698 117.18321988541513 0
118 113 -5 56.09274017999999 117.66752143493832 0
115 110 -5 56.09860257999999 117.67960246404729 0
115 113 -2 56.33186152 118.16803683089985 0
115 107 -8 55.89348352 117.26207280963584 0
116 106 -10 55.741157519999994 116.95841811134785 0
114 107 -7 55.980412179999995 117.4377501306297 0
111 104 -7 55.926579219999994 117.32874463086857 0
112 107 -5 56.07365312499999 117.62825004671876 0
110 115 5 56.76476464499999 119.12101903275892 0
110 124 14 57.324620499999995 120.47324326603001 0
114 112 -2 56.273595805 118.04456010108458 0
114 116 2 56.536481845 118.61020288451382 0
115 114 -1 56.350227204999996 118.20717162203204 0
116 110 -6 56.02792642 117.53455145739704 0
118 117 -1 56.367133644999996 118.2432895908656 0
115 113 -2 56.265025404999996 118.02648329884184 0
120 111 -9 55.84659400499999 117.16804831520429 0
116 110 -6 56.011629205 117.50128545612998 0
115 110 -5 56.05893512499999 117.59803274577126 0
115 109 -6 56.01607761999999 117.51035896851737 0
114 117 3 56.65845344499999 118.88065948598052 0
113 127 14 57.332854004999994 120.49441452643323 0
118 118 0 56.409204445 118.3335592997825 0
117 114 -3 56.26359592 118.02347031461697 0
119 113 -6 56.05893512499999 117.59803274577126 0
118 111 -7 55.947562 117.37114919864001 0
117 114 -3 56.21768872 117.92702595943744 0
116 110 -6 55.99232049999999 117.46195838903 0
117 112 -5 56.082469044999996 117.64637684408822 0
115 114 -1 56.36009471999999 118.22824117100545 0
115 111 -4 56.13075712 117.74602791460865 0
116 108 -8 55.863266319999994 117.20142252034626 0
115 118 3 56.603199999999994 118.75746496000001 0
113 123 10 57.099045204999996 119.90894850074598 0
120 118 -2 56.2835805 118.06564734843 0
116 110 -6 56.039755379999995 117.55873885756249 0
118 112 -6 56.01755980499999 117.51338331078394 0
117 109 -8 55.86931968 117.21355565740033 0
114 115 1 56.526889919999995 118.58916177621505 0
114 109 -5 56.09274017999999 117.66752143493832 0
117 110 -7 55.98339111999999 117.44380270048065 0
114 118 4 56.67853792 118.92572742596097 0
113 115 2 56.599136605 118.74845000643464 0
119 109 -10 55.724212404999996 116.92495151378267 0
116 113 -3 56.260736019999996 118.01744418710585 0
115 119 4 56.70520872 118.98581677544257 0
116 107 -9 55.779529645 117.0344291144136 0
118 112 -6 56.019041679999994 117.51640757239232 0
114 106 -8 55.876879405 117.22871990013968 0
112 108 -4 56.13367282 117.75206493273177 0
112 110 -2 56.270740245 118.03853470936012 0
110 104 -6 55.97743199999999 117.43169722176 0
113 102 -11 55.637364805 116.75436054636644 0
110 104 -6 55.964005844999996 117.40445490134182 0
108 105 -3 56.24355058 117.98128289949929 0
108 102 -6 55.975941445 117.42867063978349 0
108 122 14 57.37379368 120.60033190149568 0
107 124 17 57.53263384499999 121.02209958365782 0
125 107 -18 55.267211124999996 116.04324219618876 0
111 112 1 56.46763484499999 118.45988331784233 0
112 111 -1 56.36009471999999 118.22824117100545 0
113 109 -4 56.18160284499999 117.8516376052017 0
113 112 -1 56.398012845 118.30949073582082 0
113 105 -8 55.870832244999995 117.2165886990534 0
115 105 -10 55.733459845 116.9432076943227 0
113 107 -6 56.019041679999994 117.51640757239232 0
109 105 -4 56.113236879999995 117.70980004454849 0
111 102 -9 55.75192124499999 116.97970805269962 0
109 111 2 56.56652900499999 118.67632564018928 0
108 114 6 56.818480179999995 119.2442149907817 0
113 105 -8 55.899512079999994 117.27419830113473 0
110 100 -10 55.719584499999996 116.91582190769 0
110 100 -10 55.684011205 116.84579416571054 0
108 99 -9 55.79787944499999 117.07089058458251 0
105 104 -1 56.32336737999999 118.14997207066952 0
106 101 -5 56.06924098 117.61918564542088 0
106 98 -8 55.83900328 117.15287426153793 0
106 103 -3 56.18594338 117.86068621333449 0
105 100 -5 56.091273805 117.66450099731745 0
106 102 -4 56.13658727999999 117.75810168000193 0
106 110 4 56.730431124999996 119.04290144061126 0
105 114 9 57.04314418 119.77345595158232 0
110 109 -1 56.378379804999994 118.26736493895145 0
109 104 -5 56.082469044999996 117.64637684408822 0
111 102 -9 55.76880498 117.01315285619688 0
111 100 -11 55.617064719999995 116.71470557716545 0
108 104 -4 56.10738687999999 117.69772186161153 0
107 100 -7 55.9325805 117.34086201507 0
107 100 -7 55.913058205 117.30147519720104 0
106 97 -9 55.774935219999996 117.02531136060057 0
105 100 -5 56.05451368 117.58896607957568 0
105 98 -7 55.861752204999995 117.19838899265298 0
105 106 1 56.491129779999994 118.51099913633193 0
104 112 8 56.997971379999996 119.66512444916648 0
107 107 0 56.41479280499999 118.34559271040158 0
108 106 -2 56.25644384499999 118.00840459572782 0
108 99 -9 55.75345768 116.98274903359169 0
110 98 -12 55.52901928 116.54364054227392 0
108 99 -9 55.765738 117.00707295848001 0
104 98 -6 56.001238719999996 117.48011107360257 0
105 97 -8 55.80856288 117.09215280266753 0
104 99 -5 56.022004499999994 117.52245585429 0
104 97 -7 55.85872304499999 117.19232164400373 0
104 96 -8 55.80856288 117.09215280266753 0
104 105 1 56.49664498 118.52302524825689 0
103 99 -4 56.132215125 117.74904645760876 0
107 101 -6 55.99529448 117.4680096159149 0
104 100 -4 56.11908192 117.72187710736897 0
104 101 -3 56.193171405 117.87576599278833 0
106 98 -8 55.81770802 117.11037352494185 0
105 101 -4 56.161310125 117.80940328135375 0
105 101 -4 56.151140979999994 117.78828139943913 0
105 107 2 56.571976004999996 118.68834700305123 0
106 114 8 56.961290004999995 119.57789216878028 0
107 101 -6 56.008662044999994 117.49523604157672 0
110 99 -11 55.59827968 116.67808243539969 0
108 110 2 56.599136605 118.74845000643464 0
106 105 -1 56.367133644999996 118.2432895908656 0
113 103 -10 55.741157519999994 116.95841811134785 0
107 107 0 56.40500992 118.32453386346496 0
107 107 0 56.442660204999996 118.40575146936098 0
110 105 -5 56.108849844999995 117.7007415129302 0
110 108 -2 56.31769842 118.13792797769305 0
109 100 -9 55.799406579999996 117.0739283567433 0
111 103 -8 55.887449999999994 117.24994581000001 0
109 103 -6 56.010145779999995 117.4982607895921 0
106 108 2 56.565166479999995 118.6733202563629 0
108 101 -7 55.91907064499999 117.31359585968092 0
109 114 5 56.74630340499999 119.07895532261634 0
108 119 11 57.15065312499999 120.03549885171876 0
115 110 -5 56.07365312499999 117.62825004671876 0
111 108 -3 56.24641792 117.98731032571905 0
112 106 -6 56.002724005 117.48313623146323 0
113 103 -10 55.739618605 116.95537624988738 0
111 105 -6 56.039755379999995 117.55873885756249 0
109 109 0 56.417585124999995 118.35160920245876 0
109 108 -1 56.33610440499999 118.17706859994534 0
110 114 4 56.67586401999999 118.91971842886986 0
110 112 2 56.551524179999994 118.64326542459769 0
114 107 -7 55.946065245 117.36812088060489 0
114 119 5 56.76081378 119.11200528299594 0
112 125 13 57.282036819999995 120.36442351438025 0
123 117 -6 56.081000499999995 117.64335589577001 0
116 113 -3 56.250716604999994 117.99635105346714 0
118 120 2 56.574697645 118.6943575833101 0
118 108 -10 55.784121279999994 117.0435459092941 0
123 114 -9 55.82988417999999 117.13466209013768 0
117 109 -8 55.85569264499999 117.1862539032451 0
114 120 6 56.814567444999994 119.2352000163815 0
114 117 3 56.600491379999994 118.75145500421354 0
121 115 -6 56.02052324499999 117.5194317535064 0
116 110 -6 56.053039244999994 117.58594370460563 0
116 124 8 56.924347919999995 119.49068658995905 0
117 127 10 57.059357844999994 119.81258876528582 0
128 114 -14 55.568445405 116.62005865722568 0
119 109 -10 55.782591045 117.04050708394222 0
118 107 -11 55.696403124999996 116.87015854203125 0
116 108 -8 55.86023777999999 117.19535536726009 0
110 112 2 56.558349205 118.65829307037254 0
112 105 -7 55.920572979999996 117.31662579620888 0
114 107 -7 55.925078125 117.32571505859376 0
111 110 -1 56.36291122 118.23426066327256 0
109 111 2 56.591001444999996 118.73041973103902 0
112 108 -4 56.161310125 117.80940328135375 0
112 121 9 57.00552808 119.68317620795074 0
112 130 18 57.541593445 121.0464344993795 0
122 124 2 56.58149632 118.70938374938625 0
117 121 4 56.67318888 118.9137094152365 0
121 116 -5 56.12784017999999 117.73999062432169 0
124 114 -10 55.758065124999995 116.99187132092126 0
122 115 -7 55.990833044999995 117.4589326505038 0
119 117 -2 56.3262 118.15599384000001 0
119 116 -3 56.24211644499999 117.97826910358152 0
120 116 -4 56.145323219999995 117.77621030980345 0
119 113 -6 56.042709519999995 117.56478492232385 0
119 112 -7 55.964005844999996 117.40445490134182 0
118 124 6 56.827599045 119.26525041334179 0
117 132 15 57.31283199999999 120.44300542976 0
126 123 -3 56.27502311999999 118.04757271913664 0
120 117 -3 56.24211644499999 117.97826910358152 0
123 116 -7 55.972959405 117.42261721992784 0
122 110 -12 55.61393697999999 116.7086029653849 0
119 113 -6 56.02792642 117.53455145739704 0
116 110 -6 56.01755980499999 117.51338331078394 0
116 111 -5 56.09860257999999 117.67960246404729 0
115 112 -3 56.257874879999996 118.0114178464205 0
114 112 -2 56.32336737999999 118.14997207066952 0
115 111 -4 56.13658727999999 117.75810168000193 0
115 122 7 56.905137644999996 119.4455894177176 0
115 131 16 57.398175204999994 120.66393320831348 0
124 118 -6 56.039755379999995 117.55873885756249 0
119 113 -6 56.06040831999999 117.60105481547777 0
120 112 -8 55.928080005 117.33177411248974 0
118 109 -9 55.79329618 117.06177663995433 0
114 113 -1 56.39521184499999 118.3034732241162 0
115 111 -4 56.13075712 117.74602791460865 0
116 115 -1 56.398012845 118.30949073582082 0
114 117 3 56.61402208 118.78150427689474 0
116 118 2 56.570614719999995 118.68534168787457 0
117 119 2 56.58149632 118.70938374938625 0
119 130 11 57.12983007999999 119.98426473590274 0
121 137 16 57.39006322 120.64272840141658 0
129 125 -4 56.204720124999994 117.89989047669626 0
128 127 -1 56.354457999999994 118.21620168328002 0
127 124 -3 56.22344448 117.93908465344514 0
128 119 -9 55.852661004999995 117.18018576906624 0
127 124 -3 56.272168179999994 118.04154743121369 0
124 120 -4 56.18594338 117.86068621333449 0
128 123 -5 56.10006740499999 117.68262254180019 0
124 125 1 56.51041128 118.5530887474541 0
125 122 -3 56.232068819999995 117.95717097111626 0
128 124 -4 56.180155379999995 117.84862127809754 0
126 132 6 56.77397248 119.14205136269312 0
127 140 13 57.18232684499999 120.11388885697882 0
133 134 1 56.51178620499999 118.55609496197448 0
133 127 -6 56.06335378 117.60709872733594 0
134 129 -5 56.14241248 117.77017436722689 0
131 131 0 56.442660204999996 118.40575146936098 0
131 130 -1 56.379784179999994 118.27037417712233 0
135 128 -7 56.05451368 117.58896607957568 0
133 126 -7 56.0515645 117.58292125291001 0
133 129 -4 56.174362419999994 117.83655534334505 0
131 130 -1 56.383995445 118.27940165511453 0
133 125 -8 55.971467919999995 117.41959038172097 0
133 134 1 56.50490848 118.54106364646913 0
130 142 12 57.10274962 119.91798475594138 0
137 129 -8 55.95952488 117.39537257573953 0
137 123 -14 55.58416160499999 116.65060321405038 0
132 120 -12 55.702591645 116.88233795543209 0
126 113 -13 55.58416160499999 116.65060321405038 0
121 119 -2 56.29355000499999 118.08673211285723 0
120 117 -3 56.25214887999999 117.99936452028354 0
121 116 -5 56.09567199999999 117.67356209344001 0
120 116 -4 56.191726419999995 117.87275015954296 0
119 114 -5 56.09274017999999 117.66752143493832 0
120 116 -4 56.161310125 117.80940328135375 0
119 134 15 57.321087205 120.46417107823454 0
119 139 20 57.608158044999996 121.2291793882913 0
131 120 -11 55.788710124999994 117.05266174966626 0
125 126 1 56.488370319999994 118.50498592250177 0
122 123 1 56.478702444999996 118.483938822924 0
125 118 -7 56.01755980499999 117.51338331078394 0
124 122 -2 56.29355000499999 118.08673211285723 0
123 117 -6 56.03384337999999 117.54664578832552 0
125 119 -6 56.03384337999999 117.54664578832552 0
122 118 -4 56.184496845 117.85767007265632 0
122 116 -6 56.039755379999995 117.55873885756249 0
122 116 -6 56.05893512499999 117.59803274577126 0
120 127 7 56.883281679999996 119.39448593432769 0
120 128 8 56.90770304499999 119.45160204292623 0
128 122 -6 56.047138405 117.57385343583134 0
123 115 -8 55.928080005 117.33177411248974 0
124 114 -10 55.771870719999995 117.01923232313345 0
121 113 -8 55.937078205 117.34994910766648 0
117 118 1 56.49250904499999 118.5140057035343 0
117 113 -4 56.145323219999995 117.77621030980345 0
120 114 -6 56.04123260499999 117.56176192896137 0
117 115 -2 56.324783845 118.1529829782947 0
117 113 -4 56.145323219999995 117.77621030980345 0
118 110 -8 55.894991125 117.26510432348876 0
117 121 4 56.677201124999996 118.92272292940126 0
115 124 9 56.98535208 119.63504108718529 0
124 124 0 56.437096645 118.39372078849709 0
118 115 -3 56.23637680499999 117.96621336403445 0
123 112 -11 55.745772405 116.96754303251734 0
122 112 -10 55.74423442 116.96450150249896 0
117 117 0 56.418980819999994 118.35461739574777 0
115 114 -1 56.343169679999995 118.1921206583597 0
119 116 -3 56.227758044999995 117.94812806906123 0
117 117 0 56.464864844999994 118.45386915278769 0
118 119 1 56.503532005 118.53805730967774 0
120 121 1 56.506284644999994 118.5440699584786 0
121 128 7 56.856159444999996 119.33136669470503 0
123 129 6 56.814567444999994 119.2352000163815 0
127 125 -2 56.32053352 118.14395011700417 0
128 119 -9 55.878390419999995 117.23175245984905 0
128 115 -13 55.62331648 116.72690931699714 0
125 112 -13 55.577878845 116.6383869268297 0
120 121 1 56.509036044999995 118.55008250880722 0
117 118 1 56.478702444999996 118.483938822924 0
124 116 -8 55.952050404999994 117.38023362324319 0
119 119 0 56.425954645 118.36965784135143 0
118 117 -1 56.389606125 118.29143774667375 0
122 114 -8 55.89649842 117.26813574324697 0
121 125 4 56.695888045 118.9647855943688 0
119 128 9 56.962559219999996 119.58089971101145 0
129 126 -3 56.269312 118.03552193536001 0
122 120 -2 56.280729279999996 118.05962267643393 0
125 114 -11 55.75192124499999 116.97970805269962 0
125 110 -15 55.425604605 116.34455823401338 0
120 116 -4 56.201834805 117.89385971710108 0
115 114 -1 56.371353279999994 118.25231814942208 0
119 113 -6 56.02792642 117.53455145739704 0
116 115 -1 56.364319005 118.23727034708074 0
116 112 -4 56.18160284499999 117.8516376052017 0
118 109 -9 55.82988417999999 117.13466209013768 0
117 118 1 56.46763484499999 118.45988331784233 0
114 132 18 57.512402205 120.96737165299048 0
120 120 0 56.4245605 118.36664982113001 0
119 116 -3 56.24211644499999 117.97826910358152 0
119 110 -9 55.84811121999999 117.17108282726744 0
118 108 -10 55.738079379999995 116.95233427761849 0
115 111 -4 56.156953779999995 117.80035143712409 0
113 105 -8 55.867806804999994 117.21052251886694 0
114 108 -6 56.026446404999994 117.53152767629668 0
111 112 1 56.52551840499999 118.58615581627117 0
110 116 6 56.80673360499999 119.21717041603988 0
113 102 -11 55.640483245 116.7604594774989 0
114 109 -5 56.06335378 117.60709872733594 0
111 112 1 56.53237288 118.60118539602753 0
108 116 8 57.00049152 119.67114155433985 0
112 109 -3 56.244984405 117.98429664015718 0
113 106 -7 55.91907064499999 117.31359585968092 0
114 103 -11 55.656056844999995 116.7909468816512 0
111 108 -3 56.232068819999995 117.95717097111626 0
108 102 -6 56.02792642 117.53455145739704 0
111 102 -9 55.799406579999996 117.0739283567433 0
108 102 -6 55.99529448 117.4680096159149 0
106 102 -4 56.09860257999999 117.67960246404729 0
107 102 -5 56.044186124999996 117.56780783781376 0
106 110 4 56.68121058 118.93173640782072 0
106 117 11 57.1811125 120.11087311375002 0
109 108 -1 56.38539858 118.28241073615129 0
110 105 -5 56.089807119999996 117.66148048723137 0
111 103 -8 55.888958845 117.25297770187032 0
110 101 -9 55.74423442 116.96450150249896 0
108 103 -5 56.089807119999996 117.66148048723137 0
107 100 -7 55.894991125 117.26510432348876 0
107 103 -4 56.140956644999996 117.76715629592542 0
106 100 -6 56.01607761999999 117.51035896851737 0
106 101 -5 56.07806247999999 117.63731377813312 0
106 99 -7 55.931080644999994 117.3378328044266 0
105 106 1 56.50490848 118.54106364646913 0
105 117 12 57.228242245 120.2285337365834 0
107 98 -9 55.770338005 117.01619264343077 0
109 98 -11 55.581020845 116.64449532548431 0
107 96 -11 55.617064719999995 116.71470557716545 0
105 98 -7 55.864780124999996 117.20445595050376 0
102 100 -2 56.250716604999994 117.99635105346714 0
103 93 -10 55.620191219999995 116.72080769393257 0
103 93 -10 55.648273919999994 116.77570468552705 0
102 94 -8 55.822276405 117.11948250077084 0
101 94 -7 55.904030244999994 117.28329143635261 0
101 93 -8 55.822276405 117.11948250077084 0
101 114 13 57.33402898 120.49743931714713 0
101 113 12 57.287975245 120.3795314201349 0
113 109 -4 56.143868004999995 117.77319237179827 0
103 102 -1 56.338931445 118.183089555991 0
108 99 -9 55.725754419999994 116.92799449070105 0
110 97 -13 55.468720499999996 116.42732504097 0
105 102 -3 56.198948245 117.88782871745862 0
104 94 -10 55.609243045 116.6994481166963 0
105 94 -11 55.612372644999994 116.70555147345492 0
103 99 -4 56.10446002 117.69168234682218 0
101 93 -8 55.80245992 117.08000358797506 0
103 92 -11 55.593576445 116.668923832326 0
101 102 1 56.514535124999995 118.56210731929126 0
100 111 11 57.18596802 120.12293645282185 0
104 99 -5 56.035321845 117.5496691735087 0
104 96 -8 55.80245992 117.08000358797506 0
103 95 -8 55.807037605 117.08911565455614 0
104 95 -9 55.711865124999996 116.90060363657875 0
102 98 -4 56.114698605 117.71281941485488 0
102 95 -7 55.876879405 117.22871990013968 0
102 92 -10 55.671599445 116.8214223201175 0
102 95 -7 55.867806804999994 117.21052251886694 0
101 94 -7 55.864780124999996 117.20445595050376 0
101 92 -9 55.6886605 116.85493167763 0
101 99 -2 56.27502311999999 118.04757271913664 0
100 107 7 56.968900645 119.5959379041491 0
102 102 0 56.398012845 118.30949073582082 0
103 94 -9 55.748847444999996 116.973625762259 0
103 92 -11 55.546390644999995 116.5772745970191 0
104 91 -13 55.438403244999996 116.36909249919361 0
101 95 -6 55.974450579999996 117.42564397256072 0
101 96 -5 56.04861407999999 117.57687611868673 0
101 96 -5 56.019041679999994 117.51640757239232 0
101 97 -4 56.09860257999999 117.67960246404729 0
101 93 -8 55.79329618 117.06177663995433 0
102 91 -11 55.55585012499999 116.59561374365376 0
101 103 2 56.54605857999999 118.63124296316873 0
101 99 -2 56.253580845 118.0023779328232 0
105 98 -7 55.9025245 117.28026048461001 0
101 93 -8 55.75345768 116.98274903359169 0
102 90 -12 55.503684879999994 116.49468950906049 0
103 87 -16 55.15555580499999 115.83327400921544 0
101 94 -7 55.86931968 117.21355565740033 0
100 94 -6 55.917567999999996 117.31056583168001 0
100 91 -9 55.72883752 116.93408010785217 0
99 92 -7 55.89046738 117.2560094989905 0
99 93 -6 55.922075004999996 117.31965564142777 0
100 89 -11 55.498925844999995 116.48550734735821 0
100 97 -3 56.21768872 117.92702595943744 0
100 92 -8 55.771870719999995 117.01923232313345 0
101 91 -10 55.66693992 116.81228093522498 0
100 94 -6 55.943070805 117.36206397880045 0
99 92 -7 55.835964819999994 117.14680394011577 0
101 88 -13 55.40155367999999 116.29853165322433 0
100 94 -6 55.969976124999995 117.41656345777626 0
100 94 -6 55.947562 117.37114919864001 0
100 96 -4 56.154047999999996 117.79431654912001 0
100 103 3 56.67987440499999 118.92873191871284 0
100 102 2 56.56380364499999 118.67031485496442 0
103 98 -5 56.02792642 117.53455145739704 0
103 108 5 56.82499520499999 119.25924022152654 0
104 107 3 56.63560672 118.82958075334145 0
110 107 -3 56.20616232 117.90290576688577 0
106 100 -6 56.010145779999995 117.4982607895921 0
108 102 -6 56.02496608 117.52850381552129 0
108 97 -11 55.574735604999994 116.63227801677564 0
106 99 -7 55.907040804999994 117.28935306066708 0
105 97 -8 55.787180819999996 117.04962324199225 0
103 99 -4 56.11908192 117.72187710736897 0
103 100 -3 56.165663679999994 117.81845454418433 0
103 98 -5 56.010145779999995 117.4982607895921 0
104 98 -6 55.986368819999996 117.44985493262377 0
103 107 4 56.73969538 119.06393280842249 0
103 108 5 56.79758002 119.19613642976216 0
107 110 3 56.612670404999996 118.77849940485935 0
106 102 -4 56.11762112499999 117.71885794610125 0
109 99 -10 55.70722978 116.89147131012808 0
109 97 -12 55.492576125 116.47326255972376 0
105 98 -7 55.917567999999996 117.31056583168001 0
104 97 -7 55.89046738 117.2560094989905 0
103 99 -4 56.155501044999994 117.79733402574972 0
103 101 -2 56.25644384499999 118.00840459572782 0
103 103 0 56.41618912 118.34860097406465 0
104 98 -6 55.974450579999996 117.42564397256072 0
105 112 7 56.944762 119.53879694936 0
104 122 18 57.619143644999994 121.2596783399956 0
114 118 4 56.666495604999994 118.89868680017814 0
108 103 -5 56.07659300499999 117.63429260848673 0
112 105 -7 55.953545919999996 117.38326158882305 0
112 99 -13 55.490987919999995 116.47020102147906 0
107 104 -3 56.24355058 117.98128289949929 0
106 100 -6 55.993807645 117.46498404411241 0
106 102 -4 56.140956644999996 117.76715629592542 0
106 102 -4 56.111774845 117.70678060423482 0
105 100 -5 56.047138405 117.57385343583134 0
106 101 -5 56.0515645 117.58292125291001 0
105 111 6 56.83670271999999 119.28628655661058 0
105 124 19 57.68116962 121.43376186008138 0
109 106 -3 56.18594338 117.86068621333449 0
110 105 -5 56.108849844999995 117.7007415129302 0
110 104 -6 56.011629205 117.50128545612998 0
109 101 -8 55.842040499999996 117.15894418233 0
105 101 -4 56.15840620499999 117.80336878340698 0
107 99 -8 55.823798579999995 117.12251862190874 0
106 100 -6 55.950554579999995 117.3772055697953 0
105 106 1 56.49802300499999 118.52603171141578 0
104 106 2 56.541956125 118.62222590907626 0
107 106 -1 56.36291122 118.23426066327256 0
106 114 8 56.99923160499999 119.66813298342038 0
108 126 18 57.59824449999999 121.20174070051002 0
114 108 -6 56.03088552 117.54059878122817 0
115 109 -6 56.002724005 117.48313623146323 0
114 104 -10 55.71340961999999 116.90364751766137 0
111 102 -9 55.794824244999994 117.0648147263519 0
107 107 0 56.446829619999995 118.41477414180137 0
107 102 -5 56.079531644999996 117.6403348738396 0
109 105 -4 56.138044044999994 117.7611199524768 0
107 111 4 56.734403379999996 119.05191486518552 0
107 108 1 56.47317112499999 118.47191129878877 0
111 103 -8 55.888958845 117.25297770187032 0
109 114 5 56.77397248 119.14205136269312 0
108 113 5 56.74894444499999 119.08496435898999 0
117 111 -6 55.998267219999995 117.47406051033545 0
111 112 1 56.495266644999994 118.52001875933291 0
112 113 1 56.517282804999994 118.56811958206843 0
115 108 -7 55.931080644999994 117.3378328044266 0
116 106 -10 55.71495380499999 116.90669128514995 0
113 104 -9 55.800933404999995 117.07696602448618 0
110 111 1 56.4800845 118.48694563381001 0
109 117 8 56.997971379999996 119.66512444916648 0
112 114 2 56.571976004999996 118.68834700305123 0
112 108 -4 56.184496845 117.85767007265632 0
113 115 2 56.596426124999994 118.74243997028626 0
113 121 8 56.93711602 119.52075471204586 0
117 117 0 56.44126978 118.40274384778809 0
117 114 -3 56.21480898 117.92099626383289 0
117 112 -5 56.088340124999995 117.65845990451626 0
118 108 -10 55.771870719999995 117.01923232313345 0
116 115 -1 56.38539858 118.28241073615129 0
114 112 -2 56.266454579999994 118.02949623026473 0
117 110 -7 55.97743199999999 117.43169722176 0
114 113 -1 56.347405124999995 118.20115136662126 0
113 112 -1 56.371353279999994 118.25231814942208 0
116 110 -6 56.04123260499999 117.56176192896137 0
115 119 4 56.710528 118.99783457792 0
114 130 16 57.414353604999995 120.70635621700013 0
121 116 -5 56.081000499999995 117.64335589577001 0
119 119 0 56.448218804999996 118.41778163573494 0
118 114 -4 56.200391679999996 117.89084424736768 0
118 110 -8 55.86931968 117.21355565740033 0
118 118 0 56.410602 118.33656770616001 0
115 114 -1 56.369947044999996 118.24930867063422 0
120 115 -5 56.11762112499999 117.71885794610125 0
116 119 3 56.600491379999994 118.75145500421354 0
116 123 7 56.86004242 119.34038319908505 0
121 118 -3 56.22056721999999 117.93305542220457 0
122 128 6 56.7766005 119.14806066927001 0
121 130 9 56.956210045 119.56586231571481 0
128 128 0 56.425954645 118.36965784135143 0
127 119 -8 55.94456818 117.36509247404634 0
127 116 -11 55.758065124999995 116.99187132092126 0
125 115 -10 55.774935219999996 117.02531136060057 0
120 121 1 56.509036044999995 118.55008250880722 0
118 121 3 56.626173205 118.80854761958604 0
124 116 -8 55.931080644999994 117.3378328044266 0
121 118 -3 56.27502311999999 118.04757271913664 0
120 116 -4 56.194616079999996 117.87878176503872 0
121 115 -6 56.039755379999995 117.55873885756249 0
120 123 3 56.653085804999996 118.86864115338544 0
119 139 20 57.594934405 121.19259663251535 0
126 115 -11 55.762669779999996 117.00099262867192 0
126 116 -10 55.770338005 117.01619264343077 0
121 113 -8 55.93557928 117.34692016652609 0
115 106 -9 55.773403124999994 117.02227189546876 0
112 113 1 56.529632019999994 118.59517362978617 0
113 110 -3 56.253580845 118.0023779328232 0
115 111 -4 56.16421280499999 117.81543752090094 0
112 110 -2 56.29497298 118.08974402265113 0
112 109 -3 56.193171405 117.87576599278833 0
114 106 -8 55.86629361999999 117.20748928328936 0
112 118 6 56.827599045 119.26525041334179 0
111 126 15 57.40396018 120.67908221785834 0
120 115 -5 56.138044044999994 117.7611199524768 0
115 120 5 56.77134321999999 119.13604208807656 0
116 118 2 56.541956125 118.62222590907626 0
120 113 -7 55.996781004999995 117.47103510460127 0
121 119 -2 56.30066178 118.10179116985609 0
118 118 0 56.442660204999996 118.40575146936098 0
121 117 -4 56.184496845 117.85767007265632 0
120 119 -1 56.378379804999994 118.26736493895145 0
119 118 -1 56.369947044999996 118.24930867063422 0
122 116 -6 56.04861407999999 117.57687611868673 0
121 126 5 56.76739700499999 119.12702823320978 0
120 127 7 56.87038337999999 119.36442805019449 0
129 128 -1 56.355867645 118.21921161851992 0
124 123 -1 56.383995445 118.27940165511453 0
127 118 -9 55.86931968 117.21355565740033 0
128 113 -15 55.475088819999996 116.43957808457625 0
123 120 -3 56.24641792 117.98731032571905 0
118 117 -1 56.36291122 118.23426066327256 0
122 121 -1 56.372759204999994 118.25532758769748 0
119 121 2 56.55971328 118.66129854369794 0
121 117 -4 56.183049999999994 117.85465387 0
123 115 -8 55.947562 117.37114919864001 0
121 123 2 56.55698482 118.65528757865576 0
119 126 7 56.897434004999994 119.42755212580678 0
125 125 0 56.41479280499999 118.34559271040158 0
123 116 -7 56.008662044999994 117.49523604157672 0
125 114 -11 55.72112744499999 116.91886522244101 0
122 112 -10 55.799406579999996 117.0739283567433 0
118 125 7 56.86262952 119.34639429575617 0
116 122 6 56.840599645 119.2953022811361 0
127 128 1 56.52551840499999 118.58615581627117 0
119 135 16 57.36213538 120.57005918928249 0
125 130 5 56.743661124999996 119.07294630443876 0
132 130 -2 56.33186152 118.16803683089985 0
130 137 7 56.83930098 119.29229702349913 0
132 141 9 56.939665919999996 119.52676867485697 0
140 145 5 56.699884479999994 118.9737989644749 0
139 139 0 56.42874200499999 118.37567377959229 0
143 132 -11 55.831404805 117.13769770393358 0
141 129 -12 55.764204045 117.0040328476693 0
137 135 -2 56.337518079999995 118.18007910019074 0
132 129 -3 56.29070312499999 118.08070814453126 0
138 130 -8 55.980412179999995 117.4377501306297 0
133 132 -1 56.403611125 118.32152531175126 0
132 131 -1 56.358686004999996 118.22523136221878 0
136 130 -6 56.11031249999999 117.70376109375002 0
133 136 3 56.624824319999995 118.80554284670977 0
133 143 10 56.968900645 119.5959379041491 0
139 136 -3 56.29212672 118.08372015353856 0
140 132 -8 55.990833044999995 117.4589326505038 0
137 130 -7 56.0515645 117.58292125291001 0
135 127 -8 55.987857205 117.45288092246454 0
134 131 -3 56.276450125 118.05058528553376 0
132 126 -6 56.091273805 117.66450099731745 0
134 127 -7 56.035321845 117.5496691735087 0
130 131 1 56.48284768 118.49295917255168 0
129 125 -4 56.210487044999994 117.91195128098829 0
134 122 -12 55.72267007999999 116.9219084244173 0
129 132 3 56.63291298 118.82357133426889 0
125 135 10 57.006786444999996 119.68618496465601 0
136 132 -4 56.198948245 117.88782871745862 0
131 126 -5 56.113236879999995 117.70980004454849 0
131 124 -7 56.039755379999995 117.55873885756249 0
130 122 -8 55.950554579999995 117.3772055697953 0
128 126 -2 56.30066178 118.10179116985609 0
126 120 -6 56.070712005 117.62220718722477 0
128 122 -6 56.05451368 117.58896607957568 0
125 126 1 56.47178751999999 118.46890434678785 0
124 121 -3 56.26359592 118.02347031461697 0
128 120 -8 55.91155431999999 117.29844480166977 0
124 133 9 56.94730817999999 119.5448112636737 0
123 126 3 56.611318419999996 118.77549452098697 0
136 132 -4 56.184496845 117.85767007265632 0
126 123 -3 56.24355058 117.98128289949929 0
128 125 -3 56.282155044999996 118.0626350378498 0
128 123 -5 56.129298805 117.74300930356759 0
126 128 2 56.570614719999995 118.68534168787457 0
127 123 -4 56.20616232 117.90290576688577 0
130 122 -8 55.926579219999994 117.32874463086857 0
127 121 -6 56.083937279999994 117.64939771895808 0
124 119 -5 56.149687005 117.78526372606024 0
125 117 -8 55.926579219999994 117.32874463086857 0
123 127 4 56.67586401999999 118.91971842886986 0
121 128 7 56.865215379999995 119.35240546895753 0
129 132 3 56.600491379999994 118.75145500421354 0
125 124 -1 56.347405124999995 118.20115136662126 0
130 122 -8 55.93557928 117.34692016652609 0
128 128 0 56.43292072 118.38469743390657 0
124 129 5 56.743661124999996 119.07294630443876 0
131 121 -10 55.842040499999996 117.15894418233 0
129 123 -6 56.089807119999996 117.66148048723137 0
125 127 2 56.56107704499999 118.6643039987958 0
125 116 -9 55.867806804999994 117.21052251886694 0
130 116 -14 55.540078124999994 116.56504587890626 0
122 124 2 56.591001444999996 118.73041973103902 0
118 129 11 57.123688605 119.96919887725738 0
127 123 -4 56.180155379999995 117.84862127809754 0
124 115 -9 55.8723445 117.21962164399001 0
123 113 -10 55.782591045 117.04050708394222 0
120 111 -9 55.867806804999994 117.21052251886694 0
116 118 2 56.54058802 118.61922018388185 0
115 111 -4 56.151140979999994 117.78828139943913 0
120 112 -8 55.888958845 117.25297770187032 0
115 114 -1 56.345993619999994 118.19814117405065 0
113 112 -1 56.375570124999996 118.26134634336626 0
116 111 -5 56.12784017999999 117.73999062432169 0
115 131 16 57.386582004999994 120.63364197419477 0
115 137 22 57.75173088 121.63587083048449 0
133 120 -13 55.64671640499999 116.77265588552918 0
121 120 -1 56.372759204999994 118.25532758769748 0
118 118 0 56.43152812499999 118.38168958265626 0
120 114 -6 56.008662044999994 117.49523604157672 0
118 121 3 56.615373444999996 118.784509137257 0
118 114 -4 56.172913404999996 117.83353870225368 0
123 111 -12 55.652944604999995 116.78485036331914 0
118 112 -6 56.064826045 117.61012056981531 0
114 110 -4 56.172913404999996 117.83353870225368 0
115 109 -6 56.035321845 117.5496691735087 0
114 116 2 56.57333697999999 118.69135230147512 0
113 115 2 56.57333697999999 118.69135230147512 0
118 117 -1 56.386801405 118.28541977831418 0
115 119 4 56.70121600499999 118.97680341858629 0
118 113 -5 56.13367282 117.75206493273177 0
121 108 -13 55.532180499999996 116.54975701493001 0
118 112 -6 56.055987804999994 117.59198837798408 0
113 109 -4 56.172913404999996 117.83353870225368 0
114 105 -9 55.79787944499999 117.07089058458251 0
113 106 -7 55.975941445 117.42867063978349 0
110 106 -4 56.116160019999995 117.71583871531784 0
109 106 -3 56.21480898 117.92099626383289 0
109 115 6 56.80804001999999 119.22017531825784 0
109 121 12 57.245045604999994 120.27079528689438 0
114 117 3 56.620775804999994 118.79652846525208 0
113 108 -5 56.06335378 117.60709872733594 0
116 106 -10 55.725754419999994 116.92799449070105 0
113 106 -7 55.931080644999994 117.3378328044266 0
110 111 1 56.478702444999996 118.483938822924 0
109 104 -5 56.085405205 117.65241852054348 0
112 104 -8 55.864780124999996 117.20445595050376 0
109 106 -3 56.20616232 117.90290576688577 0
107 105 -2 56.282155044999996 118.0626350378498 0
108 104 -4 56.13658727999999 117.75810168000193 0
108 110 2 56.591001444999996 118.73041973103902 0
107 113 6 56.85486449999999 119.32836123009001 0
111 114 3 56.628870045 118.8145571349073 0
111 106 -5 56.10006740499999 117.68262254180019 0
113 103 -10 55.682460819999996 116.84274809520777 0
112 102 -10 55.72267007999999 116.9219084244173 0
108 104 -4 56.14241248 117.77017436722689 0
106 101 -5 56.039755379999995 117.55873885756249 0
107 103 -4 56.135130204999996 117.75508334014154 0
105 104 -1 56.371353279999994 118.25231814942208 0
105 105 0 56.39381088 118.30046441175553 0
106 102 -4 56.108849844999995 117.7007415129302 0
106 109 3 56.6705125 118.90770038375001 0
106 107 1 56.491129779999994 118.51099913633193 0
110 106 -4 56.140956644999996 117.76715629592542 0
108 107 -1 56.353048044999994 118.2131917055613 0
108 106 -2 56.29070312499999 118.08070814453126 0
110 105 -5 56.06924098 117.61918564542088 0
109 113 4 56.69855264499999 118.97079450917742 0
108 108 0 56.40500992 118.32453386346496 0
114 111 -3 56.22056721999999 117.93305542220457 0
110 111 1 56.47178751999999 118.46890434678785 0
111 108 -3 56.24641792 117.98731032571905 0
113 110 -3 56.24641792 117.98731032571905 0
111 134 23 57.806373519999994 121.79554461195585 0
113 113 0 56.450996245 118.4237965292654 0
130 112 -18 55.285138319999994 116.07713692243777 0
118 129 11 57.113846124999995 119.94509625358626 0
109 118 9 57.035643279999995 119.7553970915821 0
127 111 -16 55.407974079999995 116.31080859811328 0
119 113 -6 56.010145779999995 117.4982607895921 0
112 108 -4 56.140956644999996 117.76715629592542 0
113 107 -6 56.026446404999994 117.53152767629668 0
113 113 0 56.42874200499999 118.37567377959229 0
110 113 3 56.61672449999999 118.78751398611001 0
114 110 -4 56.18160284499999 117.8516376052017 0
113 124 11 57.155539645 120.0475562875436 0
113 132 19 57.581666125 121.15603104888626 0
127 117 -10 55.79787944499999 117.07089058458251 0
119 119 0 56.46209360499999 118.44785486959763 0
117 115 -2 56.3262 118.15599384000001 0
119 110 -9 55.79787944499999 117.07089058458251 0
118 116 -2 56.319116124999994 118.14093907063626 0
115 114 -1 56.353048044999994 118.2131917055613 0
118 119 1 56.47317112499999 118.47191129878877 0
115 116 1 56.509036044999995 118.55008250880722 0
118 118 0 56.43570498 118.39071303666313 0
118 119 1 56.50490848 118.54106364646913 0
119 129 10 57.073036179999995 119.84570700976569 0
121 136 15 57.30574402 120.42486651980985 0
128 124 -4 56.201834805 117.89385971710108 0
127 124 -3 56.244984405 117.98429664015718 0
124 129 5 56.722478245 119.0248746567714 0
124 120 -4 56.183049999999994 117.85465387 0
131 129 -2 56.327615845 118.15900465594932 0
125 122 -3 56.257874879999996 118.0114178464205 0
128 130 2 56.544691404999995 118.62823729855585 0
125 127 2 56.54879199999999 118.63725423296 0
127 125 -2 56.33610440499999 118.17706859994534 0
128 125 -3 56.25644384499999 118.00840459572782 0
126 137 11 57.086677005 119.87883086057728 0
128 133 5 56.737049999999996 119.05792383000001 0
138 131 -7 56.06040831999999 117.60105481547777 0
130 125 -5 56.12784017999999 117.73999062432169 0
129 124 -5 56.124922 117.73395306056001 0
130 119 -11 55.74731008 116.97058445238272 0
127 126 -1 56.403611125 118.32152531175126 0
123 121 -2 56.306345619999995 118.11383753777338 0
128 119 -9 55.84811121999999 117.17108282726744 0
124 121 -3 56.23781217999999 117.96922738263032 0
120 119 -1 56.371353279999994 118.25231814942208 0
123 120 -3 56.23781217999999 117.96922738263032 0
122 124 2 56.58421362 118.71539410542937 0
122 134 12 57.135963804999996 119.99933194132008 0
126 122 -4 56.197504499999994 117.88481312721001 0
130 121 -9 55.90101844499999 117.27722943959199 0
124 119 -5 56.13367282 117.75206493273177 0
121 118 -3 56.213368644999996 117.91798132830692 0
122 117 -5 56.143868004999995 117.77319237179827 0
121 114 -7 55.950554579999995 117.3772055697953 0
121 117 -4 56.161310125 117.80940328135375 0
118 118 0 56.452384499999994 118.42680392919002 0
119 117 -2 56.33186152 118.16803683089985 0
120 116 -4 56.143868004999995 117.77319237179827 0
119 130 11 57.105217679999996 119.92400917712833 0
119 131 12 57.131057444999996 119.987278068589 0
132 119 -13 55.63424512499999 116.74826112874126 0
123 118 -5 56.102996125 117.68866248302376 0
118 116 -2 56.30918568 118.11986043277633 0
119 115 -4 56.145323219999995 117.77621030980345 0
118 116 -2 56.28643047999999 118.07167181773889 0
118 114 -4 56.16421280499999 117.81543752090094 0
118 119 1 56.500778125 118.53204456109376 0
117 116 -1 56.396612499999996 118.30648199875 0
120 115 -5 56.126381245 117.73697187670712 0
118 113 -5 56.123462444999994 117.7309341757165 0
117 122 5 56.75817832 119.10599614851778 0
117 128 11 57.089153124999996 119.88485399828126 0
124 118 -6 56.032364605 117.54362232428664 0
122 115 -7 55.95952488 117.39537257573953 0
119 114 -5 56.13658727999999 117.75810168000193 0
117 111 -6 56.02052324499999 117.5194317535064 0
116 116 0 56.446829619999995 118.41477414180137 0
115 111 -4 56.135130204999996 117.75508334014154 0
118 115 -3 56.24355058 117.98128289949929 0
114 117 3 56.647713204999995 118.85662271005148 0
115 115 0 56.43848799999999 118.39672850752001 0
118 114 -4 56.145323219999995 117.77621030980345 0
117 125 8 56.94221458 119.53278275352473 0
117 130 13 57.237851604999996 120.25268155361965 0
127 117 -10 55.819231124999995 117.11340995245126 0
122 123 1 56.495266644999994 118.52001875933291 0
118 117 -1 56.369947044999996 118.24930867063422 0
121 116 -5 56.108849844999995 117.7007415129302 0
121 120 -1 56.344581805 118.19513093801808 0
117 113 -4 56.165663679999994 117.81845454418433 0
122 114 -8 55.941573119999994 117.35903539470337 0
117 119 2 56.536481845 118.61020288451382 0
116 118 2 56.547425444999995 118.6342486079155 0
120 117 -3 56.222006005 117.93607006668374 0
119 126 7 56.87941544499999 119.385468348123 0
119 132 13 57.233049404999996 120.24060710270967 0
127 122 -5 56.1395005 117.76413815773 0
125 123 -2 56.327615845 118.15900465594932 0
122 121 -1 56.350227204999996 118.20717162203204 0
123 120 -3 56.227758044999995 117.94812806906123 0
124 123 -1 56.355867645 118.21921161851992 0
122 120 -2 56.330446605 118.16502615123538 0
125 121 -4 56.197504499999994 117.88481312721001 0
123 121 -2 56.333276125 118.17104746546376 0
123 120 -3 56.244984405 117.98429664015718 0
124 120 -4 56.165663679999994 117.81845454418433 0
123 129 6 56.822390125 119.25323008723376 0
122 135 13 57.198085119999995 120.15309912203264 0
130 129 -1 56.371353279999994 118.25231814942208 0
128 124 -4 56.207604204999996 117.90592099755504 0
127 122 -5 56.123462444999994 117.7309341757165 0
126 120 -6 56.047138405 117.57385343583134 0
125 121 -4 56.18594338 117.86068621333449 0
123 121 -2 56.329031379999996 118.16201542630648 0
124 122 -2 56.287855005 118.07468397679528 0
124 121 -3 56.269312 118.03552193536001 0
123 121 -2 56.32053352 118.14395011700417 0
124 123 -1 56.368540499999995 118.24629915117 0
123 131 8 56.885857619999996 119.40049776696264 0
125 132 7 56.87038337999999 119.36442805019449 0
130 122 -8 55.925078125 117.32571505859376 0
129 126 -3 56.239247244999994 117.9722413453109 0
124 123 -1 56.35163777999999 118.21018168519993 0
126 120 -6 56.06188120499999 117.60407680927804 0
126 127 1 56.50490848 118.54106364646913 0
122 122 0 56.453772445 118.42981129810602 0
129 124 -5 56.124922 117.73395306056001 0
124 122 -2 56.32336737999999 118.14997207066952 0
123 123 0 56.439879045 118.39973619389572 0
125 120 -5 56.149687005 117.78526372606024 0
125 132 7 56.852273679999996 119.32235035514432 0
124 133 9 56.981560245 119.62601676587741 0
133 128 -5 56.16711424499999 117.8214715033594 0
128 126 -2 56.33186152 118.16803683089985 0
126 123 -3 56.24641792 117.98731032571905 0
129 121 -8 55.94007512499999 117.35600672159126 0
126 126 0 56.444050319999995 118.40875905877824 0
124 120 -4 56.204720124999994 117.89989047669626 0
128 122 -6 56.079531644999996 117.6403348738396 0
123 123 0 56.40780658 118.33055085731672 0
122 121 -1 56.38539858 118.28241073615129 0
125 121 -4 56.16421280499999 117.81543752090094 0
123 127 4 56.68655217999999 118.94375433108969 0
123 134 11 57.084199645 119.87280791541642 0
128 122 -6 56.03679999999999 117.55269248 0
130 122 -8 55.97743199999999 117.43169722176 0
123 121 -2 56.307765804999995 118.11684900921794 0
121 120 -1 56.355867645 118.21921161851992 0
123 124 1 56.493888 118.51701224448001 0
122 120 -2 56.333276125 118.17104746546376 0
126 125 -1 56.38539858 118.28241073615129 0
123 127 4 56.70121600499999 118.97680341858629 0
125 122 -3 56.222006005 117.93607006668374 0
127 127 0 56.423166044999995 118.3636417666228 0
123 131 8 56.902571005 119.43957689066873 0
127 139 12 57.143314045 120.01741439439931 0
130 125 -5 56.15985832 117.80638606476225 0
135 122 -13 55.680910125 116.83970190783376 0
128 120 -8 55.925078125 117.32571505859376 0
122 122 0 56.41618912 118.34860097406465 0
121 125 4 56.657112 118.87765491264001 0
124 117 -7 55.996781004999995 117.47103510460127 0
126 121 -5 56.105923604999994 117.69470213963014 0
121 122 1 56.47178751999999 118.46890434678785 0
121 121 0 56.44960767999999 118.42078909816833 0
123 120 -3 56.266454579999994 118.02949623026473 0
122 125 3 56.593714405 118.73642987892468 0
123 131 8 56.915391805 119.46964052061944 0
126 124 -2 56.29924004499999 118.09877945652272 0
129 123 -6 56.044186124999996 117.56780783781376 0
125 120 -5 56.145323219999995 117.77621030980345 0
123 115 -8 55.937078205 117.34994910766648 0
123 120 -3 56.21768872 117.92702595943744 0
119 115 -4 56.161310125 117.80940328135375 0
121 116 -5 56.11031249999999 117.70376109375002 0
118 119 1 56.495266644999994 118.52001875933291 0
117 118 1 56.50490848 118.54106364646913 0
121 117 -4 56.18594338 117.86068621333449 0
119 124 5 56.72645607999999 119.0338880392813 0
119 123 4 56.67318888 118.9137094152365 0
125 120 -5 56.148232719999996 117.78224598677056 0
122 113 -9 55.849628124999995 117.17411724015626 0
121 110 -11 55.72883752 116.93408010785217 0
118 112 -6 56.047138405 117.57385343583134 0
113 119 6 56.827599045 119.26525041334179 0
114 111 -3 56.216249004999995 117.92401114082178 0
119 113 -6 56.047138405 117.57385343583134 0
114 114 0 56.450996245 118.4237965292654 0
113 113 0 56.403611125 118.32152531175126 0
116 111 -5 56.105923604999994 117.69470213963014 0
115 120 5 56.772658005 119.13904672147174 0
114 127 13 57.218613045 120.20439021673371 0
122 116 -6 56.042709519999995 117.56478492232385 0
119 114 -5 56.07806247999999 117.63731377813312 0
117 112 -5 56.13075712 117.74602791460865 0
115 111 -4 56.172913404999996 117.83353870225368 0
114 116 2 56.574697645 118.6943575833101 0
114 111 -3 56.22056721999999 117.93305542220457 0
118 110 -8 55.870832244999995 117.2165886990534 0
114 112 -2 56.287855005 118.07468397679528 0
112 109 -3 56.20904578 117.90893616886792 0
114 107 -7 55.97743199999999 117.43169722176 0
112 119 7 56.897434004999994 119.42755212580678 0
110 123 13 57.26775298 120.32817210232889 0
121 115 -6 56.026446404999994 117.53152767629668 0
115 111 -4 56.16421280499999 117.81543752090094 0
114 111 -3 56.198948245 117.88782871745862 0
114 110 -4 56.126381245 117.73697187670712 0
113 114 1 56.484228805 118.49596590073509 0
113 110 -3 56.211928 117.91496633408 0
115 109 -6 56.039755379999995 117.55873885756249 0
112 112 0 56.43431300499999 118.38770525185424 0
111 110 -1 56.36572647999999 118.24027998955714 0
114 108 -6 56.050089445 117.579898724325 0
112 117 5 56.791032445 119.18111248531352 0
111 118 7 56.869091845 119.36142237512132 0
119 116 -3 56.232068819999995 117.95717097111626 0
114 111 -3 56.239247244999994 117.9722413453109 0
115 113 -2 56.30066178 118.10179116985609 0
115 111 -4 56.132215125 117.74904645760876 0
115 115 0 56.42734848 118.37266582745089 0
114 109 -5 56.10446002 117.69168234682218 0
116 110 -6 56.026446404999994 117.53152767629668 0
113 112 -1 56.378379804999994 118.26736493895145 0
111 108 -3 56.198948245 117.88782871745862 0
114 108 -6 56.02792642 117.53455145739704 0
111 129 18 57.56390564499999 121.1073031602141 0
110 128 18 57.58609384499999 121.16821768622471 0
133 118 -15 55.50209884499999 116.49162892426281 0
117 114 -3 56.25501249999999 118.00539129125 0
112 111 -1 56.375570124999996 118.26134634336626 0
116 113 -3 56.22344448 117.93908465344514 0
113 114 1 56.531002605 118.59817952374114 0
115 108 -7 55.920572979999996 117.31662579620888 0
116 109 -7 55.934080044999995 117.34389113571521 0
112 110 -2 56.28927922 118.07769608567145 0
110 110 0 56.398012845 118.30949073582082 0
112 109 -3 56.22056721999999 117.93305542220457 0
111 116 5 56.777914044999996 119.15106533495322 0
111 119 8 56.96382812499999 119.58390728515626 0
117 115 -2 56.32053352 118.14395011700417 0
116 108 -8 55.89348352 117.26207280963584 0
115 105 -10 55.767271644999994 117.01011296126792 0
112 107 -5 56.06040831999999 117.60105481547777 0
109 111 2 56.56380364499999 118.67031485496442 0
109 109 0 56.43152812499999 118.38168958265626 0
112 108 -4 56.156953779999995 117.80035143712409 0
110 107 -3 56.22919528 117.95114242659008 0
110 108 -2 56.27930320499999 118.05661026401854 0
110 106 -4 56.172913404999996 117.83353870225368 0
110 114 4 56.734403379999996 119.05191486518552 0
109 123 14 57.35512552 120.55189968410818 0
116 112 -4 56.143868004999995 117.77319237179827 0
115 110 -5 56.06924098 117.61918564542088 0
113 109 -4 56.126381245 117.73697187670712 0
110 110 0 56.41339617999999 118.3425844113057 0
110 112 2 56.56107704499999 118.6643039987958 0
112 108 -4 56.140956644999996 117.76715629592542 0
113 109 -4 56.175811124999996 117.83957192131126 0
111 110 -1 56.391008019999994 118.29444667319817 0
111 108 -3 56.216249004999995 117.92401114082178 0
112 108 -4 56.151140979999994 117.78828139943913 0
111 114 3 56.63695312499999 118.83258544921875 0
110 118 8 56.94858080499999 119.54781846566958 0
115 114 -1 56.371353279999994 118.25231814942208 0
115 113 -2 56.307765804999995 118.11684900921794 0
114 110 -4 56.18738960499999 117.86370229219838 0
115 110 -5 56.067769645 117.61616402869392 0
114 112 -2 56.287855005 118.07468397679528 0
112 109 -3 56.198948245 117.88782871745862 0
114 108 -6 55.98339111999999 117.44380270048065 0
112 109 -3 56.19606044499999 117.88179747645799 0
110 109 -1 56.382591999999995 118.27639253504 0
111 108 -3 56.2263205 117.94511365447 0
111 118 7 56.874256124999995 119.37344519676375 0
110 109 -1 56.334690419999994 118.17405805509097 0
119 109 -10 55.777998479999994 117.03138996990913 0
111 111 0 56.41339617999999 118.3425844113057 0
109 109 0 56.43848799999999 118.39672850752001 0
112 107 -5 56.10738687999999 117.69772186161153 0
111 111 0 56.463479379999995 118.45086202604153 0
110 109 -1 56.369947044999996 118.24930867063422 0
113 118 5 56.770028124999996 119.13303746234376 0
111 117 6 56.82499520499999 119.25924022152654 0
118 109 -9 55.843558644999995 117.16197899289942 0
115 109 -6 56.035321845 117.5496691735087 0
111 118 7 56.866507845 119.3554110846667 0
111 115 4 56.719824804999995 119.01886574336893 0
119 118 -1 56.396612499999996 118.30648199875 0
114 112 -2 56.29924004499999 118.09877945652272 0
117 116 -1 56.338931445 118.183089555991 0
116 112 -4 56.168564499999995 117.82448839859 0
115 122 7 56.87683640499999 119.37945673057334 0
115 118 3 56.601845845 118.75445998868071 0
122 116 -6 56.038277844999996 117.55571570796332 0
117 119 2 56.56107704499999 118.6643039987958 0
115 117 2 56.571976004999996 118.68834700305123 0
121 113 -8 55.891975605 117.25904120152438 0
119 125 6 56.780540204999994 119.15707469192847 0
115 124 9 57.01809778 119.71326548885993 0
126 124 -2 56.333276125 118.17104746546376 0
120 118 -2 56.319116124999994 118.14093907063626 0
120 115 -5 56.13367282 117.75206493273177 0
121 115 -6 56.06335378 117.60709872733594 0
117 120 3 56.61402208 118.78150427689474 0
117 114 -3 56.26359592 118.02347031461697 0
121 119 -2 56.33610440499999 118.17706859994534 0
117 120 3 56.600491379999994 118.75145500421354 0
118 117 -1 56.358686004999996 118.22523136221878 0
120 115 -5 56.132215125 117.74904645760876 0
118 126 8 56.95239682 119.55684025297977 0
117 130 13 57.225836805 120.22249745703694 0
128 119 -9 55.907040804999994 117.28935306066708 0
123 120 -3 56.277876819999996 118.05359780043977 0
118 123 5 56.77922728 119.15407000911809 0
120 118 -2 56.327615845 118.15900465594932 0
125 123 -2 56.341757245 118.18911033491162 0
120 119 -1 56.341757245 118.18911033491162 0
123 125 2 56.54058802 118.61922018388185 0
121 122 1 56.49802300499999 118.52603171141578 0
123 121 -2 56.330446605 118.16502615123538 0
123 119 -4 56.191726419999995 117.87275015954296 0
121 132 11 57.073036179999995 119.84570700976569 0
121 130 9 56.997971379999996 119.66512444916648 0
132 128 -4 56.191726419999995 117.87275015954296 0
125 121 -4 56.175811124999996 117.83957192131126 0
123 120 -3 56.27502311999999 118.04757271913664 0
124 117 -7 55.989345279999995 117.45590682836993 0
121 121 0 56.453772445 118.42981129810602 0
120 122 2 56.574697645 118.6943575833101 0
122 122 0 56.43431300499999 118.38770525185424 0
122 123 1 56.484228805 118.49596590073509 0
122 120 -2 56.330446605 118.16502615123538 0
123 122 -1 56.379784179999994 118.27037417712233 0
122 129 7 56.881993245 119.39148005072363 0
123 136 13 57.175036125 120.09579530562377 0
129 128 -1 56.400812605 118.31550809792888 0
130 124 -6 56.0515645 117.58292125291001 0
126 124 -2 56.32336737999999 118.14997207066952 0
123 121 -2 56.327615845 118.15900465594932 0
125 124 -1 56.37416481999999 118.25833698562425 0
124 122 -2 56.2835805 118.06564734843 0
124 122 -2 56.32053352 118.14395011700417 0
123 124 1 56.515909119999996 118.56511346241537 0
122 116 -6 56.07365312499999 117.62825004671876 0
125 119 -6 56.042709519999995 117.56478492232385 0
119 126 7 56.84449377999999 119.30431815278409 0
118 135 17 57.46024280499999 120.82766682307094 0
126 122 -4 56.194616079999996 117.87878176503872 0
128 124 -4 56.21768872 117.92702595943744 0
121 122 1 56.518656179999994 118.57112567841433 0
120 115 -5 56.10006740499999 117.68262254180019 0
124 118 -6 56.075123219999995 117.63127136473656 0
117 116 -1 56.34881632 118.20416151589377 0
118 118 0 56.41479280499999 118.34559271040158 0
118 116 -2 56.29070312499999 118.08070814453126 0
118 112 -6 56.042709519999995 117.56478492232385 0
118 116 -2 56.30918568 118.11986043277633 0
114 123 9 57.034392045 119.75238742749922 0
117 129 12 57.14576164499999 120.02344232239793 0
122 122 0 56.423166044999995 118.3636417666228 0
123 119 -4 56.168564499999995 117.82448839859 0
120 114 -6 56.053039244999994 117.58594370460563 0
118 113 -5 56.11031249999999 117.70376109375002 0
117 119 2 56.582855124999995 118.71238893512876 0
115 114 -1 56.391008019999994 118.29444667319817 0
121 114 -7 55.98339111999999 117.44380270048065 0
116 117 1 56.495266644999994 118.52001875933291 0
114 115 1 56.52826112499999 118.59216771399876 0
118 116 -2 56.272168179999994 118.04154743121369 0
117 127 10 57.026878124999996 119.73433030359377 0
116 130 14 57.292720405 120.39161909981318 0
127 121 -6 56.094206244999995 117.6705418002579 0
122 126 4 56.67987440499999 118.92873191871284 0
119 119 0 56.446829619999995 118.41477414180137 0
124 116 -8 55.91907064499999 117.31359585968092 0
122 123 1 56.52414657999999 118.5831498340033 0
116 120 4 56.685217245 118.94074985491912 0
124 122 -2 56.31769842 118.13792797769305 0
120 125 5 56.73307960499999 119.04891038747164 0
120 124 4 56.71451420499999 119.00684793051498 0
125 120 -5 56.11908192 117.72187710736897 0
124 127 3 56.643680499999995 118.84760879857001 0
121 134 13 57.204132044999994 120.1681828106608 0
127 125 -2 56.32053352 118.14395011700417 0
129 123 -6 56.067769645 117.61616402869392 0
123 121 -2 56.32336737999999 118.14997207066952 0
121 120 -1 56.389606125 118.29143774667375 0
123 127 4 56.68655217999999 118.94375433108969 0
122 121 -1 56.39941288 118.3124994354925 0
127 126 -1 56.383995445 118.27940165511453 0
122 127 5 56.73969538 119.06393280842249 0
123 126 3 56.60726060499999 118.76647979670938 0
127 124 -3 56.2263205 117.94511365447 0
125 133 8 56.881993245 119.39148005072363 0
124 138 14 57.24863841999999 120.27985308872697 0
132 134 2 56.54332391999999 118.62523161391297 0
132 130 -2 56.333276125 118.17104746546376 0
130 129 -1 56.39381088 118.30046441175553 0
129 123 -6 56.064826045 117.61012056981531 0
130 127 -3 56.280729279999996 118.05962267643393 0
125 123 -2 56.307765804999995 118.11684900921794 0
127 125 -2 56.3120245 118.12588313689001 0
124 122 -2 56.32336737999999 118.14997207066952 0
123 120 -3 56.22056721999999 117.93305542220457 0
124 121 -3 56.276450125 118.05058528553376 0
120 123 3 56.60861351999999 118.76948471707584 0
122 128 6 56.78841124499999 119.1751029795229 0
123 125 2 56.531002605 118.59817952374114 0
126 120 -6 56.067769645 117.61616402869392 0
124 119 -5 56.089807119999996 117.66148048723137 0
120 114 -6 56.04123260499999 117.56176192896137 0
120 122 2 56.588287245 118.7244095253184 0
117 119 2 56.55425511999999 118.64927653939264 0
122 120 -2 56.333276125 118.17104746546376 0
118 121 3 56.61672449999999 118.78751398611001 0
118 118 0 56.420376205 118.35762555409553 0
122 118 -4 56.175811124999996 117.83957192131126 0
119 127 8 56.912830125 119.46362759306626 0
119 132 13 57.24145 120.26173811000001 0
127 123 -4 56.17725951999999 117.84258843631616 0
126 122 -4 56.22056721999999 117.93305542220457 0
120 121 1 56.46901937999999 118.46289035647848 0
120 118 -2 56.29070312499999 118.08070814453126 0
122 124 2 56.558349205 118.65829307037254 0
119 119 0 56.46209360499999 118.44785486959763 0
124 116 -8 55.952050404999994 117.38023362324319 0
120 120 0 56.41339617999999 118.3425844113057 0
116 120 4 56.71451420499999 119.00684793051498 0
120 122 2 56.55425511999999 118.64927653939264 0
121 125 4 56.70520872 118.98581677544257 0
121 132 11 57.12 119.96016 0
125 121 -4 56.190281125 117.86973426513876 0
129 124 -5 56.113236879999995 117.70980004454849 0
121 121 0 56.446829619999995 118.41477414180137 0
120 123 3 56.611318419999996 118.77549452098697 0
122 124 2 56.570614719999995 118.68534168787457 0
122 124 2 56.588287245 118.7244095253184 0
124 124 0 56.4245605 118.36664982113001 0
124 124 0 56.43013522 118.37868169793946 0
124 119 -5 56.151140979999994 117.78828139943913 0
124 125 1 56.46763484499999 118.45988331784233 0
121 133 12 57.122459379999995 119.96618586533849 0
124 138 14 57.26298177999999 120.31609063392393 0
129 127 -2 56.31628040499999 118.13491683801068 0
131 128 -3 56.23637680499999 117.96621336403445 0
124 123 -1 56.37697512 118.26435566108736 0
125 122 -3 56.26359592 118.02347031461697 0
124 127 3 56.61807524499999 118.79051882361762 0
122 121 -1 56.382591999999995 118.27639253504 0
127 120 -7 56.005693644999994 117.4891863004581 0
122 122 0 56.46209360499999 118.44785486959763 0
119 121 2 56.55288980499999 118.64627099151858 0
123 119 -4 56.16711424499999 117.8214715033594 0
121 122 1 56.48975020499999 118.50799254270905 0
119 130 11 57.094101644999995 119.8969008565621 0
122 121 -1 56.39381088 118.30046441175553 0
128 122 -6 56.086872819999996 117.65543924900825 0
121 122 1 56.51041128 118.5530887474541 0
119 117 -2 56.29355000499999 118.08673211285723 0
123 121 -2 56.29781799999999 118.09576769432002 0
118 114 -4 56.175811124999996 117.83957192131126 0
120 116 -4 56.148232719999996 117.78224598677056 0
117 118 1 56.503532005 118.53805730967774 0
114 117 3 56.61807524499999 118.79051882361762 0
119 117 -2 56.28643047999999 118.07167181773889 0
117 122 5 56.772658005 119.13904672147174 0
117 129 12 57.16407912 120.06865901305537 0
122 121 -1 56.344581805 118.19513093801808 0
125 121 -4 56.16711424499999 117.8214715033594 0
119 118 -1 56.364319005 118.23727034708074 0
118 115 -3 56.250716604999994 117.99635105346714 0
119 114 -5 56.135130204999996 117.75508334014154 0
116 115 -1 56.345993619999994 118.19814117405065 0
116 114 -2 56.29070312499999 118.08070814453126 0
116 117 1 56.48146624499999 118.48995241696463 0
115 117 2 56.571976004999996 118.68834700305123 0
117 115 -2 56.306345619999995 118.11383753777338 0
117 123 6 56.80804001999999 119.22017531825784 0
115 127 12 57.19081858 120.13500077442873 0
123 121 -2 56.29781799999999 118.09576769432002 0
122 118 -4 56.200391679999996 117.89084424736768 0
118 118 0 56.44126978 118.40274384778809 0
117 115 -2 56.319116124999994 118.14093907063626 0
119 123 4 56.65845344499999 118.88065948598052 0
117 116 -1 56.37697512 118.26435566108736 0
122 116 -6 56.02496608 117.52850381552129 0
117 115 -2 56.280729279999996 118.05962267643393 0
113 115 2 56.59778152 118.74544499518018 0
116 114 -2 56.33186152 118.16803683089985 0
116 121 5 56.74233952 119.06994180176385 0
116 128 12 57.198085119999995 120.15309912203264 0
120 117 -3 56.23781217999999 117.96922738263032 0
124 116 -8 55.937078205 117.34994910766648 0
116 114 -2 56.280729279999996 118.05962267643393 0
113 114 1 56.52414657999999 118.5831498340033 0
115 116 1 56.529632019999994 118.59517362978617 0
115 112 -3 56.203277619999994 117.89687512682265 0
117 113 -4 56.184496845 117.85767007265632 0
113 115 2 56.5351125 118.60719707625 0
113 112 -1 56.368540499999995 118.24629915117 0
116 112 -4 56.183049999999994 117.85465387 0
113 120 7 56.897434004999994 119.42755212580678 0
113 122 9 57.006786444999996 119.68618496465601 0
121 117 -4 56.154047999999996 117.79431654912001 0
118 107 -11 55.684011205 116.84579416571054 0
115 113 -2 56.304925125 118.11082601827876 0
110 113 3 56.620775804999994 118.79652846525208 0
111 115 4 56.725130445 119.03088357657202 0
113 109 -4 56.149687005 117.78526372606024 0
114 112 -2 56.3262 118.15599384000001 0
112 112 0 56.444050319999995 118.40875905877824 0
111 109 -2 56.259305604999994 118.01443104349188 0
113 108 -5 56.075123219999995 117.63127136473656 0
