87 76 -11 56.677201124999996 118.92272292940126 0
88 79 -9 56.884569805 119.39749183968608 0
86 72 -14 56.33186152 118.16803683089985 0
87 75 -12 56.539219605 118.61621443816588 0
86 75 -11 56.634260005 118.82657604841279 0
85 76 -9 56.815872 119.23820499456001 0
86 75 -11 56.647713204999995 118.85662271005148 0
85 79 -6 57.13473767999999 119.99631839151169 0
86 85 -1 57.550533204999994 121.07077654378854 0
87 78 -9 56.86004242 119.34038319908505 0
89 76 -13 56.47178751999999 118.46890434678785 0
86 75 -11 56.67987440499999 118.92873191871284 0
86 75 -11 56.666495604999994 118.89868680017814 0
86 79 -7 57.034392045 119.75238742749922 0
86 76 -10 56.783165125 119.16308408414126 0
87 76 -11 56.690555124999996 118.95276774330875 0
86 76 -10 56.756860124999996 119.10299159039626 0
86 77 -9 56.81978380499999 119.24722000915258 0
86 74 -12 56.578777779999996 118.70337333092009 0
86 82 -4 57.3010125 120.41277547125001 0
86 85 -1 57.60265362 121.21393446833065 0
88 86 -2 57.48980480499999 120.90660350727109 0
88 80 -8 56.9320125 119.50872712875001 0
88 79 -9 56.845791205 119.30732347679198 0
89 78 -11 56.68121058 118.93173640782072 0
87 80 -7 57.079241204999995 119.86076259748054 0
87 78 -9 56.86004242 119.34038319908505 0
88 79 -9 56.86262952 119.34639429575617 0
87 76 -11 56.70786898 118.99182567708712 0
87 78 -9 56.85745408 119.3343721776333 0
87 75 -12 56.56789121999999 118.67933100660744 0
86 83 -3 57.418964845 120.71848040616482 0
86 89 3 57.91617424499999 122.12541868040061 0
89 81 -8 56.938391124999995 119.52376167905126 0
89 77 -12 56.600491379999994 118.75145500421354 0
87 79 -8 56.96002048 119.57488465829888 0
87 77 -10 56.7502645 119.08796888441002 0
87 77 -10 56.789722 119.17810772744001 0
87 76 -11 56.699884479999994 118.9737989644749 0
86 77 -9 56.858748405 119.33737767903868 0
86 78 -8 56.97523432 119.61097691561025 0
86 79 -7 56.99544999999999 119.65910749000001 0
87 76 -11 56.68922112 118.94976327512066 0
87 86 -1 57.559453125 121.09512580078126 0
86 78 -8 56.94094040499999 119.52977569962684 0
91 79 -12 56.64099048 118.84159948418113 0
87 80 -7 57.0080445 119.68919375901001 0
86 78 -8 56.944762 119.53879694936 0
88 76 -12 56.591001444999996 118.73041973103902 0
87 79 -8 56.99040352 119.64707400444418 0
86 77 -9 56.867799999999995 119.35841672000001 0
87 82 -5 57.216202644999996 120.1983549983751 0
87 80 -7 57.039395125 119.76442633299126 0
88 79 -9 56.82499520499999 119.25924022152654 0
88 79 -9 56.84838512499999 119.31333417597875 0
87 98 11 58.422882445 123.84953214837651 0
87 81 -6 57.165297804999994 120.07167392065344 0
99 85 -14 56.513160819999996 118.55910115253225 0
85 89 4 58.009706124999994 122.41680503501377 0
87 81 -6 57.151875219999994 120.03851312528056 0
93 77 -16 56.24068199999999 117.97525525224 0
89 81 -8 56.94094040499999 119.52977569962684 0
87 78 -9 56.841898 119.29830755512 0
87 80 -7 57.06309202 119.82162047023385 0
87 84 -3 57.402803805 120.67605223348744 0
87 84 -3 57.408582579999994 120.69120307256729 0
89 80 -9 56.900003125 119.43356446046876 0
89 90 1 57.733685124999994 121.58375478354125 0
88 99 11 58.452082419999996 123.96200402630505 0
94 89 -5 57.247441124999995 120.27683375173876 0
92 91 -1 57.565017999999995 121.11034778632002 0
90 88 -2 57.52477792 121.00081231419905 0
92 82 -10 56.841898 119.29830755512 0
94 85 -9 56.89871872 119.43055828127746 0
91 86 -5 57.261788204999995 120.31307044697104 0
90 85 -5 57.264175044999995 120.3191108927723 0
92 87 -5 57.266560645 120.32515162681092 0
90 86 -4 57.33167872 120.49138981728257 0
91 86 -5 57.26298177999999 120.31609063392393 0
91 96 5 58.02242577999999 122.45722836784793 0
91 93 2 57.823018 121.84475636968001 0
97 96 -1 57.619143644999994 121.2596783399956 0
92 99 7 58.152352019999995 122.88207729411386 0
96 95 -1 57.575015244999996 121.1377546081424 0
100 88 -12 56.747624079999994 119.08195983844674 0
98 93 -5 57.27251921999999 120.34025473154857 0
95 89 -6 57.20775648 120.17723378892289 0
95 94 -1 57.572795805 121.13166339338794 0
95 91 -4 57.321087205 120.46417107823454 0
96 91 -5 57.26775298 120.32817210232889 0
95 92 -3 57.398175204999994 120.66393320831348 0
94 99 5 57.989048319999995 122.35157150388225 0
96 97 1 57.711269619999996 121.51943199995866 0
99 101 2 57.809500404999994 121.80476884142934 0
96 90 -6 57.18232684499999 120.11388885697882 0
101 90 -11 56.785788804999996 119.16909351290244 0
98 83 -15 56.47317112499999 118.47191129878877 0
93 89 -4 57.342245125 120.51861514967877 0
91 85 -6 57.177467605 120.10182624792614 0
92 87 -5 57.289162 120.38255322664001 0
92 88 -4 57.351616404999994 120.54282107686669 0
91 90 -1 57.593830419999996 121.18954884857098 0
93 87 -6 57.21740799999999 120.20137257472001 0
93 96 3 57.87349804499999 121.9957157370988 0
93 99 6 58.106201125 122.72858303033877 0
98 95 -3 57.451104645 120.8033922902011 0
95 93 -2 57.52926888 121.01297581100353 0
96 90 -6 57.233049404999996 120.24060710270967 0
97 83 -14 56.515909119999996 118.56511346241537 0
96 88 -8 57.039395125 119.76442633299126 0
92 88 -4 57.34341762 120.52164059879738 0
91 87 -4 57.353956124999996 120.54887339723626 0
93 89 -4 57.33520364499999 120.5004641895881 0
91 90 -1 57.569464319999994 121.12252744065026 0
93 89 -4 57.356294604999995 120.55492605565664 0
93 99 6 58.09383208 122.6879417987053 0
93 93 0 57.65734911999999 121.36652249534465 0
99 96 -3 57.429322 120.74576532856001 0
94 97 3 57.861204404999995 121.95871083128284 0
96 91 -5 57.29390592 120.39464120930305 0
100 90 -10 56.883281679999996 119.39448593432769 0
97 95 -2 57.539355404999995 121.04035010541185 0
94 92 -2 57.493202319999995 120.91571604896578 0
99 94 -5 57.30574402 120.42486651980985 0
95 95 0 57.643202845 121.32681950975082 0
96 94 -2 57.475049999999996 120.86712657000001 0
98 89 -9 56.99923160499999 119.66813298342038 0
97 99 2 57.8126245 121.81399443911002 0
95 103 8 58.20051442 123.04551812145897 0
103 100 -3 57.43047124499999 120.74879746023713 0
97 96 -1 57.59603808 121.19564453571073 0
99 97 -2 57.54941681999999 121.06773339551977 0
101 93 -8 57.039395125 119.76442633299126 0
101 96 -5 57.30574402 120.42486651980985 0
99 94 -5 57.316371804999996 120.45207594602059 0
99 95 -4 57.33402898 120.49743931714713 0
98 96 -2 57.487538244999996 120.90052899898862 0
98 95 -3 57.424721919999996 120.73363775184897 0
99 96 -3 57.473912844999994 120.8640905991317 0
98 104 6 58.052545845 122.5537503992182 0
99 100 1 57.733685124999994 121.58375478354125 0
103 102 -1 57.572795805 121.13166339338794 0
100 102 2 57.796976125 121.76788008853626 0
103 106 3 57.881669005 122.02039863141823 0
105 96 -9 56.991665604999994 119.65008232214564 0
108 101 -7 57.14698498 120.0264563703169 0
103 98 -5 57.325797644999994 120.47626748924242 0
101 100 -1 57.59603808 121.19564453571073 0
102 100 -2 57.493202319999995 120.91571604896578 0
102 99 -3 57.46366449999999 120.83677141159001 0
103 96 -7 57.14576164499999 120.02344232239793 0
102 105 3 57.88676577999999 122.0358307485721 0
101 106 5 57.970240125 122.29261952148376 0
109 111 2 57.819903204999996 121.83552617935604 0
102 105 3 57.885747044999995 122.03274399717172 0
109 102 -7 57.162860124999995 120.06564416391626 0
109 98 -11 56.915391805 119.46964052061944 0
105 103 -2 57.494334204999994 120.91875377132504 0
102 97 -5 57.265367999999995 120.32213122368 0
106 104 -2 57.50902049999999 120.95825373147002 0
102 106 4 57.9353005 122.18419106627002 0
106 104 -2 57.496597045 120.9248295297183 0
105 101 -4 57.386582004999994 120.63364197419477 0
104 109 5 57.992007805 122.36088565665594 0
105 108 3 57.843712 121.90632664064 0
114 113 -1 57.588305844999994 121.17431171187933 0
107 105 -2 57.552765044999994 121.0768631785798 0
113 107 -6 57.29034844499999 120.38557510864553 0
110 106 -4 57.384259645 120.62758480182391 0
109 107 -2 57.51803217999999 120.98257033355033 0
110 104 -6 57.242648845 120.26475709980032 0
110 104 -6 57.22944449999999 120.23155197699 0
108 106 -2 57.53823591999999 121.03730807509697 0
107 103 -4 57.36096784499999 120.56703239189332 0
110 103 -7 57.2053405 120.17119973933 0
107 109 2 57.790697245 121.7494438328484 0
106 108 2 57.79906660499999 121.77402670580464 0
112 117 5 57.992007805 122.36088565665594 0
108 111 3 57.867356805 121.97721038260559 0
118 108 -10 57.00049152 119.67114155433985 0
113 106 -7 57.175036125 120.09579530562377 0
110 108 -2 57.512402205 120.96737165299048 0
108 104 -4 57.40396018 120.67908221785834 0
111 109 -2 57.51690680499999 120.97953038220444 0
109 108 -1 57.584987379999994 121.16517085038953 0
112 101 -11 56.91667217999999 119.47264702309033 0
111 99 -12 56.85745408 119.3343721776333 0
106 106 0 57.68979442 121.45822830992105 0
103 112 9 58.202350079999995 123.05181589942273 0
111 110 -1 57.619143644999994 121.2596783399956 0
107 102 -5 57.322265279999996 120.46719506068993 0
109 100 -9 57.04813858 119.78549603741129 0
107 99 -8 57.106451244999995 119.9270214635304 0
103 102 -1 57.579450404999996 121.14993843458069 0
102 100 -2 57.522530579999994 120.99473122001929 0
105 98 -7 57.195664179999994 120.14706608905769 0
103 96 -7 57.18960640499999 120.13198460134085 0
102 96 -6 57.240250845 120.2587191891457 0
101 97 -4 57.363302604999994 120.57308607233138 0
100 105 5 57.981142719999994 122.32674171629057 0
100 109 9 58.246033919999995 123.20322686263297 0
105 110 5 57.974209044999995 122.30502509007181 0
102 101 -1 57.57168562 121.12861796005338 0
107 102 -5 57.314012244999994 120.44602885618411 0
106 97 -9 56.99040352 119.64707400444418 0
104 103 -1 57.59162152 121.18345363777985 0
101 99 -2 57.514655125 120.97345080269126 0
106 100 -6 57.22944449999999 120.23155197699 0
102 102 0 57.64864992 121.34208733994497 0
102 98 -4 57.39701728 120.66090367927809 0
105 96 -9 57.01809778 119.71326548885993 0
102 103 1 57.730491279999995 121.5745620637741 0
100 106 6 58.069898205 122.60987966617354 0
107 110 3 57.832345645 121.8724552826216 0
103 101 -2 57.540474579999994 121.04339224678473 0
107 100 -7 57.15920128 120.05659996561408 0
106 96 -10 56.93328884499999 119.51173398219282 0
103 103 0 57.644292879999995 121.3298728222125 0
100 98 -2 57.51690680499999 120.97953038220444 0
106 100 -6 57.260594319999996 120.31005033174978 0
101 99 -2 57.55164927999999 121.07381980475392 0
102 98 -4 57.408582579999994 120.69120307256729 0
103 97 -6 57.21740799999999 120.20137257472001 0
102 102 0 57.67252497999999 121.40930387078313 0
101 98 -3 57.456818319999996 120.81856313084225 0
105 106 1 57.75173088 121.63587083048449 0
101 102 1 57.730491279999995 121.5745620637741 0
108 96 -12 56.791032445 119.18111248531352 0
104 93 -11 56.81326258 119.23219505127273 0
100 99 -1 57.61365472 121.24442733868545 0
97 93 -4 57.372629245 120.59730424013563 0
103 94 -9 57.014330124999994 119.70423830124626 0
98 92 -6 57.22222632 120.21344353842625 0
96 91 -5 57.249835405 120.28287249564434 0
97 92 -5 57.311651444999995 120.4399820821135 0
95 101 6 58.06701312 122.60052043505665 0
96 101 5 58.001852604999996 122.39194465607864 0
100 105 5 58.001852604999996 122.39194465607864 0
97 98 1 57.715549779999996 121.53167926165193 0
103 94 -9 57.025624719999996 119.73132092484545 0
103 93 -10 56.88971920499999 119.40951568194004 0
99 96 -3 57.42587240499999 120.73666950385484 0
96 92 -4 57.33402898 120.49743931714713 0
99 94 -5 57.254620245 120.29495082588262 0
97 94 -3 57.421268604999995 120.72454306222488 0
96 93 -3 57.423571124999995 120.73060609435126 0
97 90 -7 57.118769844999996 119.95714714625271 0
96 98 2 57.79383808 121.75866128764929 0
95 99 4 57.92726097999999 122.1594372876009 0
101 103 2 57.806373519999994 121.79554461195585 0
97 94 -3 57.473912844999994 120.8640905991317 0
101 94 -7 57.14208977999999 120.01440051399193 0
100 95 -5 57.271328125 120.33723396484376 0
97 98 1 57.735812804999995 121.58988396423844 0
98 92 -6 57.221022205 120.21042569842298 0
100 92 -8 57.033140499999995 119.74937780467002 0
97 92 -5 57.295091125 120.39766339494875 0
95 91 -4 57.38077378 120.61849970865593 0
96 90 -6 57.187181124999995 120.12595244070125 0
96 98 2 57.781257999999994 121.72179950072001 0
95 105 10 58.34865447999999 123.57131789015489 0
100 96 -4 57.39122300499999 120.64575738945673 0
97 92 -5 57.314012244999994 120.44602885618411 0
98 91 -7 57.131057444999996 119.987278068589 0
97 90 -7 57.080481279999994 119.86377385582593 0
94 93 -1 57.57834208 121.14689230294529 0
95 90 -5 57.254620245 120.29495082588262 0
96 93 -3 57.428172444999994 120.7427332920465 0
95 89 -6 57.15431848 120.04454184302912 0
95 90 -5 57.259400125 120.30703028809626 0
95 88 -7 57.08791522 119.88184240527944 0
93 94 1 57.760191999999996 121.66041028096001 0
94 100 6 58.077578124999995 122.63484619140625 0
96 92 -4 57.372629245 120.59730424013563 0
96 89 -7 57.089153124999996 119.88485399828126 0
95 84 -11 56.791032445 119.18111248531352 0
94 85 -9 56.946035245 119.54180409162512 0
91 89 -2 57.520281999999995 120.98865056024002 0
90 88 -2 57.50902049999999 120.95825373147002 0
93 91 -2 57.492070125 120.91267843094627 0
91 85 -6 57.143314045 120.01741439439931 0
93 84 -9 56.94221458 119.53278275352473 0
92 82 -10 56.83150248 119.27426581178689 0
90 96 6 58.08045298 122.64421186683113 0
90 97 7 58.152352019999995 122.88207729411386 0
98 94 -4 57.39933282 120.66696282808826 0
90 87 -3 57.44309248 120.78215723634689 0
94 88 -6 57.175036125 120.09579530562377 0
95 83 -12 56.68655217999999 118.94375433108969 0
92 87 -5 57.252228445 120.288911519922 0
91 81 -10 56.804119844999995 119.21116064769981 0
91 80 -11 56.754222805 119.09698249156908 0
90 82 -8 57.01558632 119.70724732493377 0
87 81 -6 57.18232684499999 120.11388885697882 0
89 81 -8 56.935840604999996 119.51774777367687 0
88 87 -1 57.57168562 121.12861796005338 0
88 83 -5 57.26775298 120.32817210232889 0
91 86 -5 57.265367999999995 120.32213122368 0
89 88 -1 57.55722500499999 121.08903780576529 0
89 88 -1 57.583880605 121.16212413233065 0
92 85 -7 57.10274962 119.91798475594138 0
91 87 -4 57.314012244999994 120.44602885618411 0
91 82 -9 56.92945888 119.50271350564353 0
91 83 -8 56.989141124999996 119.64406572226126 0
90 82 -8 56.94730817999999 119.5448112636737 0
89 81 -8 56.972701779999994 119.6049612115161 0
89 81 -8 56.944762 119.53879694936 0
88 88 0 57.64864992 121.34208733994497 0
88 89 1 57.729426045 121.57149810353722 0
91 88 -3 57.432768804999995 120.75486200973758 0
90 86 -4 57.29390592 120.39464120930305 0
91 84 -7 57.11507751999999 119.94810889873216 0
92 78 -14 56.459321124999995 118.44184046696125 0
91 84 -7 57.056866844999995 119.8065678515812 0
89 79 -10 56.755541619999995 119.09998703813466 0
89 80 -9 56.835403125 119.28328134703126 0
88 80 -8 56.96509671999999 119.58691489137857 0
86 79 -7 57.02311698 119.72530228750489 0
88 78 -10 56.80804001999999 119.22017531825784 0
87 84 -3 57.446528125 120.79125738765626 0
87 87 0 57.67360664499999 121.4123606596271 0
89 88 -1 57.570575125 121.12557264252877 0
89 79 -10 56.818480179999995 119.2442149907817 0
90 79 -11 56.687886805 118.94675880443558 0
89 76 -13 56.446829619999995 118.41477414180137 0
86 80 -6 57.122459379999995 119.96618586533849 0
87 78 -9 56.865215379999995 119.35240546895753 0
87 79 -8 56.90385447999999 119.44258314200513 0
87 80 -7 57.056866844999995 119.8065678515812 0
86 81 -5 57.214996979999995 120.19533748753513 0
87 78 -9 56.884569805 119.39749183968608 0
87 86 -1 57.604856319999996 121.22003207397377 0
87 81 -6 57.144538 120.02042833048 0
90 81 -9 56.87941544499999 119.385468348123 0
88 81 -7 57.095338 119.89991269352001 0
87 80 -7 57.01307361999999 119.70122931619065 0
89 78 -11 56.63829921999999 118.83559013620857 0
88 83 -5 57.27490048 120.34629648474113 0
87 82 -5 57.212584719999995 120.18930266171456 0
89 84 -5 57.251032079999995 120.28589197265472 0
88 97 9 58.28722738 123.34881653843048 0
88 81 -7 57.07055199999999 119.83968510016001 0
94 80 -14 56.43570498 118.39071303666313 0
88 88 0 57.651914444999996 121.35124956411249 0
88 97 9 58.3119805 123.43767684907002 0
92 95 3 57.875542644999996 122.00188548430742 0
91 87 -4 57.371464499999995 120.59427666591 0
90 88 -2 57.467083405 120.84587690082368 0
93 82 -11 56.71451420499999 119.00684793051498 0
91 84 -7 57.094101644999995 119.8969008565621 0
91 84 -7 57.059357844999994 119.81258876528582 0
89 82 -7 57.100280319999996 119.91196053581825 0
90 83 -7 57.03814482 119.76141654416425 0
89 82 -7 57.053128019999996 119.79753681213816 0
89 81 -8 56.96382812499999 119.58390728515626 0
89 91 2 57.776003124999995 121.70644671203127 0
88 94 6 58.120408 122.77551896128001 0
93 93 0 57.63337858 121.29934536867128 0
90 86 -4 57.371464499999995 120.59427666591 0
92 85 -7 57.08543847999999 119.87581936401088 0
93 82 -11 56.711857044999995 119.00083902844172 0
90 82 -8 56.972701779999994 119.6049612115161 0
90 82 -8 57.001751125 119.67415016208875 0
89 84 -5 57.22944449999999 120.23155197699 0
89 86 -3 57.37379368 120.60033190149568 0
89 84 -5 57.240250845 120.2587191891457 0
90 82 -8 57.001751125 119.67415016208875 0
90 96 6 58.0919245 122.68169229139002 0
89 100 11 58.40433380499999 123.77899828965744 0
98 92 -6 57.165297804999994 120.07167392065344 0
91 89 -2 57.493202319999995 120.91571604896578 0
93 91 -2 57.48980480499999 120.90660350727109 0
94 83 -11 56.756860124999996 119.10299159039626 0
94 89 -5 57.30337888 120.4188208405965 0
92 87 -5 57.265367999999995 120.32213122368 0
92 91 -1 57.55164927999999 121.07381980475392 0
92 88 -4 57.332854004999994 120.49441452643323 0
92 86 -6 57.195664179999994 120.14706608905769 0
93 83 -10 56.85745408 119.3343721776333 0
91 97 6 58.09669112499999 122.69731755051126 0
91 85 -6 57.206548645 120.17421673202942 0
100 85 -15 56.49802300499999 118.52603171141578 0
90 86 -4 57.329327219999996 120.48534064301545 0
89 83 -6 57.172603405 120.08976460305618 0
91 79 -12 56.631565644999995 118.82056661074591 0
90 85 -5 57.24624351999999 120.27381448451585 0
88 83 -5 57.228242245 120.2285337365834 0
90 82 -8 56.991665604999994 119.65008232214564 0
89 84 -5 57.25581568 120.2979705849037 0
88 85 -3 57.384259645 120.62758480182391 0
90 83 -7 57.06557991999999 119.82764183170497 0
90 90 0 57.685484499999994 121.44599402219 0
89 95 6 58.130782045 122.80996768622921 0
93 91 -2 57.541593445 121.0464344993795 0
92 86 -6 57.17381992 120.09277992445504 0
92 86 -6 57.18596802 120.12293645282185 0
93 81 -12 56.677201124999996 118.92272292940126 0
91 84 -7 57.05811249999999 119.80957828625002 0
90 82 -8 56.996710844999996 119.66211595141432 0
89 86 -3 57.395859044999995 120.65787424081822 0
89 84 -5 57.26894500499999 120.33119265039778 0
89 84 -5 57.218613045 120.20439021673371 0
90 83 -7 57.073036179999995 119.84570700976569 0
89 97 8 58.254145124999994 123.23167373725876 0
89 99 10 58.390749645 123.72777863495392 0
97 102 5 57.980153124999994 122.32363880328126 0
90 90 0 57.679010319999996 121.42764657285825 0
97 93 -4 57.388903125 120.63969950296875 0
99 87 -12 56.730431124999996 119.04290144061126 0
95 93 -2 57.476186844999994 120.87016264258632 0
94 89 -5 57.282036819999995 120.36442351438025 0
94 88 -6 57.2053405 120.17119973933 0
94 89 -5 57.3010125 120.41277547125001 0
92 90 -2 57.481866419999996 120.88534453702297 0
94 88 -6 57.168952 120.08071899584002 0
93 92 -1 57.60044968 121.2078373442797 0
93 97 4 57.952318604999995 122.23682953818513 0
95 94 -1 57.592726125 121.18650118371376 0
96 87 -9 56.968900645 119.5959379041491 0
95 86 -9 56.93328884499999 119.51173398219282 0
94 82 -12 56.63964500499999 118.83859481447473 0
91 87 -4 57.297460605 120.40370799536313 0
90 84 -6 57.17138658 120.0867493412633 0
91 86 -5 57.247441124999995 120.27683375173876 0
90 87 -3 57.418964845 120.71848040616482 0
90 87 -3 57.39006322 120.64272840141658 0
91 84 -7 57.118769844999996 119.95714714625271 0
91 94 3 57.872475279999996 121.99263110684993 0
91 96 5 58.009706124999994 122.41680503501377 0
96 94 -2 57.51578111999999 120.97649053863937 0
92 90 -2 57.46936112499999 120.85194772956126 0
94 90 -4 57.316371804999996 120.45207594602059 0
95 87 -8 57.011816804999995 119.69822036960308 0
94 92 -2 57.485270445 120.894454904788 0
93 90 -3 57.386582004999994 120.63364197419477 0
94 92 -2 57.53823591999999 121.03730807509697 0
93 97 4 57.922226205 122.14397173443305 0
94 99 5 58.03022722 122.48211991622458 0
97 99 2 57.769687045 121.6880282075258 0
97 105 8 58.194079845 123.02348273818271 0
99 106 7 58.121352644999995 122.77864964371491 0
105 106 1 57.714480204999994 121.52861724047904 0
104 103 -1 57.61035764499999 121.23527820364993 0
107 98 -9 56.98787842 119.64105747543304 0
107 94 -13 56.74894444499999 119.08496435898999 0
103 95 -8 57.06557991999999 119.82764183170497 0
99 91 -8 57.061847605 119.81860985711388 0
98 93 -5 57.302195845 120.41579811727182 0
97 98 1 57.714480204999994 121.52861724047904 0
96 97 1 57.746432604999995 121.62053832711113 0
99 97 -2 57.539355404999995 121.04035010541185 0
97 103 6 58.094785404999996 122.69106685036567 0
99 108 9 58.25684328 123.24116011017793 0
105 101 -4 57.40164711999999 120.67302234051137 0
104 100 -4 57.38774272 120.63667069394945 0
104 98 -6 57.240250845 120.2587191891457 0
103 96 -7 57.160421205 120.05961464035948 0
102 100 -2 57.55722500499999 121.08903780576529 0
101 96 -5 57.26775298 120.32817210232889 0
104 96 -8 57.09780977999999 119.90593651544809 0
100 99 -1 57.608158044999996 121.2291793882913 0
99 98 -1 57.580558419999996 121.15298468317306 0
102 97 -5 57.302195845 120.41579811727182 0
100 104 4 57.93831020499999 122.19347656969848 0
100 101 1 57.715549779999996 121.53167926165193 0
106 104 -2 57.56279298 121.10425864877112 0
102 106 4 57.90909952 122.10378114064386 0
105 97 -8 57.095338 119.89991269352001 0
108 92 -16 56.51041128 118.5530887474541 0
103 97 -6 57.25581568 120.2979705849037 0
98 93 -5 57.323443045 120.4702191232338 0
99 95 -4 57.384259645 120.62758480182391 0
98 99 1 57.728360499999994 121.56843428287002 0
97 95 -2 57.50902049999999 120.95825373147002 0
101 93 -8 57.08543847999999 119.87581936401088 0
98 103 5 58.003817845 122.3981586485967 0
97 104 7 58.117572204999995 122.76612813318704 0
107 105 -2 57.498858645 120.93090570743692 0
99 98 -1 57.575015244999996 121.1377546081424 0
104 96 -8 57.111382405 119.93907111835269 0
104 94 -10 56.89229204499999 119.4155277378533 0
100 101 1 57.70484008 121.50106520766272 0
98 97 -1 57.573905679999996 121.13470894269634 0
104 96 -8 57.100280319999996 119.91196053581825 0
99 98 -1 57.587199999999996 121.17126464 0
99 97 -2 57.528146604999996 121.00993477283714 0
101 97 -4 57.349275444999996 120.53676909323701 0
100 102 2 57.828203124999995 121.86014310546877 0
100 110 10 58.318130804999996 123.45992090714044 0
104 105 1 57.717687999999995 121.53780371648001 0
104 98 -6 57.245045604999994 120.27079528689438 0
105 98 -7 57.138415124999995 120.00535920517126 0
103 97 -6 57.19687480499999 120.15008257410358 0
100 97 -3 57.44538322 120.78822390648345 0
101 95 -6 57.245045604999994 120.27079528689438 0
101 116 15 58.550105124999995 124.35337695512126 0
100 176 76 59.2377445 141.35328336551 0.16683360843610004
118 168 50 59.475571644999995 130.8822015583596 0.029462030545624907
108 171 63 59.545623219999996 135.44945469320345 0.0814651645194984
119 158 39 59.281119219999994 128.54775155824856 0
150 112 -38 55.489399405 116.46713934637218 0
153 116 -37 55.57001842 116.62311368995304 0
126 108 -18 56.544691404999995 118.62823729855585 0
100 107 7 58.11283967999999 122.75048080723968 0
99 104 5 58.020472319999996 122.45100735000577 0
110 107 -3 57.436212819999994 120.76395955181177 0
108 100 -8 57.095338 119.89991269352001 0
110 102 -8 57.121229844999995 119.96317290630732 0
106 103 -3 57.432768804999995 120.75486200973758 0
105 102 -3 57.462524245 120.8337364488894 0
106 102 -4 57.37612161999999 120.60638748627466 0
105 108 3 57.850925605 121.92789104554814 0
105 114 9 58.205101244999994 123.06126419975962 0
110 102 -8 57.09286498 119.89388906872313 0
109 100 -9 57.02813121999999 119.73733972261257 0
107 97 -10 56.98282449999999 119.62902483839001 0
103 95 -8 57.07676012499999 119.85474022208376 0
99 98 -1 57.615851219999996 121.25052737195257 0
100 94 -6 57.17625201999999 120.09881074672617 0
102 96 -6 57.211378124999996 120.18628534640627 0
99 97 -2 57.49998898 120.93394395395289 0
98 94 -4 57.36446952 120.57611304120385 0
100 93 -7 57.108917444999996 119.93304618877102 0
98 102 4 57.92927271999999 122.16562470378945 0
97 113 16 58.65111202 124.78179843754617 0
104 101 -3 57.480731125 120.88230795338876 0
100 98 -2 57.540474579999994 121.04339224678473 0
102 99 -3 57.473912844999994 120.8640905991317 0
101 99 -2 57.49093762 120.90964091710265 0
99 97 -2 57.537116125 121.03426615567626 0
102 94 -8 57.04938640499999 119.78850616609918 0
101 94 -7 57.155539645 120.0475562875436 0
99 99 0 57.636656125 121.30850228492376 0
98 96 -2 57.483001404999996 120.88838122335834 0
101 95 -6 57.208964005 120.18025091017428 0
98 101 3 57.87349804499999 121.9957157370988 0
98 98 0 57.68224880499999 121.43681970190494 0
103 109 6 58.028278719999996 122.47589590495745 0
100 99 -1 57.570575125 121.12557264252877 0
108 97 -11 56.905137644999996 119.4455894177176 0
103 94 -9 57.02813121999999 119.73733972261257 0
100 100 0 57.630098245 121.2901895772939 0
98 94 -4 57.33520364499999 120.5004641895881 0
102 94 -8 57.053128019999996 119.79753681213816 0
99 95 -4 57.336377999999996 120.50348914392 0
97 92 -5 57.24624351999999 120.27381448451585 0
98 92 -6 57.206548645 120.17421673202942 0
96 97 1 57.729426045 121.57149810353722 0
96 102 6 58.08045298 122.64421186683113 0
99 100 1 57.758078579999996 121.65427455568873 0
98 95 -3 57.43391712 120.75789442788864 0
100 94 -6 57.216202644999996 120.1983549983751 0
100 93 -7 57.106451244999995 119.9270214635304 0
98 97 -1 57.588305844999994 121.17431171187933 0
97 94 -3 57.44309248 120.78215723634689 0
99 95 -4 57.402803805 120.67605223348744 0
97 92 -5 57.30574402 120.42486651980985 0
98 91 -7 57.11507751999999 119.94810889873216 0
97 90 -7 57.14698498 120.0264563703169 0
95 98 3 57.889820125 122.04509198930376 0
95 99 4 57.93730728 122.19038122943809 0
99 99 0 57.69409938 121.47046473376153 0
96 93 -3 57.3947005 120.65484489277002 0
99 90 -9 56.98787842 119.64105747543304 0
99 90 -9 56.94094040499999 119.52977569962684 0
95 94 -1 57.56279298 121.10425864877112 0
94 91 -3 57.402803805 120.67605223348744 0
96 90 -6 57.17625201999999 120.09881074672617 0
94 92 -2 57.50111900499999 120.93698230579179 0
94 89 -5 57.26298177999999 120.31609063392393 0
95 87 -8 57.059357844999994 119.81258876528582 0
94 102 8 58.19223860499999 123.01718886315264 0
92 106 14 58.558791219999996 124.38915844063257 0
104 97 -7 57.17989784499999 120.1078574312742 0
94 95 1 57.723028125 121.55311726734377 0
98 85 -13 56.627521779999995 118.81155238226393 0
99 88 -11 56.828900499999996 119.26825553123001 0
94 93 -1 57.61145698 121.23832779356489 0
90 86 -4 57.306926125 120.42788947602627 0
95 89 -6 57.160421205 120.05961464035948 0
91 88 -3 57.44767272 120.79429096645057 0
91 88 -3 57.42587240499999 120.73666950385484 0
93 86 -7 57.11753938 119.95413434490152 0
92 94 2 57.784407204999994 121.73101294380798 0
92 93 1 57.736876179999996 121.59294876533433 0
95 102 7 58.152352019999995 122.88207729411386 0
93 91 -2 57.50111900499999 120.93698230579179 0
99 90 -9 56.981560245 119.62601676587741 0
97 88 -9 56.976500124999994 119.61398481790377 0
94 92 -2 57.510148044999994 120.96129293179122 0
92 89 -3 57.39006322 120.64272840141658 0
95 88 -7 57.121229844999995 119.96317290630732 0
93 90 -3 57.462524245 120.8337364488894 0
92 86 -6 57.2053405 120.17119973933 0
94 85 -9 56.95239682 119.55684025297977 0
92 96 4 57.930278124999994 122.16871866859375 0
90 104 14 58.593934645 124.53590022761142 0
98 96 -2 57.48980480499999 120.90660350727109 0
93 87 -6 57.177467605 120.10182624792614 0
95 86 -9 56.972701779999994 119.6049612115161 0
95 83 -12 56.645025045 118.85061344358022 0
89 88 -1 57.57834208 121.14689230294529 0
90 83 -7 57.039395125 119.76442633299126 0
91 85 -6 57.1811125 120.11087311375002 0
90 87 -3 57.37379368 120.60033190149568 0
88 86 -2 57.471637605 120.85801896189363 0
91 83 -8 56.991665604999994 119.65008232214564 0
90 90 0 57.645382604999995 121.33292626129888 0
90 93 3 57.861204404999995 121.95871083128284 0
92 95 3 57.86940512499999 121.98337818755877 0
92 91 -1 57.567241779999996 121.11643738317609 0
93 87 -6 57.17381992 120.09277992445504 0
95 83 -12 56.677201124999996 118.92272292940126 0
93 87 -6 57.206548645 120.17421673202942 0
90 85 -5 57.22222632 120.21344353842625 0
91 83 -8 56.961290004999995 119.57789216878028 0
90 85 -5 57.252228445 120.288911519922 0
89 85 -4 57.337552044999995 120.50651418030672 0
90 84 -6 57.172603405 120.08976460305618 0
90 92 2 57.801155845 121.7801739246107 0
89 84 -5 57.26298177999999 120.31609063392393 0
93 84 -9 56.925626124999994 119.49369327797376 0
90 86 -4 57.29390592 120.39464120930305 0
88 85 -3 57.43047124499999 120.74879746023713 0
90 82 -8 57.01055967999999 119.69521146131969 0
90 88 -2 57.456818319999996 120.81856313084225 0
89 85 -4 57.329327219999996 120.48534064301545 0
91 85 -6 57.140865205 120.01138668909404 0
90 91 1 57.75384802 121.64200483176185 0
89 89 0 57.677930204999996 121.42458912713099 0
93 86 -7 57.050633919999996 119.79151633800704 0
91 91 0 57.64647202 121.33597982717384 0
91 91 0 57.666028479999994 121.39096588057089 0
94 93 -1 57.559453125 121.09512580078126 0
93 84 -9 56.881993245 119.39148005072363 0
94 84 -10 56.863922605 119.34939987270863 0
93 81 -12 56.626173205 118.80854761958604 0
89 84 -5 57.211378124999996 120.18628534640627 0
89 83 -6 57.1076845 119.93003380069001 0
88 84 -4 57.29153458 120.3885970663153 0
89 85 -4 57.325797644999994 120.47626748924242 0
88 85 -3 57.381936044999996 120.6215279845453 0
89 83 -6 57.157981045 120.05358534867221 0
89 93 4 57.996934079999996 122.37641287715329 0
89 95 6 58.132664205 122.81623375085249 0
94 97 3 57.854012499999996 121.93713530875002 0
91 90 -1 57.59824449999999 121.20174070051002 0
95 88 -7 57.07179424499999 119.84269603187812 0
96 84 -12 56.719824804999995 119.01886574336893 0
93 87 -6 57.18960640499999 120.13198460134085 0
91 86 -5 57.218613045 120.20439021673371 0
91 87 -4 57.345761679999995 120.52769174631233 0
91 87 -4 57.371464499999995 120.59427666591 0
90 90 0 57.668195219999994 121.39707802261945 0
91 86 -5 57.284413119999996 120.37046645198336 0
92 94 2 57.801155845 121.7801739246107 0
92 99 7 58.138303244999996 122.8350368805589 0
95 98 3 57.90403684499999 122.0883307959037 0
95 93 -2 57.495465779999996 120.92179159818792 0
96 96 0 57.65734911999999 121.36652249534465 0
98 88 -10 56.87941544499999 119.385468348123 0
99 90 -9 56.997971379999996 119.66512444916648 0
96 86 -10 56.811957405 119.22919009906984 0
93 95 2 57.801155845 121.7801739246107 0
92 92 0 57.695174845 121.4735241747177 0
96 91 -5 57.271328125 120.33723396484376 0
93 88 -5 57.22463362 120.21947941756937 0
93 97 4 57.97321728 122.30192343048193 0
94 96 2 57.80428737999999 121.78939588357049 0
100 98 -2 57.540474579999994 121.04339224678473 0
95 89 -6 57.225836805 120.22249745703694 0
98 87 -11 56.796271125 119.19313161964875 0
97 82 -15 56.456547404999995 118.43582594356768 0
92 87 -5 57.25581568 120.2979705849037 0
90 84 -6 57.18232684499999 120.11388885697882 0
90 87 -3 57.429322 120.74576532856001 0
90 89 -1 57.587199999999996 121.17126464 0
90 88 -2 57.51803217999999 120.98257033355033 0
92 88 -4 57.336377999999996 120.50348914392 0
91 94 3 57.90403684499999 122.0883307959037 0
92 99 7 58.173758004999996 122.95429740080924 0
95 96 1 57.76547012499999 121.67575212263375 0
95 89 -6 57.157981045 120.05358534867221 0
96 89 -7 57.07179424499999 119.84269603187812 0
96 85 -11 56.783165125 119.16308408414126 0
92 90 -2 57.521406445 120.99169083591153 0
91 90 -1 57.59162152 121.18345363777985 0
93 92 -1 57.582773519999996 121.15907753188417 0
92 93 1 57.70054751999999 121.48882339766786 0
93 93 0 57.69194752 121.46434625417217 0
95 91 -4 57.33872578 120.50953929891209 0
96 100 4 57.948322405 122.22443949615518 0
95 95 0 57.67684978 121.42153181310809 0
101 95 -6 57.23184807999999 120.2375886598893 0
96 90 -6 57.204132044999994 120.1681828106608 0
97 91 -6 57.22222632 120.21344353842625 0
96 88 -8 57.00049152 119.67114155433985 0
95 94 -1 57.5761245 121.14080038989002 0
94 89 -5 57.304561604999996 120.42184364138788 0
96 90 -6 57.18596802 120.12293645282185 0
94 89 -5 57.26298177999999 120.31609063392393 0
93 87 -6 57.166516179999995 120.07468888687433 0
94 87 -7 57.12983007999999 119.98426473590274 0
92 96 4 57.97123282 122.29572064635178 0
92 103 11 58.379654079999995 123.68621031772673 0
96 96 0 57.645382604999995 121.33292626129888 0
94 93 -1 57.56279298 121.10425864877112 0
96 91 -5 57.30574402 120.42486651980985 0
97 88 -9 56.99040352 119.64707400444418 0
95 92 -3 57.448817004999995 120.79732464303024 0
94 88 -6 57.14576164499999 120.02344232239793 0
95 84 -11 56.783165125 119.16308408414126 0
93 83 -10 56.815872 119.23820499456001 0
90 89 -1 57.540474579999994 121.04339224678473 0
89 88 -1 57.60044968 121.2078373442797 0
91 98 7 58.1857845 122.99516709369001 0
90 98 8 58.236992019999995 123.17164065060616 0
95 98 3 57.856068879999995 121.94329894595649 0
94 94 0 57.647561124999996 121.33903352000127 0
98 94 -4 57.392382479999995 120.64878646725313 0
99 91 -8 57.07676012499999 119.85474022208376 0
98 95 -3 57.418964845 120.71848040616482 0
97 93 -4 57.33520364499999 120.5004641895881 0
97 94 -3 57.43047124499999 120.74879746023713 0
96 96 0 57.69302360499999 121.46740542696764 0
96 94 -2 57.540474579999994 121.04339224678473 0
98 93 -5 57.247441124999995 120.27683375173876 0
97 102 5 58.0146045 122.43234876171002 0
97 108 11 58.371941844999995 123.6574570733687 0
104 97 -7 57.135963804999996 119.99933194132008 0
100 99 -1 57.572795805 121.13166339338794 0
100 102 2 57.794884405 121.76173407149469 0
100 98 -2 57.483001404999996 120.88838122335834 0
104 100 -4 57.4178125 120.71544921875001 0
101 98 -3 57.436212819999994 120.76395955181177 0
103 99 -4 57.386582004999994 120.63364197419477 0
102 100 -2 57.487538244999996 120.90052899898862 0
102 99 -3 57.46594408 120.84284163739329 0
103 99 -4 57.374957804999994 120.60335965015409 0
102 105 3 57.854012499999996 121.93713530875002 0
102 112 10 58.299634319999996 123.39322362182978 0
106 99 -7 57.17989784499999 120.1078574312742 0
107 100 -7 57.20050481999999 120.15913240719577 0
104 99 -5 57.282036819999995 120.36442351438025 0
102 94 -8 57.03814482 119.76141654416425 0
100 99 -1 57.619143644999994 121.2596783399956 0
99 96 -3 57.416659845 120.71241812486019 0
102 96 -6 57.192030445 120.1380170095805 0
99 95 -4 57.332854004999994 120.49441452643323 0
98 96 -2 57.49093762 120.90964091710265 0
99 95 -4 57.356294604999995 120.55492605565664 0
99 102 3 57.85812401999999 121.94946322074986 0
98 107 9 58.281891519999995 123.32979894550017 0
102 99 -3 57.423571124999995 120.73060609435126 0
102 99 -3 57.456818319999996 120.81856313084225 0
102 97 -5 57.337552044999995 120.50651418030672 0
101 94 -7 57.11630860499999 119.95112159578264 0
101 101 0 57.63337858 121.29934536867128 0
99 100 1 57.7069845 121.50718692681001 0
103 99 -4 57.39933282 120.66696282808826 0
100 99 -1 57.621337045 121.26577959936422 0
101 97 -4 57.371464499999995 120.59427666591 0
103 94 -9 57.01055967999999 119.69521146131969 0
101 102 1 57.714480204999994 121.52861724047904 0
99 106 7 58.13548512 122.82563438900738 0
105 97 -8 57.105217679999996 119.92400917712833 0
101 98 -3 57.478459605 120.87623509356838 0
101 96 -5 57.260594319999996 120.31005033174978 0
101 97 -4 57.346933244999995 120.5307174450364 0
100 101 1 57.724095219999995 121.55618039262058 0
100 99 -1 57.604856319999996 121.22003207397377 0
102 104 2 57.785456319999994 121.73408438746625 0
101 106 5 57.977182479999996 122.31433114090689 0
105 103 -2 57.495465779999996 120.92179159818792 0
106 99 -7 57.183540879999995 120.1169046611245 0
105 107 2 57.819903204999996 121.83552617935604 0
104 109 5 57.99397924499999 122.3670959991544 0
111 99 -12 56.815872 119.23820499456001 0
107 100 -7 57.17381992 120.09277992445504 0
104 102 -2 57.54494818 121.05556192613369 0
102 101 -1 57.61804648 121.25662789467714 0
105 106 1 57.716619044999995 121.5347414202643 0
104 104 0 57.629004179999995 121.28713789604234 0
107 104 -3 57.48413608 120.89141801255873 0
106 102 -4 57.416659845 120.71241812486019 0
107 98 -9 56.996710844999996 119.66211595141432 0
107 99 -8 57.113846124999995 119.94509625358626 0
103 106 3 57.851954879999994 121.93097230781953 0
102 107 5 57.972225204999994 122.29882194929654 0
107 105 -2 57.522530579999994 120.99473122001929 0
104 101 -3 57.46936112499999 120.85194772956126 0
107 96 -11 56.850977805 119.31934494448595 0
106 93 -13 56.6972205 118.96779005253 0
102 98 -4 57.36446952 120.57611304120385 0
97 94 -3 57.402803805 120.67605223348744 0
101 93 -8 57.061847605 119.81860985711388 0
98 94 -4 57.356294604999995 120.55492605565664 0
96 97 1 57.72089300499999 121.54699143238578 0
97 94 -3 57.46822242 120.84891226482505 0
98 101 3 57.865307245 121.97104322244911 0
97 106 9 58.25594420499999 123.23799775852754 0
102 94 -8 57.105217679999996 119.92400917712833 0
102 94 -8 57.08791522 119.88184240527944 0
100 96 -4 57.337552044999995 120.50651418030672 0
97 93 -4 57.37728512499999 120.60941541002126 0
97 96 -1 57.593830419999996 121.18954884857098 0
97 91 -6 57.18232684499999 120.11388885697882 0
98 90 -8 57.024371005 119.72831158620377 0
97 91 -6 57.20050481999999 120.15913240719577 0
94 88 -6 57.184754604999995 120.11992052635088 0
94 91 -3 57.39006322 120.64272840141658 0
93 97 4 57.972225204999994 122.29882194929654 0
93 105 12 58.45539538 123.97487846153754 0
96 95 -1 57.552765044999994 121.0768631785798 0
96 98 2 57.79279144499999 121.75558865336902 0
98 96 -2 57.539355404999995 121.04035010541185 0
99 93 -6 57.22463362 120.21947941756937 0
100 99 -1 57.593830419999996 121.18954884857098 0
98 95 -3 57.46024280499999 120.82766682307094 0
102 94 -8 57.081721044999995 119.8667851614878 0
98 93 -5 57.283225124999994 120.36744494584126 0
97 93 -4 57.33872578 120.50953929891209 0
97 92 -5 57.29864488 120.40673041045953 0
96 99 3 57.90302337999999 122.08524122890553 0
96 108 12 58.4321005 123.88484595173001 0
100 100 0 57.632285444999994 121.29629331344452 0
99 97 -2 57.50902049999999 120.95825373147002 0
100 96 -4 57.365636124999995 120.57914009606377 0
100 94 -6 57.20050481999999 120.15913240719577 0
99 96 -3 57.46594408 120.84284163739329 0
98 93 -5 57.264175044999995 120.3191108927723 0
99 95 -4 57.33872578 120.50953929891209 0
97 96 -1 57.620240499999994 121.26272890817 0
97 94 -3 57.407427444999996 120.68817272097851 0
98 91 -7 57.14208977999999 120.01440051399193 0
97 100 3 57.843712 121.90632664064 0
96 105 9 58.233366579999995 123.15901244578329 0
102 100 -2 57.494334204999994 120.91875377132504 0
98 93 -5 57.309289405 120.43393562249784 0
100 95 -5 57.266560645 120.32515162681092 0
99 92 -7 57.135963804999996 119.99933194132008 0
97 98 1 57.713410319999994 121.52555535658178 0
97 92 -5 57.306926125 120.42788947602627 0
99 93 -6 57.24384738 120.26777615871049 0
97 100 3 57.850925605 121.92789104554814 0
96 98 2 57.78964968 121.74637164628032 0
101 92 -9 56.972701779999994 119.6049612115161 0
98 96 -2 57.51690680499999 120.97953038220444 0
97 101 4 57.934296644999996 122.1810962430346 0
98 90 -8 57.061847605 119.81860985711388 0
100 95 -5 57.266560645 120.32515162681092 0
97 90 -7 57.10274962 119.91798475594138 0
95 91 -4 57.369134079999995 120.58822177820673 0
95 93 -2 57.497727999999995 120.92786756608001 0
94 88 -6 57.166516179999995 120.07468888687433 0
95 86 -9 56.96002048 119.57488465829888 0
93 88 -5 57.23184807999999 120.2375886598893 0
91 89 -2 57.520281999999995 120.98865056024002 0
92 86 -6 57.188393919999996 120.12896849015297 0
92 104 12 58.45042408 123.95556839691329 0
91 105 14 58.591611279999995 124.52609911030592 0
106 91 -15 56.53237288 118.60118539602753 0
94 94 0 57.69194752 121.46434625417217 0
95 94 -1 57.581666125 121.15603104888626 0
95 93 -2 57.478459605 120.87623509356838 0
96 95 -1 57.604856319999996 121.22003207397377 0
96 89 -7 57.1076845 119.93003380069001 0
98 89 -9 56.95239682 119.55684025297977 0
95 91 -4 57.325797644999994 120.47626748924242 0
92 89 -3 57.386582004999994 120.63364197419477 0
94 86 -8 57.016842204999996 119.71025638741705 0
93 94 1 57.730491279999995 121.5745620637741 0
91 96 5 58.042862244999995 122.5225943691059 0
96 89 -7 57.13473767999999 119.99631839151169 0
93 85 -8 56.997971379999996 119.66512444916648 0
93 85 -8 56.96382812499999 119.58390728515626 0
92 84 -8 57.01809778 119.71326548885993 0
89 88 -1 57.55164927999999 121.07381980475392 0
90 86 -4 57.3010125 120.41277547125001 0
90 83 -7 57.081721044999995 119.8667851614878 0
90 87 -3 57.41089192 120.69726405255105 0
89 85 -4 57.33402898 120.49743931714713 0
90 86 -4 57.365636124999995 120.57914009606377 0
90 93 3 57.913144079999995 122.11614443796674 0
89 96 7 58.20051442 123.04551812145897 0
93 93 0 57.621337045 121.26577959936422 0
93 88 -5 57.27847004499999 120.35535966644522 0
94 86 -8 57.033140499999995 119.74937780467002 0
94 85 -9 56.885857619999996 119.40049776696264 0
91 88 -3 57.393541645 120.6518156349696 0
90 85 -5 57.240250845 120.2587191891457 0
91 85 -6 57.140865205 120.01138668909404 0
90 82 -8 57.020607999999996 119.71928380928 0
89 85 -4 57.29982884499999 120.4097529023672 0
89 83 -6 57.11630860499999 119.95112159578264 0
89 90 1 57.7069845 121.50718692681001 0
88 95 7 58.17283071999999 122.95115507142657 0
91 90 -1 57.612556004999995 121.24137750518878 0
91 89 -2 57.53151249999999 121.01905821625002 0
92 84 -8 56.97523432 119.61097691561025 0
93 83 -10 56.811957405 119.22919009906984 0
91 84 -7 57.06806657999999 119.83366337457673 0
88 83 -5 57.261788204999995 120.31307044697104 0
89 82 -7 57.06557991999999 119.82764183170497 0
88 84 -4 57.282036819999995 120.36442351438025 0
88 82 -6 57.12491752 119.97221194222786 0
88 81 -7 57.07800081999999 119.85775138628776 0
88 89 1 57.724095219999995 121.55618039262058 0
87 84 -3 57.398175204999994 120.66393320831348 0
90 86 -4 57.29982884499999 120.4097529023672 0
88 85 -3 57.372629245 120.59730424013563 0
88 85 -3 57.44309248 120.78215723634689 0
90 83 -7 57.06060288 119.8155992888525 0
89 86 -3 57.400490125 120.66999253876627 0
89 86 -3 57.39006322 120.64272840141658 0
89 91 2 57.781257999999994 121.72179950072001 0
90 96 6 58.117572204999995 122.76612813318704 0
91 86 -5 57.23184807999999 120.2375886598893 0
93 84 -9 56.88070449999999 119.38847418871 0
92 93 1 57.770740499999995 121.69109759283 0
90 89 -1 57.580558419999996 121.15298468317306 0
96 87 -9 56.98282449999999 119.62902483839001 0
90 90 0 57.68116962 121.43376186008138 0
90 91 1 57.715549779999996 121.53167926165193 0
93 89 -4 57.369134079999995 120.58822177820673 0
93 92 -1 57.565017999999995 121.11034778632002 0
93 85 -8 57.0080445 119.68919375901001 0
94 88 -6 57.148208004999994 120.02947047440078 0
92 87 -5 57.287975245 120.3795314201349 0
90 91 1 57.76335980499999 121.66961495168857 0
91 86 -5 57.21379100499999 120.19232004203624 0
92 96 4 57.96726018 122.2833172137017 0
91 101 10 58.330385844999995 123.50444419320182 0
97 93 -4 57.35278642 120.54584719487706 0
94 92 -2 57.48640449999999 120.89749190021001 0
95 90 -5 57.245045604999994 120.27079528689438 0
95 87 -8 57.05811249999999 119.80957828625002 0
94 89 -5 57.292720405 120.39161909981318 0
93 92 -1 57.592726125 121.18650118371376 0
92 91 -1 57.593830419999996 121.18954884857098 0
93 96 3 57.891854804999994 122.05126697353893 0
93 95 2 57.779156979999996 121.71565794359513 0
96 91 -5 57.24384738 120.26777615871049 0
96 101 5 57.994964499999995 122.37020144309001 0
95 106 11 58.399249045 123.75978329754822 0
104 99 -5 57.342245125 120.51861514967877 0
98 96 -2 57.507892645 120.9552146377826 0
100 102 2 57.784407204999994 121.73101294380798 0
100 92 -8 57.04314418 119.77345595158232 0
104 96 -8 57.10274962 119.91798475594138 0
99 92 -7 57.122459379999995 119.96618586533849 0
97 101 4 57.97321728 122.30192343048193 0
97 99 2 57.780207645 121.71872864844009 0
102 97 -5 57.30810792 120.43091251020097 0
98 93 -5 57.322265279999996 120.46719506068993 0
99 105 6 58.05061160499999 122.54751766502213 0
99 108 9 58.225191205 123.13061203212948 0
108 97 -11 56.866507845 119.3554110846667 0
101 93 -8 57.029384005 119.74034918206574 0
100 91 -9 56.957480499999996 119.56886973193002 0
98 91 -7 57.138415124999995 120.00535920517126 0
93 95 2 57.78650512499999 121.73715597937877 0
95 89 -6 57.166516179999995 120.07468888687433 0
96 90 -6 57.22463362 120.21947941756937 0
94 93 -1 57.594934405 121.19259663251535 0
93 94 1 57.752789605 121.63893775953588 0
95 92 -3 57.395859044999995 120.65787424081822 0
95 102 7 58.162610125 122.91660343633376 0
95 110 15 58.613953605 124.62095440433765 0
104 105 1 57.750671845 121.63280404444382 0
99 102 3 57.884727999999996 122.02965740992002 0
103 98 -5 57.33872578 120.50953929891209 0
105 96 -9 57.024371005 119.72831158620377 0
103 98 -5 57.26775298 120.32817210232889 0
100 99 -1 57.615851219999996 121.25052737195257 0
101 98 -3 57.467083405 120.84587690082368 0
101 98 -3 57.437360205 120.76699225791154 0
101 96 -5 57.27847004499999 120.35535966644522 0
101 95 -6 57.204132044999994 120.1681828106608 0
100 105 5 58.012646079999996 122.42613071631872 0
99 111 12 58.440447999999996 123.91697677312001 0
107 104 -3 57.494334204999994 120.91875377132504 0
102 99 -3 57.455676204999996 120.81552876517698 0
104 98 -6 57.240250845 120.2587191891457 0
103 93 -10 56.906420499999996 119.44859571797001 0
100 96 -4 57.337552044999995 120.50651418030672 0
99 93 -6 57.214996979999995 120.19533748753513 0
98 94 -4 57.365636124999995 120.57914009606377 0
97 95 -2 57.525901125 121.00385302459875 0
97 95 -2 57.52477792 121.00081231419905 0
98 94 -4 57.33872578 120.50953929891209 0
97 104 7 58.11189224499999 122.74735194870662 0
97 111 14 58.529425245 124.26893894767241 0
105 100 -5 57.29390592 120.39464120930305 0
101 96 -5 57.29627601999999 120.40068565691418 0
102 95 -7 57.15920128 120.05659996561408 0
100 92 -8 57.051881124999994 119.79452655329877 0
96 96 0 57.6638605 121.38485425813002 0
97 94 -3 57.407427444999996 120.68817272097851 0
98 98 0 57.644292879999995 121.3298728222125 0
97 99 2 57.79174449999999 121.75251616849 0
99 100 1 57.731556205 121.57762616374448 0
99 101 2 57.801155845 121.7801739246107 0
101 110 9 58.26581698 123.27279616965514 0
103 116 13 58.46859762 124.02641874738265 0
109 106 -3 57.46366449999999 120.83677141159001 0
108 107 -1 57.61365472 121.24442733868545 0
108 105 -3 57.435065124999994 120.76092694185876 0
109 100 -9 57.073036179999995 119.84570700976569 0
108 105 -3 57.480731125 120.88230795338876 0
105 102 -3 57.431620179999996 120.7518296872417 0
108 104 -4 57.37612161999999 120.60638748627466 0
105 106 1 57.730491279999995 121.5745620637741 0
106 103 -3 57.46366449999999 120.83677141159001 0
108 105 -3 57.451104645 120.8033922902011 0
106 112 6 58.013625444999995 122.429239646453 0
108 119 11 58.299634319999996 123.39322362182978 0
113 114 1 57.709127679999995 121.51330919047169 0
113 107 -6 57.29034844499999 120.38557510864553 0
114 109 -5 57.35512552 120.55189968410818 0
111 111 0 57.664944645 121.38791000448143 0
111 110 -1 57.60705777999999 121.22613016251992 0
114 109 -5 57.32697447999999 120.47929179303489 0
113 107 -6 57.27965927999999 120.35838087484609 0
112 109 -3 57.46024280499999 120.82766682307094 0
111 110 -1 57.61145698 121.23832779356489 0
112 106 -6 57.26894500499999 120.33119265039778 0
113 114 1 57.70269442 121.49494403171897 0
110 120 10 58.26223122 123.26013900462745 0
116 109 -7 57.21740799999999 120.20137257472001 0
116 104 -12 56.85486449999999 119.32836123009001 0
112 102 -10 56.953668205 119.55984757640354 0
107 96 -11 56.834103219999996 119.28027615314345 0
102 101 -1 57.56279298 121.10425864877112 0
101 99 -2 57.53599602 121.03122434698585 0
102 98 -4 57.37844832 120.61244342155777 0
102 98 -4 57.408582579999994 120.69120307256729 0
101 96 -5 57.325797644999994 120.47626748924242 0
102 98 -4 57.379611204999996 120.61547152104804 0
100 113 13 58.489067244999994 124.1070879803709 0
101 118 17 58.66382980499999 124.83777209185858 0
111 102 -9 57.04813858 119.78549603741129 0
106 107 1 57.701621124999996 121.49188364703876 0
103 104 1 57.723028125 121.55311726734377 0
106 100 -6 57.261788204999995 120.31307044697104 0
105 103 -2 57.530390845 121.0160169587532 0
104 99 -5 57.29864488 120.40673041045953 0
106 100 -6 57.276090645 120.3493174715566 0
104 100 -4 57.38077378 120.61849970865593 0
103 98 -5 57.314012244999994 120.44602885618411 0
103 98 -5 57.332854004999994 120.49441452643323 0
102 108 6 58.040921804999996 122.51636544878944 0
102 108 6 58.06316199999999 122.58804417736 0
109 103 -6 57.25820562 120.30401031584665 0
104 98 -6 57.198085119999995 120.15309912203264 0
105 96 -9 57.036894204999996 119.75840679708247 0
103 96 -7 57.1567605 120.05057078937001 0
99 100 1 57.72089300499999 121.54699143238578 0
99 95 -4 57.398175204999994 120.66393320831348 0
102 97 -5 57.266560645 120.32515162681092 0
99 98 -1 57.566130044999994 121.11339252725273 0
99 95 -4 57.398175204999994 120.66393320831348 0
100 93 -7 57.14943072 120.03248463481344 0
99 102 3 57.887784204999996 122.03891766428498 0
97 105 8 58.18116512499999 122.97944370507876 0
105 105 0 57.664944645 121.38791000448143 0
100 97 -3 57.471637605 120.85801896189363 0
104 95 -9 57.02311698 119.72530228750489 0
103 94 -9 57.033140499999995 119.74937780467002 0
99 99 0 57.653001999999994 121.35430389416001 0
97 96 -1 57.604856319999996 121.22003207397377 0
101 98 -3 57.45339104499999 120.80946033047971 0
99 99 0 57.69409938 121.47046473376153 0
100 101 1 57.718756645 121.54086615046292 0
101 103 2 57.769687045 121.6880282075258 0
102 108 6 58.07278049999999 122.61924064893 0
104 109 5 58.016561679999995 122.43856754824769 0
108 106 -2 57.52702402 121.00689384409017 0
108 101 -7 57.166516179999995 120.07468888687433 0
108 98 -10 56.920511444999995 119.48166668724652 0
106 95 -11 56.83800200499999 119.28929178204524 0
102 103 1 57.703767404999994 121.49800455187234 0
99 100 1 57.708056244999995 121.51024799049462 0
105 99 -6 57.208964005 120.18025091017428 0
100 101 1 57.708056244999995 121.51024799049462 0
100 99 -1 57.61365472 121.24442733868545 0
104 96 -8 57.1076845 119.93003380069001 0
102 106 4 57.930278124999994 122.16871866859375 0
101 108 7 58.121352644999995 122.77864964371491 0
109 107 -2 57.523654404999995 120.99777171272719 0
104 101 -3 57.471637605 120.85801896189363 0
106 97 -9 57.0080445 119.68919375901001 0
106 93 -13 56.68922112 118.94976327512066 0
102 99 -3 57.4178125 120.71544921875001 0
97 97 0 57.631192 121.29324138304001 0
101 96 -5 57.264175044999995 120.3191108927723 0
98 97 -1 57.61365472 121.24442733868545 0
98 95 -3 57.44309248 120.78215723634689 0
100 92 -8 57.086677005 119.87883086057728 0
99 100 1 57.697324845 121.47964345977232 0
97 112 15 58.572141404999996 124.44452529945418 0
102 101 -1 57.625720124999994 121.27798359761627 0
101 98 -3 57.46594408 120.84284163739329 0
101 93 -8 57.094101644999995 119.8969008565621 0
100 91 -9 56.99923160499999 119.66813298342038 0
97 94 -3 57.431620179999996 120.7518296872417 0
95 89 -6 57.18232684499999 120.11388885697882 0
96 92 -4 57.321087205 120.46417107823454 0
94 95 1 57.744311124999996 121.61440632224875 0
93 98 5 58.009706124999994 122.41680503501377 0
96 86 -10 56.885857619999996 119.40049776696264 0
96 92 -4 57.356294604999995 120.55492605565664 0
94 95 1 57.750671845 121.63280404444382 0
92 99 7 58.130782045 122.80996768622921 0
95 93 -2 57.473912844999994 120.8640905991317 0
96 90 -6 57.15431848 120.04454184302912 0
97 87 -10 56.88971920499999 119.40951568194004 0
94 92 -2 57.472775379999995 120.86105472981752 0
92 87 -5 57.23905137999999 120.25570033707353 0
94 87 -7 57.06309202 119.82162047023385 0
92 86 -6 57.20775648 120.17723378892289 0
90 86 -4 57.329327219999996 120.48534064301545 0
90 86 -4 57.345761679999995 120.52769174631233 0
90 93 3 57.868381119999995 121.98029420440065 0
90 99 9 58.308459219999996 123.42497119222857 0
93 92 -1 57.56279298 121.10425864877112 0
93 89 -4 57.351616404999994 120.54282107686669 0
94 88 -6 57.14943072 120.03248463481344 0
93 85 -8 57.021862645 119.72229302858491 0
92 87 -5 57.29627601999999 120.40068565691418 0
91 85 -6 57.123688605 119.96919887725738 0
90 87 -3 57.437360205 120.76699225791154 0
90 85 -5 57.251032079999995 120.28589197265472 0
89 86 -3 57.39006322 120.64272840141658 0
90 84 -6 57.168952 120.08071899584002 0
89 90 1 57.71982498 121.54392872237689 0
89 99 10 58.35903232 123.60957976551424 0
91 83 -8 57.003010419999995 119.67715880683097 0
92 83 -9 56.87554641999999 119.37645095328297 0
90 82 -8 56.93711602 119.52075471204586 0
89 83 -6 57.118769844999996 119.95714714625271 0
86 84 -2 57.522530579999994 120.99473122001929 0
87 79 -8 56.908985279999996 119.45460839275009 0
88 79 -9 56.850977805 119.31934494448595 0
86 80 -6 57.11753938 119.95413434490152 0
85 80 -5 57.208964005 120.18025091017428 0
86 79 -7 57.044393244999995 119.7764659090289 0
85 96 11 58.489881999999994 124.11031826824001 0
85 96 11 58.452082419999996 123.96200402630505 0
96 92 -4 57.367968405 120.58519446440134 0
87 86 -1 57.590516605 121.18040621060538 0
91 83 -8 57.029384005 119.74034918206574 0
93 82 -11 56.754222805 119.09698249156908 0
89 86 -3 57.435065124999994 120.76092694185876 0
88 79 -9 56.885857619999996 119.40049776696264 0
89 80 -9 56.87554641999999 119.37645095328297 0
87 84 -3 57.372629245 120.59730424013563 0
85 79 -6 57.11261441999999 119.94208366018105 0
87 78 -9 56.883281679999996 119.39448593432769 0
86 87 1 57.697324845 121.47964345977232 0
85 94 9 58.30493298 123.41226932844889 0
88 84 -4 57.29390592 120.39464120930305 0
88 81 -7 57.07179424499999 119.84269603187812 0
87 80 -7 57.089153124999996 119.88485399828126 0
88 80 -8 56.984088445 119.63203294543803 0
86 83 -3 57.3947005 120.65484489277002 0
86 80 -6 57.170169445 120.08373413891252 0
87 78 -9 56.885857619999996 119.40049776696264 0
86 80 -6 57.160421205 120.05961464035948 0
86 80 -6 57.08543847999999 119.87581936401088 0
86 78 -8 56.915391805 119.46964052061944 0
86 84 -2 57.475049999999996 120.86712657000001 0
85 91 6 58.116626319999995 122.76299826301377 0
87 86 -1 57.57723344499999 121.14384628810302 0
88 80 -8 56.94858080499999 119.54781846566958 0
87 78 -9 56.83670271999999 119.28628655661058 0
88 77 -11 56.718497619999994 119.01586128865738 0
86 81 -5 57.18960640499999 120.13198460134085 0
85 81 -4 57.346933244999995 120.5307174450364 0
85 81 -4 57.318730124999995 120.45812335293375 0
85 82 -3 57.393541645 120.6518156349696 0
86 79 -7 57.016842204999996 119.71025638741705 0
86 77 -9 56.858748405 119.33737767903868 0
86 87 1 57.726228479999996 121.56230705958913 0
85 84 -1 57.53823591999999 121.03730807509697 0
89 83 -6 57.155539645 120.0475562875436 0
86 78 -8 56.97776561999999 119.61699275391337 0
86 77 -9 56.809346125 119.22318023272626 0
87 74 -13 56.452384499999994 118.42680392919002 0
85 80 -5 57.17625201999999 120.09881074672617 0
85 79 -6 57.14943072 120.03248463481344 0
85 77 -8 56.966365005 119.58992252984224 0
84 78 -6 57.135963804999996 119.99933194132008 0
84 79 -5 57.165297804999994 120.07167392065344 0
85 75 -10 56.743661124999996 119.07294630443876 0
85 82 -3 57.432768804999995 120.75486200973758 0
84 78 -6 57.096574045 119.90292457976072 0
86 77 -9 56.89357799999999 119.41853380008001 0
84 80 -4 57.259400125 120.30703028809626 0
84 78 -6 57.084199645 119.87280791541642 0
85 75 -10 56.722478245 119.0248746567714 0
85 80 -5 57.19929512499999 120.15611573300876 0
84 80 -4 57.264175044999995 120.3191108927723 0
85 82 -3 57.37379368 120.60033190149568 0
85 88 3 57.859151125 121.95254559765127 0
85 86 1 57.75384802 121.64200483176185 0
88 83 -5 57.21740799999999 120.20137257472001 0
87 92 5 58.032174479999995 122.48834467912513 0
88 90 2 57.850925605 121.92789104554814 0
93 90 -3 57.46138368 120.83070158610434 0
90 85 -5 57.245045604999994 120.27079528689438 0
91 87 -4 57.31519218 120.44905236154969 0
91 82 -9 56.883281679999996 119.39448593432769 0
90 84 -6 57.14698498 120.0264563703169 0
89 82 -7 57.044393244999995 119.7764659090289 0
87 84 -3 57.38542097999999 120.63061334354089 0
87 84 -3 57.43047124499999 120.74879746023713 0
87 83 -4 57.283225124999994 120.36744494584126 0
88 83 -5 57.247441124999995 120.27683375173876 0
87 91 4 57.95630984499999 122.24922237962983 0
87 92 5 58.007744605 122.41058883675338 0
91 93 2 57.79383808 121.75866128764929 0
89 86 -3 57.428172444999994 120.7427332920465 0
92 84 -8 56.99923160499999 119.66813298342038 0
92 82 -10 56.791032445 119.18111248531352 0
89 83 -6 57.170169445 120.08373413891252 0
88 82 -6 57.155539645 120.0475562875436 0
87 84 -3 57.420116879999995 120.72151168726849 0
87 85 -2 57.51578111999999 120.97649053863937 0
87 87 0 57.662776045 121.3817986413528 0
88 83 -5 57.236651519999995 120.24966283862017 0
89 95 6 58.113786805 122.75360986777308 0
88 103 15 58.68973138 124.95329375565353 0
97 100 3 57.83958312 121.89400759062337 0
92 87 -5 57.284413119999996 120.37046645198336 0
95 89 -6 57.198085119999995 120.15309912203264 0
95 84 -11 56.751584245 119.09097341487062 0
90 88 -2 57.53375488 121.02514106114049 0
90 85 -5 57.22944449999999 120.23155197699 0
90 86 -4 57.369134079999995 120.58822177820673 0
90 86 -4 57.341072319999995 120.51558978343425 0
89 85 -4 57.292720405 120.39161909981318 0
90 85 -5 57.285600804999994 120.37348803297044 0
89 94 5 58.01851762 122.44478707724265 0
89 105 16 58.72894887999999 125.13228519667649 0
93 89 -4 57.37612161999999 120.60638748627466 0
93 89 -4 57.369134079999995 120.58822177820673 0
93 88 -5 57.27847004499999 120.35535966644522 0
92 86 -6 57.127374419999995 119.97823823197898 0
89 86 -3 57.398175204999994 120.66393320831348 0
90 84 -6 57.137189619999994 120.00234554581866 0
89 84 -5 57.270136719999996 120.33421327118145 0
89 90 1 57.713410319999994 121.52555535658178 0
88 89 1 57.76547012499999 121.67575212263375 0
90 90 0 57.643202845 121.32681950975082 0
90 97 7 58.15141760499999 122.87893981048387 0
91 107 16 58.696330405 124.98306129799934 0
96 92 -4 57.324620499999995 120.47324326603001 0
97 92 -5 57.286788179999995 120.37650968896634 0
96 88 -8 57.021862645 119.72229302858491 0
94 87 -7 57.05811249999999 119.80957828625002 0
91 91 0 57.642112499999996 121.32376632375001 0
91 87 -4 57.29864488 120.40673041045953 0
93 89 -4 57.33050312499999 120.48836518953125 0
91 94 3 57.90403684499999 122.0883307959037 0
90 91 1 57.744311124999996 121.61440632224875 0
94 88 -6 57.14943072 120.03248463481344 0
92 97 5 57.992007805 122.36088565665594 0
92 95 3 57.906062844999994 122.09451043135832 0
99 94 -5 57.259400125 120.30703028809626 0
94 95 1 57.717687999999995 121.53780371648001 0
95 96 1 57.726228479999996 121.56230705958913 0
97 91 -6 57.218613045 120.20439021673371 0
98 89 -9 56.99923160499999 119.66813298342038 0
96 88 -8 57.04064511999999 119.76743616372737 0
93 94 1 57.714480204999994 121.52861724047904 0
92 99 7 58.188552404999996 123.00460370292268 0
95 97 2 57.776003124999995 121.70644671203127 0
95 92 -3 57.416659845 120.71241812486019 0
96 98 2 57.78755362 121.74022771970937 0
96 102 6 58.092878445 122.68481694576802 0
99 99 0 57.67252497999999 121.40930387078313 0
99 96 -3 57.46366449999999 120.83677141159001 0
99 95 -4 57.344589805 120.52466613095395 0
100 92 -8 57.031888644999995 119.7463682229306 0
98 98 0 57.632285444999994 121.29629331344452 0
96 94 -2 57.546065805 121.05860462525457 0
99 93 -6 57.23905137999999 120.25570033707353 0
97 95 -2 57.54718311999999 121.06164743641665 0
96 95 -1 57.580558419999996 121.15298468317306 0
98 93 -5 57.31047057999999 120.43695881308074 0
97 101 4 57.93931282 122.19657208262825 0
96 110 14 58.55247778 124.36313211983993 0
102 98 -4 57.36446952 120.57611304120385 0
101 101 0 57.658435125 121.36957746670876 0
100 97 -3 57.438507279999996 120.77002506032193 0
100 93 -7 57.12491752 119.97221194222786 0
100 100 0 57.634471405 121.30239754888417 0
97 97 0 57.629004179999995 121.28713789604234 0
102 98 -4 57.33872578 120.50953929891209 0
98 100 2 57.82923921999999 121.86322091688857 0
98 104 6 58.06219844499999 122.5849255970445 0
102 100 -2 57.495465779999996 120.92179159818792 0
103 108 5 57.992007805 122.36088565665594 0
102 110 8 58.15981617999999 122.90718469668569 0
109 108 -1 57.61475312499999 121.24747729421877 0
107 101 -6 57.23905137999999 120.25570033707353 0
108 98 -10 56.99292738 119.65309067552954 0
106 97 -9 57.029384005 119.74034918206574 0
102 103 1 57.70269442 121.49494403171897 0
100 102 2 57.832345645 121.8724552826216 0
105 98 -7 57.18960640499999 120.13198460134085 0
103 100 -3 57.476186844999994 120.87016264258632 0
101 98 -3 57.483001404999996 120.88838122335834 0
103 97 -6 57.254620245 120.29495082588262 0
102 105 3 57.83544927999999 121.8816910490061 0
100 118 18 58.709453124999996 125.04267326171876 0
106 98 -8 57.075519119999996 119.85172910470465 0
107 98 -9 57.01307361999999 119.70122931619065 0
102 96 -6 57.22703968 120.22551556332033 0
98 89 -9 56.99040352 119.64707400444418 0
95 96 1 57.736876179999996 121.59294876533433 0
96 93 -3 57.47049951999999 120.85498329519616 0
97 94 -3 57.438507279999996 120.77002506032193 0
95 93 -2 57.521406445 120.99169083591153 0
95 92 -3 57.424721919999996 120.73363775184897 0
96 90 -6 57.16773424499999 120.0777039118819 0
95 100 5 58.005781845 122.40437337505132 0
94 107 13 58.511763204999994 124.19763944355854 0
102 98 -4 57.35863184499999 120.5609790534387 0
97 102 5 57.99299368 122.36399073706433 0
98 100 2 57.776003124999995 121.70644671203127 0
101 96 -5 57.29627601999999 120.40068565691418 0
102 101 -1 57.570575125 121.12557264252877 0
100 100 0 57.662776045 121.3817986413528 0
103 99 -4 57.39122300499999 120.64575738945673 0
101 101 0 57.651914444999996 121.35124956411249 0
101 100 -1 57.584987379999994 121.16517085038953 0
103 98 -5 57.323443045 120.4702191232338 0
103 107 4 57.928267004999995 122.16253091017978 0
101 108 7 58.094785404999996 122.69106685036567 0
109 108 -1 57.604856319999996 121.22003207397377 0
105 104 -1 57.61475312499999 121.24747729421877 0
107 100 -7 57.166516179999995 120.07468888687433 0
108 96 -12 56.775286644999994 119.1450560119046 0
104 102 -2 57.497727999999995 120.92786756608001 0
100 99 -1 57.590516605 121.18040621060538 0
103 102 -1 57.625720124999994 121.27798359761627 0
101 102 1 57.760191999999996 121.66041028096001 0
103 99 -4 57.39006322 120.64272840141658 0
104 98 -6 57.216202644999996 120.1983549983751 0
102 104 2 57.80428737999999 121.78939588357049 0
101 107 6 58.06316199999999 122.58804417736 0
106 106 0 57.63337858 121.29934536867128 0
104 99 -5 57.273710005 120.34327557145974 0
106 96 -10 56.976500124999994 119.61398481790377 0
103 95 -8 57.08543847999999 119.87581936401088 0
100 106 6 58.042862244999995 122.5225943691059 0
98 104 6 58.044801445 122.52882404957651 0
108 109 1 57.715549779999996 121.53167926165193 0
101 114 13 58.462831404999996 124.00386147392834 0
106 110 4 57.932288005 122.17490711244174 0
112 110 -2 57.552765044999994 121.0768631785798 0
110 116 6 58.03314764499999 122.49145734284761 0
112 119 7 58.10335137999999 122.7192012848865 0
118 123 5 57.934296644999996 122.1810962430346 0
118 118 0 57.638839604999994 121.31460752287414 0
121 112 -9 57.099045204999996 119.90894850074598 0
120 109 -11 56.99292738 119.65309067552954 0
116 114 -2 57.572795805 121.13166339338794 0
112 110 -2 57.514655125 120.97345080269126 0
117 110 -7 57.22703968 120.22551556332033 0
113 112 -1 57.61035764499999 121.23527820364993 0
111 111 0 57.641021845 121.3207132640462 0
115 110 -5 57.370299445 120.591249178655 0
113 115 2 57.8126245 121.81399443911002 0
113 121 8 58.120408 122.77551896128001 0
117 115 -2 57.572795805 121.13166339338794 0
119 112 -7 57.218613045 120.20439021673371 0
116 110 -6 57.304561604999996 120.42184364138788 0
114 108 -6 57.264175044999995 120.3191108927723 0
113 111 -2 57.543830244999995 121.05251933889012 0
112 107 -5 57.32697447999999 120.47929179303489 0
114 108 -6 57.254620245 120.29495082588262 0
110 111 1 57.711269619999996 121.51943199995866 0
109 106 -3 57.46936112499999 120.85194772956126 0
113 103 -10 57.020607999999996 119.71928380928 0
109 112 3 57.85812401999999 121.94946322074986 0
106 114 8 58.16540128 122.92602407214594 0
115 112 -3 57.45339104499999 120.80946033047971 0
111 106 -5 57.35863184499999 120.5609790534387 0
111 105 -6 57.287975245 120.3795314201349 0
110 103 -7 57.21379100499999 120.19232004203624 0
108 106 -2 57.56390564499999 121.1073031602141 0
107 102 -5 57.302195845 120.41579811727182 0
109 103 -6 57.265367999999995 120.32213122368 0
106 106 0 57.685484499999994 121.44599402219 0
105 103 -2 57.503378125 120.94305932609376 0
108 101 -7 57.198085119999995 120.15309912203264 0
105 112 7 58.12229698 122.78178052962488 0
104 107 3 57.8333805 121.87553371557001 0
115 111 -4 57.439654045 120.7730579592068 0
106 104 -2 57.53151249999999 121.01905821625002 0
108 106 -2 57.546065805 121.05860462525457 0
109 104 -5 57.337552044999995 120.50651418030672 0
107 109 2 57.76652482 121.67882092573576 0
108 104 -4 57.418964845 120.71848040616482 0
110 103 -7 57.19081858 120.13500077442873 0
107 103 -4 57.371464499999995 120.59427666591 0
105 101 -4 57.39701728 120.66090367927809 0
106 99 -7 57.175036125 120.09579530562377 0
105 107 2 57.827166719999994 121.85706544902146 0
103 108 5 58.015583244999995 122.43545806225362 0
109 112 3 57.828203124999995 121.86014310546877 0
106 105 -1 57.570575125 121.12557264252877 0
110 103 -7 57.19929512499999 120.15611573300876 0
108 108 0 57.685484499999994 121.44599402219 0
105 109 4 57.94332017999999 122.20895586431834 0
111 103 -8 57.100280319999996 119.91196053581825 0
109 104 -5 57.356294604999995 120.55492605565664 0
105 108 3 57.8333805 121.87553371557001 0
106 98 -8 57.11753938 119.95413434490152 0
110 98 -12 56.817176245 119.24120998597212 0
103 105 2 57.825092979999994 121.85091060038889 0
100 109 9 58.270292205 123.28862278419298 0
107 104 -3 57.46138368 120.83070158610434 0
105 98 -7 57.133511244999994 119.99330489622962 0
105 96 -9 56.986615404999995 119.63804926379568 0
101 94 -7 57.172603405 120.08976460305618 0
98 100 2 57.77495121999999 121.70337659528745 0
97 94 -3 57.42587240499999 120.73666950385484 0
101 95 -6 57.193242 120.14103330696001 0
97 96 -1 57.608158044999996 121.2291793882913 0
96 95 -1 57.583880605 121.16212413233065 0
98 94 -4 57.393541645 120.6518156349696 0
97 111 14 58.520612979999996 124.23327235489114 0
97 116 19 58.81013727999999 125.52000603080194 0
112 102 -10 56.956210045 119.56586231571481 0
103 102 -1 57.567241779999996 121.11643738317609 0
100 100 0 57.653001999999994 121.35430389416001 0
102 96 -6 57.236651519999995 120.24966283862017 0
100 102 2 57.82094178 121.83860275558393 0
100 97 -3 57.41320001999999 120.70332540270218 0
104 94 -10 56.93328884499999 119.51173398219282 0
100 95 -5 57.311651444999995 120.4399820821135 0
97 93 -4 57.384259645 120.62758480182391 0
97 92 -5 57.31755112 120.45509960976065 0
97 98 1 57.75596391999999 121.64813940639297 0
95 97 2 57.838550125 121.89092822046626 0
100 99 -1 57.61145698 121.23832779356489 0
97 101 4 57.93128322 122.17181280475657 0
100 96 -4 57.37612161999999 120.60638748627466 0
102 91 -11 56.83800200499999 119.28929178204524 0
100 95 -5 57.302195845 120.41579811727182 0
96 93 -3 57.3947005 120.65484489277002 0
96 89 -7 57.10274962 119.91798475594138 0
95 90 -5 57.284413119999996 120.37046645198336 0
93 89 -4 57.37612161999999 120.60638748627466 0
93 90 -3 57.40396018 120.67908221785834 0
92 97 5 58.021449204999996 122.45411776571004 0
92 103 11 58.399249045 123.75978329754822 0
97 99 2 57.79802152 121.77095332206017 0
96 91 -5 57.29153458 120.3885970663153 0
98 90 -8 57.01055967999999 119.69521146131969 0
96 90 -6 57.166516179999995 120.07468888687433 0
93 94 1 57.713410319999994 121.52555535658178 0
92 88 -4 57.35979999999999 120.56400568000001 0
95 88 -7 57.113846124999995 119.94509625358626 0
92 90 -2 57.473912844999994 120.8640905991317 0
91 89 -2 57.48980480499999 120.90660350727109 0
92 88 -4 57.342245125 120.51861514967877 0
91 93 2 57.83958312 121.89400759062337 0
91 96 5 58.012646079999996 122.42613071631872 0
94 96 2 57.83958312 121.89400759062337 0
94 90 -4 57.349275444999996 120.53676909323701 0
96 87 -9 56.925626124999994 119.49369327797376 0
95 86 -9 56.976500124999994 119.61398481790377 0
92 88 -4 57.346933244999995 120.5307174450364 0
90 85 -5 57.273710005 120.34327557145974 0
90 87 -3 57.431620179999996 120.7518296872417 0
89 88 -1 57.59603808 121.19564453571073 0
89 89 0 57.61804648 121.25662789467714 0
90 86 -4 57.33872578 120.50953929891209 0
90 93 3 57.85812401999999 121.94946322074986 0
90 90 0 57.69409938 121.47046473376153 0
94 90 -4 57.322265279999996 120.46719506068993 0
91 91 0 57.621337045 121.26577959936422 0
91 90 -1 57.565017999999995 121.11034778632002 0
93 89 -4 57.33167872 120.49138981728257 0
92 96 4 57.92323378 122.14706450431592 0
92 91 -1 57.592726125 121.18650118371376 0
96 94 -2 57.50224872 120.94002076311745 0
93 94 1 57.7069845 121.50718692681001 0
94 92 -2 57.48640449999999 120.89749190021001 0
96 93 -3 57.46366449999999 120.83677141159001 0
94 113 19 58.831127845 125.6243903525267 0
95 96 1 57.726228479999996 121.56230705958913 0
110 95 -15 56.56789121999999 118.67933100660744 0
100 109 9 58.26223122 123.26013900462745 0
93 100 7 58.15141760499999 122.87893981048387 0
108 94 -14 56.650400125 118.86263194621625 0
101 95 -6 57.247441124999995 120.27683375173876 0
94 91 -3 57.452248 120.80642626112001 0
95 91 -4 57.332854004999994 120.49441452643323 0
96 96 0 57.63337858 121.29934536867128 0
94 95 1 57.76547012499999 121.67575212263375 0
97 93 -4 57.392382479999995 120.64878646725313 0
95 105 10 58.34865447999999 123.57131789015489 0
95 112 17 58.696330405 124.98306129799934 0
107 99 -8 57.100280319999996 119.91196053581825 0
101 101 0 57.67144300499999 121.40624721282424 0
99 98 -1 57.567241779999996 121.11643738317609 0
100 93 -7 57.118769844999996 119.95714714625271 0
100 98 -2 57.54941681999999 121.06773339551977 0
97 96 -1 57.61475312499999 121.24747729421877 0
100 100 0 57.69194752 121.46434625417217 0
98 98 0 57.68656244499999 121.44905239443602 0
100 100 0 57.65734911999999 121.36652249534465 0
100 101 1 57.71982498 121.54392872237689 0
101 110 9 58.21699072 123.10222958649345 0
103 115 12 58.39755164499999 123.75338033609961 0
109 105 -4 57.405116245 120.6821122937879 0
108 105 -3 57.455676204999996 120.81552876517698 0
105 109 4 57.924241045 122.1501574444103 0
105 102 -3 57.428172444999994 120.7427332920465 0
111 109 -2 57.559453125 121.09512580078126 0
105 103 -2 57.55611048 121.08599397885888 0
109 110 1 57.724095219999995 121.55618039262058 0
106 107 1 57.757021404999996 121.65120690912585 0
108 106 -2 57.541593445 121.0464344993795 0
109 106 -3 57.455676204999996 120.81552876517698 0
106 116 10 58.28545 123.34247641 0
109 113 4 57.898966419999994 122.07288462861705 0
117 111 -6 57.30337888 120.4188208405965 0
110 106 -4 57.38077378 120.61849970865593 0
109 105 -4 57.388903125 120.63969950296875 0
110 101 -9 57.01809778 119.71326548885993 0
107 107 0 57.668195219999994 121.39707802261945 0
104 102 -2 57.55388049999999 121.07990666543 0
108 100 -8 57.137189619999994 120.00234554581866 0
105 102 -3 57.47959552 120.87927147229185 0
101 101 0 57.64647202 121.33597982717384 0
105 102 -3 57.421268604999995 120.72454306222488 0
103 105 2 57.818864319999996 121.83244975678977 0
103 113 10 58.30493298 123.41226932844889 0
107 103 -4 57.421268604999995 120.72454306222488 0
110 103 -7 57.166516179999995 120.07468888687433 0
105 101 -4 57.38077378 120.61849970865593 0
102 100 -2 57.48980480499999 120.90660350727109 0
103 99 -4 57.41320001999999 120.70332540270218 0
102 96 -6 57.24145 120.26173811000001 0
102 99 -3 57.439654045 120.7730579592068 0
100 100 0 57.67252497999999 121.40930387078313 0
101 99 -2 57.550533204999994 121.07077654378854 0
101 98 -3 57.43391712 120.75789442788864 0
101 110 9 58.245131125 123.20006722895127 0
100 111 11 58.330385844999995 123.50444419320182 0
112 101 -11 56.88971920499999 119.40951568194004 0
105 100 -5 57.29390592 120.39464120930305 0
100 98 -2 57.539355404999995 121.04035010541185 0
101 97 -4 57.37612161999999 120.60638748627466 0
100 98 -2 57.519157244999995 120.9856103928409 0
100 96 -4 57.40396018 120.67908221785834 0
100 101 1 57.716619044999995 121.5347414202643 0
99 99 0 57.632285444999994 121.29629331344452 0
102 98 -4 57.346933244999995 120.5307174450364 0
100 96 -4 57.36680242 120.58216723707497 0
99 103 4 57.960296125 122.26161803097627 0
99 108 9 58.250543244999996 123.21902841826112 0
105 100 -5 57.285600804999994 120.37348803297044 0
103 97 -6 57.23905137999999 120.25570033707353 0
101 97 -4 57.367968405 120.58519446440134 0
99 94 -5 57.27965927999999 120.35838087484609 0
99 98 -1 57.61804648 121.25662789467714 0
98 94 -4 57.337552044999995 120.50651418030672 0
100 97 -3 57.47959552 120.87927147229185 0
97 99 2 57.824055645 121.84783340787592 0
98 97 -1 57.620240499999994 121.26272890817 0
100 96 -4 57.386582004999994 120.63364197419477 0
99 106 7 58.123241005 122.78491161917378 0
99 110 11 58.37794242 123.67981895855496 0
108 99 -9 57.051881124999994 119.79452655329877 0
103 104 1 57.73793924499999 121.59601370714691 0
100 99 -1 57.59603808 121.19564453571073 0
103 98 -5 57.319908819999995 120.46114717570377 0
102 101 -1 57.61145698 121.23832779356489 0
99 96 -3 57.4178125 120.71544921875001 0
103 97 -6 57.22222632 120.21344353842625 0
99 100 1 57.760191999999996 121.66041028096001 0
98 100 2 57.781257999999994 121.72179950072001 0
102 99 -3 57.437360205 120.76699225791154 0
100 107 7 58.113786805 122.75360986777308 0
100 112 12 58.416154844999994 123.82386906809481 0
108 103 -5 57.356294604999995 120.55492605565664 0
106 104 -2 57.552765044999994 121.0768631785798 0
104 102 -2 57.53599602 121.03122434698585 0
104 101 -3 57.480731125 120.88230795338876 0
105 104 -1 57.58941138 121.1773589020265 0
104 102 -2 57.51803217999999 120.98257033355033 0
106 103 -3 57.431620179999996 120.7518296872417 0
104 103 -1 57.579450404999996 121.14993843458069 0
104 102 -2 57.496597045 120.9248295297183 0
105 101 -4 57.412046124999996 120.70029468127376 0
104 110 6 58.02242577999999 122.45722836784793 0
104 114 10 58.297865619999996 123.38687693812665 0
110 109 -1 57.608158044999996 121.2291793882913 0
108 105 -3 57.477323379999994 120.87319881705449 0
108 103 -5 57.341072319999995 120.51558978343425 0
107 101 -6 57.27965927999999 120.35838087484609 0
106 102 -4 57.420116879999995 120.72151168726849 0
104 103 -1 57.575015244999996 121.1377546081424 0
105 103 -2 57.52702402 121.00689384409017 0
105 103 -2 57.50902049999999 120.95825373147002 0
105 103 -2 57.498858645 120.93090570743692 0
105 104 -1 57.60044968 121.2078373442797 0
105 111 6 58.0146045 122.43234876171002 0
106 112 6 58.045770579999996 122.53193917527929 0
110 103 -7 57.18960640499999 120.13198460134085 0
109 106 -3 57.496597045 120.9248295297183 0
105 104 -1 57.584987379999994 121.16517085038953 0
106 102 -4 57.36213538 120.57005918928249 0
106 108 2 57.771793644999995 121.69416712409442 0
103 104 1 57.699473604999994 121.48576328344238 0
109 105 -4 57.39006322 120.64272840141658 0
105 103 -2 57.559453125 121.09512580078126 0
104 104 0 57.67684978 121.42153181310809 0
106 102 -4 57.386582004999994 120.63364197419477 0
106 112 6 58.029253125 122.47900781671876 0
105 113 8 58.152352019999995 122.88207729411386 0
112 109 -3 57.452248 120.80642626112001 0
108 107 -1 57.592726125 121.18650118371376 0
107 104 -3 57.467083405 120.84587690082368 0
109 102 -7 57.21379100499999 120.19232004203624 0
107 107 0 57.65082658 121.34819536183673 0
105 102 -3 57.44767272 120.79429096645057 0
108 103 -5 57.35746338 120.55795251204553 0
105 104 -1 57.579450404999996 121.14993843458069 0
104 103 -1 57.569464319999994 121.12252744065026 0
106 102 -4 57.39933282 120.66696282808826 0
104 108 4 57.900995519999995 122.07906259554817 0
104 113 9 58.25144417999999 123.2221894079777 0
109 103 -6 57.24863841999999 120.27985308872697 0
110 104 -6 57.23905137999999 120.25570033707353 0
104 102 -2 57.55611048 121.08599397885888 0
103 101 -2 57.552765044999994 121.0768631785798 0
104 105 1 57.726228479999996 121.56230705958913 0
103 102 -1 57.58941138 121.1773589020265 0
106 106 0 57.662776045 121.3817986413528 0
104 108 4 57.915164499999996 122.12232709741002 0
106 103 -3 57.45453377999999 120.8124944984441 0
108 107 -1 57.621337045 121.26577959936422 0
104 111 7 58.09383208 122.6879417987053 0
108 118 10 58.26581698 123.27279616965514 0
110 106 -4 57.41089192 120.69726405255105 0
115 104 -11 56.90385447999999 119.44258314200513 0
108 101 -7 57.21017122 120.18326809594745 0
103 103 0 57.666028479999994 121.39096588057089 0
102 105 3 57.895920445 122.06361892490202 0
105 99 -6 57.252228445 120.288911519922 0
107 102 -5 57.33520364499999 120.5004641895881 0
102 103 1 57.72729464499999 121.5653706016086 0
102 103 1 57.7069845 121.50718692681001 0
104 102 -2 57.51690680499999 120.97953038220444 0
103 105 2 57.827166719999994 121.85706544902146 0
104 111 7 58.104301604999996 122.72232833279038 0
107 105 -2 57.51578111999999 120.97649053863937 0
109 104 -5 57.31283199999999 120.44300542976 0
106 102 -4 57.381936044999996 120.6215279845453 0
104 98 -6 57.206548645 120.17421673202942 0
105 101 -4 57.40164711999999 120.67302234051137 0
101 97 -4 57.39006322 120.64272840141658 0
102 98 -4 57.39122300499999 120.64575738945673 0
100 101 1 57.711269619999996 121.51943199995866 0
99 100 1 57.731556205 121.57762616374448 0
102 99 -3 57.462524245 120.8337364488894 0
101 105 4 57.91112242 122.10996245281497 0
101 104 3 57.863256445 121.9648767057785 0
106 102 -4 57.38542097999999 120.63061334354089 0
104 96 -8 57.061847605 119.81860985711388 0
102 93 -9 57.029384005 119.74034918206574 0
100 95 -5 57.295091125 120.39766339494875 0
96 101 5 57.995949444999994 122.37330706903502 0
97 94 -3 57.424721919999996 120.73363775184897 0
101 96 -5 57.282036819999995 120.36442351438025 0
96 97 1 57.715549779999996 121.53167926165193 0
96 95 -1 57.61035764499999 121.23527820364993 0
98 94 -4 57.372629245 120.59730424013563 0
97 102 5 57.994964499999995 122.37020144309001 0
96 107 11 58.390749645 123.72777863495392 0
103 98 -5 57.31755112 120.45509960976065 0
101 96 -5 57.31283199999999 120.44300542976 0
99 95 -4 57.384259645 120.62758480182391 0
97 94 -3 57.446528125 120.79125738765626 0
97 98 1 57.757021404999996 121.65120690912585 0
97 94 -3 57.428172444999994 120.7427332920465 0
100 93 -7 57.12491752 119.97221194222786 0
96 95 -1 57.566130044999994 121.11339252725273 0
94 92 -2 57.51578111999999 120.97649053863937 0
97 91 -6 57.19929512499999 120.15611573300876 0
95 101 6 58.067975125 122.60363998440876 0
93 104 11 58.407717444999996 123.79181338730852 0
103 97 -6 57.24145 120.26173811000001 0
97 94 -3 57.438507279999996 120.77002506032193 0
97 94 -3 57.407427444999996 120.68817272097851 0
96 93 -3 57.414353604999995 120.70635621700013 0
95 96 1 57.757021404999996 121.65120690912585 0
95 93 -2 57.506764479999994 120.95217565056514 0
98 93 -5 57.24624351999999 120.27381448451585 0
95 95 0 57.649738404999994 121.34514128716884 0
94 93 -1 57.59714144499999 121.198692558321 0
97 92 -5 57.266560645 120.32515162681092 0
95 99 4 57.974209044999995 122.30502509007181 0
94 100 6 58.0535125 122.55686705375001 0
101 98 -3 57.456818319999996 120.81856313084225 0
97 94 -3 57.44538322 120.78822390648345 0
98 96 -2 57.492070125 120.91267843094627 0
97 94 -3 57.408582579999994 120.69120307256729 0
97 97 0 57.68224880499999 121.43681970190494 0
96 92 -4 57.393541645 120.6518156349696 0
98 93 -5 57.29627601999999 120.40068565691418 0
96 95 -1 57.58609384499999 121.16821768622471 0
94 91 -3 57.44309248 120.78215723634689 0
97 92 -5 57.24624351999999 120.27381448451585 0
94 109 15 58.640571279999996 124.73576890009409 0
93 109 16 58.668297044999996 124.8575487562558 0
113 100 -13 56.7502645 119.08796888441002 0
99 97 -2 57.49998898 120.93394395395289 0
95 94 -1 57.59603808 121.19564453571073 0
98 96 -2 57.483001404999996 120.88838122335834 0
96 97 1 57.72729464499999 121.5653706016086 0
97 91 -6 57.208964005 120.18025091017428 0
98 92 -6 57.21017122 120.18326809594745 0
95 93 -2 57.51578111999999 120.97649053863937 0
93 93 0 57.638839604999994 121.31460752287414 0
95 92 -3 57.451104645 120.8033922902011 0
94 98 4 57.97321728 122.30192343048193 0
94 101 7 58.136424805 122.82876834670644 0
99 98 -1 57.56168000499999 121.10121425182724 0
98 92 -6 57.17138658 120.0867493412633 0
98 89 -9 56.98535208 119.63504108718529 0
95 90 -5 57.29982884499999 120.4097529023672 0
92 94 2 57.803243845 121.78632174626532 0
92 92 0 57.68116962 121.43376186008138 0
95 91 -4 57.39122300499999 120.64575738945673 0
93 91 -2 57.481866419999996 120.88534453702297 0
93 91 -2 57.52926888 121.01297581100353 0
93 90 -3 57.429322 120.74576532856001 0
93 97 4 57.945322 122.21514879544 0
92 104 12 58.490696445 124.11354882824152 0
98 95 -3 57.408582579999994 120.69120307256729 0
98 93 -5 57.27490048 120.34629648474113 0
95 92 -3 57.42702258 120.73970135053273 0
93 93 0 57.653001999999994 121.35430389416001 0
93 95 2 57.788601805 121.74329960862194 0
95 91 -4 57.37728512499999 120.60941541002126 0
96 93 -3 57.398175204999994 120.66393320831348 0
94 93 -1 57.621337045 121.26577959936422 0
94 91 -3 57.45910162 120.82463215962537 0
95 91 -4 57.386582004999994 120.63364197419477 0
94 97 3 57.846805405 121.91556758059818 0
93 100 7 58.133604819999995 122.81936709124425 0
98 97 -1 57.55833921999999 121.09208174635145 0
97 96 -1 57.57168562 121.12861796005338 0
97 93 -4 57.39701728 120.66090367927809 0
97 93 -4 57.34810449999999 120.53374322729002 0
96 95 -1 57.565017999999995 121.11034778632002 0
95 92 -3 57.431620179999996 120.7518296872417 0
96 91 -5 57.27965927999999 120.35838087484609 0
95 92 -3 57.42702258 120.73970135053273 0
93 93 0 57.625720124999994 121.27798359761627 0
94 92 -2 57.46822242 120.84891226482505 0
94 100 6 58.058341125 122.57245320730127 0
93 92 -1 57.580558419999996 121.15298468317306 0
101 93 -8 57.025624719999996 119.73132092484545 0
94 94 0 57.642112499999996 121.32376632375001 0
92 92 0 57.687640079999994 121.45211089969729 0
95 91 -4 57.344589805 120.52466613095395 0
94 94 0 57.68871740499999 121.45516953813768 0
93 92 -1 57.61365472 121.24442733868545 0
96 100 4 57.94332017999999 122.20895586431834 0
94 99 5 58.0146045 122.43234876171002 0
100 93 -7 57.099045204999996 119.90894850074598 0
97 92 -5 57.31755112 120.45509960976065 0
94 100 6 58.05061160499999 122.54751766502213 0
94 98 4 57.921218319999994 122.14087913459778 0
101 100 -1 57.61145698 121.23832779356489 0
96 95 -1 57.575015244999996 121.1377546081424 0
99 98 -1 57.579450404999996 121.14993843458069 0
98 95 -3 57.43047124499999 120.74879746023713 0
98 103 5 58.019495125 122.44789712057126 0
97 100 3 57.84164817999999 121.90016680142634 0
103 98 -5 57.314012244999994 120.44602885618411 0
99 101 2 57.783357779999996 121.72794164824009 0
97 99 2 57.814705679999996 121.8201455998637 0
102 95 -7 57.18596802 120.12293645282185 0
101 105 4 57.95930002 122.25851885413785 0
98 105 7 58.143931124999995 122.85384744154877 0
107 105 -2 57.54718311999999 121.06164743641665 0
101 100 -1 57.59824449999999 121.20174070051002 0
102 98 -4 57.353956124999996 120.54887339723626 0
103 98 -5 57.277280499999996 120.35233853207001 0
99 101 2 57.83027500499999 121.86629888344474 0
99 97 -2 57.507892645 120.9552146377826 0
102 101 -1 57.60265362 121.21393446833065 0
99 101 2 57.817825125 121.82937348772126 0
100 99 -1 57.587199999999996 121.17126464 0
102 98 -4 57.35278642 120.54584719487706 0
100 107 7 58.121352644999995 122.77864964371491 0
99 110 11 58.36764642 123.64149177235706 0
108 101 -7 57.193242 120.14103330696001 0
104 102 -2 57.52702402 121.00689384409017 0
100 105 5 57.96924711999999 122.28951857452864 0
101 100 -1 57.605957204999996 121.22308105780203 0
106 105 -1 57.565017999999995 121.11034778632002 0
102 100 -2 57.54941681999999 121.06773339551977 0
104 106 2 57.768633279999996 121.68495896801794 0
102 103 1 57.75173088 121.63587083048449 0
104 103 -1 57.5761245 121.14080038989002 0
104 101 -3 57.446528125 120.79125738765626 0
102 111 9 58.261334004999995 123.25697528514428 0
103 110 7 58.133604819999995 122.81936709124425 0
112 108 -4 57.42242001999999 120.72757453119786 0
106 102 -4 57.41089192 120.69726405255105 0
105 102 -3 57.456818319999996 120.81856313084225 0
105 99 -6 57.245045604999994 120.27079528689438 0
103 103 0 57.643202845 121.32681950975082 0
101 103 2 57.83131048 121.86937700530113 0
103 103 0 57.68332767999999 121.43987767608834 0
104 104 0 57.66060620499999 121.37568779586553 0
103 102 -1 57.587199999999996 121.17126464 0
105 103 -2 57.55388049999999 121.07990666543 0
103 110 7 58.085238204999996 122.65982525663898 0
104 115 11 58.32951249999999 123.50126239625001 0
109 109 0 57.645382604999995 121.33292626129888 0
110 105 -5 57.309289405 120.43393562249784 0
107 105 -2 57.539355404999995 121.04035010541185 0
104 103 -1 57.572795805 121.13166339338794 0
106 105 -1 57.59603808 121.19564453571073 0
105 103 -2 57.522530579999994 120.99473122001929 0
105 103 -2 57.55611048 121.08599397885888 0
104 105 1 57.747492879999996 121.62360454274753 0
104 99 -5 57.276090645 120.3493174715566 0
106 101 -5 57.285600804999994 120.37348803297044 0
101 106 5 58.017539805 122.44167721985607 0
100 115 15 58.553268044999996 124.3663844110213 0
107 103 -4 57.418964845 120.71848040616482 0
109 105 -4 57.420116879999995 120.72151168726849 0
103 104 1 57.70269442 121.49494403171897 0
102 97 -5 57.322265279999996 120.46719506068993 0
105 100 -5 57.32697447999999 120.47929179303489 0
99 98 -1 57.587199999999996 121.17126464 0
100 100 0 57.63774801999999 121.31155484107816 0
100 98 -2 57.522530579999994 120.99473122001929 0
100 95 -5 57.29034844499999 120.38557510864553 0
100 98 -2 57.540474579999994 121.04339224678473 0
97 105 8 58.168189645 122.93544660854641 0
99 109 10 58.298750125 123.39005016234626 0
103 103 0 57.67252497999999 121.40930387078313 0
104 101 -3 57.424721919999996 120.73363775184897 0
102 97 -5 57.27847004499999 120.35535966644522 0
100 96 -4 57.353956124999996 120.54887339723626 0
99 101 2 57.8022 121.78324776000001 0
97 97 0 57.64864992 121.34208733994497 0
102 97 -5 57.27251921999999 120.34025473154857 0
98 99 1 57.733685124999994 121.58375478354125 0
96 98 2 57.78650512499999 121.73715597937877 0
100 98 -2 57.505636005 120.94913676965373 0
99 107 8 58.19683938 123.03292517305849 0
98 110 12 58.432936645 123.88805785818542 0
107 103 -4 57.381936044999996 120.6215279845453 0
104 107 3 57.83958312 121.89400759062337 0
101 101 0 57.65734911999999 121.36652249534465 0
105 98 -7 57.17868288 120.10484180938752 0
103 105 2 57.764415119999995 121.67268346467264 0
98 102 4 57.906062844999994 122.09451043135832 0
105 103 -2 57.55388049999999 121.07990666543 0
102 106 4 57.907075379999995 122.09760050014249 0
101 105 4 57.95730688 122.25232102862849 0
106 102 -4 57.356294604999995 120.55492605565664 0
105 108 3 57.851954879999994 121.93097230781953 0
102 113 11 58.3728 123.66065088000002 0
108 106 -2 57.525901125 121.00385302459875 0
109 104 -5 57.33402898 120.49743931714713 0
104 103 -1 57.569464319999994 121.12252744065026 0
103 102 -1 57.582773519999996 121.15907753188417 0
104 108 4 57.902009604999996 122.08215182884163 0
103 103 0 57.649738404999994 121.34514128716884 0
108 107 -1 57.584987379999994 121.16517085038953 0
103 108 5 57.958303605 122.25541985340988 0
104 107 3 57.82923921999999 121.86322091688857 0
107 105 -2 57.504507219999994 120.94609799488458 0
105 112 7 58.11851778 122.76925820617993 0
105 117 12 58.382219244999995 123.69579923566562 0
112 113 1 57.747492879999996 121.62360454274753 0
111 110 -1 57.616949004999995 121.25357757205074 0
110 109 -1 57.629004179999995 121.28713789604234 0
109 104 -5 57.33167872 120.49138981728257 0
110 108 -2 57.52477792 121.00081231419905 0
106 104 -2 57.53375488 121.02514106114049 0
107 106 -1 57.583880605 121.16212413233065 0
105 103 -2 57.559453125 121.09512580078126 0
104 101 -3 57.473912844999994 120.8640905991317 0
105 103 -2 57.51578111999999 120.97649053863937 0
102 104 2 57.79383808 121.75866128764929 0
104 108 4 57.93730728 122.19038122943809 0
104 105 1 57.760191999999996 121.66041028096001 0
107 102 -5 57.29864488 120.40673041045953 0
105 100 -5 57.339899204999995 120.51256449989998 0
101 97 -4 57.33872578 120.50953929891209 0
101 104 3 57.84474344499999 121.90940679631052 0
99 101 2 57.776003124999995 121.70644671203127 0
104 102 -2 57.521406445 120.99169083591153 0
100 102 2 57.821980045 121.8416794856373 0
100 100 0 57.643202845 121.32681950975082 0
103 100 -3 57.44309248 120.78215723634689 0
101 107 6 58.077578124999995 122.63484619140625 0
100 112 12 58.422882445 123.84953214837651 0
107 104 -3 57.45910162 120.82463215962537 0
106 104 -2 57.510148044999994 120.96129293179122 0
102 102 0 57.66711200499999 121.39402188656229 0
102 100 -2 57.50111900499999 120.93698230579179 0
103 105 2 57.794884405 121.76173407149469 0
101 101 0 57.67036071999999 121.40319068558657 0
105 99 -6 57.21017122 120.18326809594745 0
102 101 -1 57.615851219999996 121.25052737195257 0
98 102 4 57.932288005 122.17490711244174 0
102 103 1 57.74537201999999 121.61747225366616 0
102 106 4 57.93831020499999 122.19347656969848 0
103 112 9 58.238802879999994 123.17795609610752 0
105 103 -2 57.492070125 120.91267843094627 0
110 105 -5 57.311651444999995 120.4399820821135 0
103 103 0 57.635563919999996 121.30544985424706 0
102 104 2 57.796976125 121.76788008853626 0
104 105 1 57.740064445 121.60214401357752 0
103 105 2 57.823018 121.84475636968001 0
105 105 0 57.651914444999996 121.35124956411249 0
105 105 0 57.65734911999999 121.36652249534465 0
105 101 -4 57.398175204999994 120.66393320831348 0
105 105 0 57.69194752 121.46434625417217 0
102 112 10 58.303168 123.40591981568001 0
105 117 12 58.394153124999995 123.74057745921876 0
110 108 -2 57.50224872 120.94002076311745 0
111 108 -3 57.472775379999995 120.86105472981752 0
105 104 -1 57.608158044999996 121.2291793882913 0
106 103 -3 57.492070125 120.91267843094627 0
105 108 3 57.82923921999999 121.86322091688857 0
103 103 0 57.634471405 121.30239754888417 0
108 102 -6 57.22944449999999 120.23155197699 0
103 104 1 57.708056244999995 121.51024799049462 0
100 102 2 57.821980045 121.8416794856373 0
104 101 -3 57.423571124999995 120.73060609435126 0
103 103 0 57.675769044999996 121.41847463062572 0
101 110 9 58.23517991999999 123.16532610093505 0
103 103 0 57.645382604999995 121.33292626129888 0
108 104 -4 57.36446952 120.57611304120385 0
102 103 1 57.762304179999994 121.66654658351769 0
101 99 -2 57.514655125 120.97345080269126 0
104 102 -2 57.546065805 121.05860462525457 0
100 97 -3 57.415506879999995 120.70938712433153 0
102 98 -4 57.367968405 120.58519446440134 0
99 100 1 57.730491279999995 121.5745620637741 0
97 99 2 57.79593042 121.76480700506906 0
101 99 -2 57.50902049999999 120.95825373147002 0
99 104 5 57.974209044999995 122.30502509007181 0
99 109 10 58.314618204999995 123.44720858720649 0
104 102 -2 57.530390845 121.0160169587532 0
106 102 -4 57.402803805 120.67605223348744 0
101 100 -1 57.580558419999996 121.15298468317306 0
100 98 -2 57.485270445 120.894454904788 0
101 97 -4 57.365636124999995 120.57914009606377 0
98 97 -1 57.59603808 121.19564453571073 0
98 96 -2 57.54494818 121.05556192613369 0
98 99 1 57.72196072 121.55005428065346 0
98 99 1 57.744311124999996 121.61440632224875 0
99 97 -2 57.548300125 121.06469035978375 0
99 104 5 58.004799999999996 122.40126592000001 0
98 108 10 58.29343844499999 123.371014340252 0
104 102 -2 57.546065805 121.05860462525457 0
104 100 -4 57.39701728 120.66090367927809 0
100 100 0 57.662776045 121.3817986413528 0
99 98 -1 57.56056672 121.09816996921856 0
101 104 3 57.849896019999996 121.92480994185416 0
99 98 -1 57.61365472 121.24442733868545 0
103 98 -5 57.3010125 120.41277547125001 0
99 97 -2 57.523654404999995 120.99777171272719 0
96 98 2 57.788601805 121.74329960862194 0
98 97 -1 57.582773519999996 121.15907753188417 0
98 102 4 57.95630984499999 122.24922237962983 0
98 109 11 58.353848979999995 123.59044440726713 0
102 99 -3 57.452248 120.80642626112001 0
105 98 -7 57.194453245 120.14404966673112 0
98 96 -2 57.53599602 121.03122434698585 0
96 97 1 57.72196072 121.55005428065346 0
97 99 2 57.776003124999995 121.70644671203127 0
97 95 -2 57.475049999999996 120.86712657000001 0
99 96 -3 57.435065124999994 120.76092694185876 0
96 97 1 57.730491279999995 121.5745620637741 0
96 95 -1 57.57723344499999 121.14384628810302 0
98 95 -3 57.444238004999995 120.78519052276829 0
96 102 6 58.05737601999999 122.56933559192585 0
96 103 7 58.154219919999996 122.88835288818497 0
102 99 -3 57.432768804999995 120.75486200973758 0
100 91 -9 56.946035245 119.54180409162512 0
97 96 -1 57.569464319999994 121.12252744065026 0
93 95 2 57.842680245 121.9032466423999 0
94 98 4 57.925247999999996 122.15325055488 0
95 92 -3 57.44767272 120.79429096645057 0
96 95 -1 57.60044968 121.2078373442797 0
94 95 1 57.732620819999994 121.58069040361225 0
94 92 -2 57.498858645 120.93090570743692 0
96 91 -5 57.30337888 120.4188208405965 0
